0.00592160857448254,0.0106711686136739,-0.0811455049397105,0.0173669213992058,0.0303347572143488,0.0346423412772828,0.230834463266642,-0.0093932695869758,0.00699655589418994
0.00698970635068527,0.0316202424905935,-0.0650895819184261,0.025958714665829,0.0318478381411193,0.0169741729221462,0.246763109069853,-0.00372065905227035,-0.00256689682918411
0.0038992926444127,0.0164428343049325,-0.0442163984056125,0.0285663891654759,0.0305754842009125,0.00768903885449921,0.243525111648853,-0.00267044236725315,-0.0021815631248271
0.00343990239595549,0.0302200588656552,-0.00343602457279928,0.017286198489224,0.0477603131092766,-0.0125453200723168,0.234854288986264,-0.00871630510029856,0.000352897165693436
0.00374008280529779,0.0432904782435863,0.0331459659525694,0.00710068885884344,0.0800410840210636,-0.0341217721061407,0.215799501508081,-0.0147461471494363,0.00438468696292089
-0.00746153075726061,0.0497921912141689,0.0477119010179791,-0.000681129517087079,0.114297508598786,-0.0423690137742549,0.197769754498043,-0.0182057748276911,0.0192323657642679
-0.00408724311935682,0.0580842719982602,0.0622178203813126,-0.00568364659794656,0.134054155388295,-0.0508049881900867,0.184371531424841,-0.025086050187413,0.0185986976781393
0.0125901764269435,0.00675909450223658,0.0624622449703392,-0.0166521501713376,0.15594322800778,-0.0397978864566112,0.145189711694534,-0.045139100621818,0.0163693789833551
0.0141229138833322,-0.0274992243324775,0.0548378675021432,-0.0200817963509405,0.158764183355278,-0.0348427669970266,0.116863473123345,-0.0573143752036932,0.0176401084133334
0.0206074232475263,-0.0347479110328345,0.0512635199220624,-0.0158513472117579,0.168471016361537,-0.0270431311657424,0.103822023214124,-0.0571066909872253,0.016851131947813
0.0255441212242005,-0.0460911449869577,0.0297513696512983,-0.0181442481552666,0.178859123616562,-0.00920948849725559,0.0829564270396721,-0.0655442220735601,0.0161732354575452
0.0338777124224718,-0.0545247313600845,0.000245798513013564,-0.0095707383551603,0.17385502705113,0.0119938337678547,0.0677736439507392,-0.066668834087505,0.0116447596637507
0.0373717232651974,-0.0550330204237784,-0.0189959817261693,-0.00306067378738409,0.17115851658046,0.0269310773607902,0.0524150951043658,-0.071916152703846,0.00645959772104023
0.0423197544241654,-0.0605697269092751,-0.0399045368719375,0.00227411099027724,0.172394593296987,0.0409941496555209,0.0412330321294268,-0.0699978908408155,0.00434046115717464
0.0465875694008405,-0.058088718040662,-0.0567057918431905,0.00997523353290554,0.181076857470719,0.0608320463374935,0.033443809243021,-0.0696050599482866,-0.000511698739332018
0.0486004646606706,-0.0519847273526399,-0.0702826636190213,0.0157985663784523,0.189876340874075,0.0730992394282705,0.0280597940726194,-0.0682040450676537,-0.00444336384394693
0.0489686396902712,-0.0480368562233649,-0.0862628742123045,0.0295480438271594,0.19468489839718,0.0824208243530386,0.0267506773424425,-0.0550378889394051,-0.00754190991819898
0.00843938129027971,0.00178908573581739,-0.0904197613068994,0.039420331496201,-0.0682051799224557,0.0152476268493215,0.202307658085633,-0.00557324377038279,0.00265774649544119
-0.000876115842742499,-0.00168304055465533,-0.0842490026472281,0.0416229764916313,-0.0644320387737578,0.00629305408442126,0.197905472555383,-0.00983290440057999,0.00773780855143079
-0.00228871133383599,-0.0124310394863847,-0.0587606205662195,0.0384326795587623,-0.0553352329609066,-0.00777056582690962,0.190579697775202,-0.00999513809661575,0.00584104257003779
-0.00586938940244281,0.00329832463966441,-0.0200641400363179,0.028209750232532,-0.0410038357312031,-0.0306928780766343,0.18197655797117,-0.0161070264502672,0.0106782437429986
-0.00583152392078716,0.00699442849358467,0.00934073241459266,0.0199166602529134,-0.0307485895815616,-0.0516175262290135,0.177732861679547,-0.0180470887908896,0.0142526396388159
-0.0148491912073028,0.0201559131689152,0.0449956974976419,0.00634721629440693,0.0314633503625094,-0.0666816798186423,0.146941009530675,-0.0258820537975947,0.0266229628603207
0.00177699830347965,-0.0391358742137753,0.04564022728773,0.00776321090256135,0.0273022973532357,-0.0724922117034945,0.102463116550586,-0.0424620064308469,0.0207606688260624
0.00907168804588002,-0.0576673215815036,0.0460130988467278,0.00226280840300114,0.0417374742651881,-0.069422410512151,0.0754781109413976,-0.0571458979885592,0.021178375955666
-0.00253122305635467,-0.0812621617637578,0.0407328173384582,-0.00156050047806291,0.0657198001077819,-0.0615269594673801,0.0492366533098253,-0.0640986291480528,0.0305327244466708
0.00337059736003867,-0.0894530917950327,0.0351448128531446,-0.00218397277799109,0.0764430431444407,-0.0544165376244652,0.0281618316474154,-0.0716803296865264,0.0283073412713956
0.00556085907057574,-0.0801182901093756,0.0139415018813441,-0.000288096280794778,0.0913645225361969,-0.0369124714543533,0.0174685709168582,-0.0737686376139836,0.0281152224967686
0.0122803674048146,-0.0707659272064526,-0.00965851204235219,0.00154865265533922,0.108321238155632,-0.0171035583924474,0.00562494062875825,-0.0738738917116566,0.0226497128861319
0.0166836304080571,-0.0685925364588313,-0.0339018890006412,0.00904968261318249,0.106580182248014,-0.000307973611719683,-0.00895480070319928,-0.0759872695963056,0.0207980742317064
0.0223674492577043,-0.0714945939481929,-0.0507145827077257,0.0133190429180653,0.112020030508579,0.0148191434794812,-0.0152227205026559,-0.0742642063436773,0.017959352705026
0.0239675418795333,-0.0672286671233439,-0.0750081017678655,0.0202079577619305,0.115452780956534,0.0337751887506461,-0.0208240311114707,-0.0735369411512496,0.0151980044817683
0.0283317739942057,-0.0666134467361202,-0.0907762590185575,0.021161554717332,0.12356194949224,0.0487178775362107,-0.0208721758896629,-0.0706834733844715,0.0130267488900315
0.0268235435360781,-0.0692326203859704,-0.0919247398999055,0.0257296804324036,0.124670972206727,0.0497931985535119,-0.0214986568950703,-0.067075072071922,0.00958197221097368
0.000756700910161036,-0.0311964256264249,-0.100289925483183,0.043791167255293,-0.135039709691043,0.0163033856907266,0.139787229026919,-0.0246105430174165,0.00718830137788579
-0.00189083203280631,-0.0106279042496363,-0.0756205592364985,0.0407872346666439,-0.122827593125976,-0.00114383489416987,0.137421709227267,-0.0312067682584822,0.00618664860786063
-0.00321643313439561,-0.028940079705963,-0.0466071716841134,0.0343557868796263,-0.1183811477626,-0.0156029380504452,0.131370488408205,-0.0327025586364641,0.00832569787438457
0.00322477828940369,-0.073638027711692,-0.0297743098590684,0.0293887711139904,-0.117043041824504,-0.0316326232080009,0.0959013334839051,-0.0480568614612692,0.00791894687494642
0.00723962167296723,-0.0982873641926618,-0.0158193488683133,0.0244289300720037,-0.116616615729018,-0.0472160622438598,0.0795470992911509,-0.0561972228682508,0.00968452220811258
0.0122537239842225,-0.091358161230527,0.0224909772750454,0.0169885313123626,-0.0677614158988783,-0.0683024919185058,0.0531602252245615,-0.0591983109214075,0.0100681861869367
0.0137443471749385,-0.0901633738007143,0.0353923154383319,0.0171728412733333,-0.0549775658907204,-0.0819943666951049,0.0406518479802775,-0.0605199282528683,0.0114302707875024
0.0125181756005943,-0.0862225886415195,0.0522140574987297,0.00882329617951989,-0.0296508408804272,-0.089744161039077,0.0226211840158689,-0.0676808584898979,0.0151875217594329
0.00181214149124627,-0.0973191343963421,0.0569362891148845,0.00331555902234816,0.00210621652736853,-0.0859589150102808,-0.000524932772489987,-0.0733642058839358,0.0235501878358949
0.00855742329080384,-0.0883689557001438,0.0491965621453476,0.00442284133783406,0.0159200551364491,-0.0829834749568447,-0.023522622167844,-0.0820815611811901,0.0207549920760066
-0.00507177888766985,-0.0623660541031097,0.0143066580168712,0.00397484661276661,0.0455500010230612,-0.0626202430603004,-0.039746857436332,-0.0889708341326891,0.0295228897690025
-0.000227018905406316,-0.0585325840355186,-0.015041508094517,0.0129468677212829,0.051563972305214,-0.0440999975779719,-0.0468343455796675,-0.0844790921000301,0.0253272791846842
0.00484616153535004,-0.0540497710259967,-0.0391994812306133,0.0201367573549447,0.0577236138880077,-0.0280983734093871,-0.0546555997915213,-0.0824974979612635,0.0209872221238723
0.00461051227401355,-0.0564324243772466,-0.0632551241430719,0.0258505801643466,0.0630742396229701,-0.0127241041639945,-0.0584181463747567,-0.0780571632687619,0.0232452268441374
0.00692623999928915,-0.0535752042614009,-0.0812102984024247,0.029493980463968,0.0727525367495623,0.00250329066908358,-0.0634194015371169,-0.075452898627854,0.0212650212329719
0.00954273562588124,-0.054433410711653,-0.0988646544966189,0.0323542962060245,0.0777154520947898,0.0206376915590034,-0.0626869042663116,-0.0714953046118426,0.0199752057833705
0.00935362169431846,-0.05678380373975,-0.105431492779294,0.0342432185576171,0.0822918392882173,0.0299190556755522,-0.059687885233195,-0.0670082710585823,0.0195693633852969
0.0126899952001517,-0.0814286026825575,-0.0976794891058176,0.0346282137827704,-0.16756742048534,0.0350080756032955,0.0580451847577256,-0.0603872352348264,0.00364802095619496
0.0174277301338535,-0.0842040573410353,-0.0782590842069088,0.0233120571698759,-0.167569398799747,0.0247545512670036,0.0476089942693259,-0.0683834859095487,0.010314545081596
0.0150452582058856,-0.0866406759596424,-0.0531123350007207,0.0207977234979834,-0.165640498141149,0.00848732316645148,0.0407939740107246,-0.073810886236549,0.01189860102516
0.0146506821560268,-0.0732387183660388,-0.0158122413764371,0.00919532878520668,-0.137357404682382,-0.0178978706470351,0.0316886162314028,-0.0756533076186038,0.0160016160595323
0.0160958326523654,-0.0681100836028281,0.00681848852680435,0.00732946346289295,-0.125788921327001,-0.0371458210156628,0.0256869557241728,-0.075444230967907,0.0153451236351958
0.00909575674548624,-0.0567685312571229,0.0264892392047142,0.0132366540105786,-0.0976338065184665,-0.0671075621403117,0.00998919323575586,-0.0755785837640164,0.0113354493825982
0.00948735796004101,-0.0618602164589237,0.0478489014530212,0.0139903611222185,-0.0821326459355773,-0.0824927648711563,-0.000467671186869353,-0.0747666660691857,0.0111213062709609
0.0115433596892572,-0.0592842911119444,0.0710454428069991,0.00573280481954167,-0.0515749087132242,-0.0963067450169353,-0.0233818072843761,-0.0807000599944639,0.0131439916644415
0.0139381010443449,-0.0721714697403311,0.0692271225824381,0.0068534916874949,-0.0400682441814409,-0.102389700778611,-0.041037281808337,-0.081654432619897,0.0130998247067415
0.0154085047301208,-0.0738754679214363,0.0622873227973386,0.0115052871697095,-0.0244724439626612,-0.0974726959885213,-0.0549528839610889,-0.0828247731728077,0.0105380806190446
-0.0101113266799396,-0.0346207159764892,0.018868260529954,0.0108871072138852,0.0121854683741861,-0.0811004267968786,-0.0702216514646297,-0.0894337312331557,0.0243959102325627
-0.00158010200577016,-0.0220911609890403,-0.00889541885266048,0.0174955278708825,0.0251898116959653,-0.0630293426962512,-0.0825285062749594,-0.0885880164317992,0.0204310848494518
0.00129566655408709,-0.0151024391387578,-0.0402826127983931,0.0275450224098121,0.0284035432245952,-0.0469636591944756,-0.0862357620944647,-0.0845003769921763,0.0157713187884088
0.00235673872065849,-0.0236749237423634,-0.0651856624167304,0.0363041403949468,0.0298962097437445,-0.0324526230672287,-0.0892139725533184,-0.0795805417532001,0.0156737688975676
-0.00432697968917928,-0.0265522933415775,-0.0851189958907324,0.0394513561427588,0.0402931525673927,-0.0158770813279387,-0.0968433822362545,-0.0765189347746341,0.0181872821354379
-0.00219094290328864,-0.0270733460206196,-0.10690648414571,0.0422664517103503,0.043472662541349,0.0029763325243101,-0.0912039791753957,-0.0688555458084304,0.0167173290580322
-0.000613365642542219,-0.0275704319964388,-0.123742008765036,0.0465725946722527,0.0485878514564844,0.0175023621702696,-0.085385906680781,-0.0590270666670253,0.0154911380850691
0.0323500677029464,-0.0926054600394643,-0.0669374560529632,0.00390670887977162,-0.167428648126521,0.0794754681615561,0.0110359409760747,-0.0839581024935607,0.0117779056663079
0.0313247950544857,-0.0835909873585483,-0.0564977210785388,0.00755598517275146,-0.162674867125493,0.0539171015750869,0.000700480543071601,-0.0875602732393752,0.00874160813795256
0.0265000629986424,-0.0576196199806209,-0.0356367882889772,0.000390762029604492,-0.155581767767541,0.0343474983082767,0.00143611973786547,-0.0889746121555587,0.0139657834291815
0.0251354263077539,-0.0335028809650479,-0.011009975915631,-0.00620057393438822,-0.142592523615029,0.0102266533680932,0.00654951742670232,-0.0874808628514114,0.0160881784757831
0.0267234436920499,-0.0234837865583798,0.0229819525936555,-0.00883971451365057,-0.117271132237236,-0.0195368083733663,-0.00965604206350896,-0.0875737580155912,0.0175946425524313
0.0188259326328675,-0.00701468031969071,0.0394293814307761,-0.002230978233525,-0.0953165753680158,-0.0494167772373196,-0.0227540677320385,-0.0902951726135522,0.0125631116217147
0.0227826441458428,-0.0174022157192851,0.0635173706412842,-0.00303038298362698,-0.077656188580539,-0.0642990681446906,-0.0329234329169996,-0.083432188878224,0.0154182717191055
0.0220887094539548,-0.0243203372266333,0.0880948747463517,-0.00604214122461081,-0.0534614572666468,-0.084770894501168,-0.0503486562815217,-0.082093123818639,0.0180292857629865
0.00681538522656987,-0.00294542606803145,0.0811797297930824,0.0110506715048756,-0.035689523004687,-0.10475437130086,-0.0474816592532197,-0.0728467873282365,0.0110558689777537
0.012416160619966,0.0137117584707952,0.067865022676916,0.0145637039902691,-0.0190538334527052,-0.103982677866505,-0.0545353390441062,-0.0683997522867677,0.0123517847465691
-0.00887618904354491,0.0426324981451749,0.0324964473192201,0.0197395543522879,0.0112042552354988,-0.0904691577035364,-0.0623798042669071,-0.068694306694555,0.0205234238820733
-0.00583811652406435,0.0548372592595565,0.0042131148293348,0.0266895833821493,0.0203585253908213,-0.0798849977000697,-0.0675729454389626,-0.064495017532844,0.0144922151414439
-0.00375227857875762,0.029741769788426,-0.0426951510016797,0.0400614768708515,0.0189638813747508,-0.0585678987798626,-0.0885979437766766,-0.063958134668695,0.0105708436482258
-0.00477058448205031,0.0115019815025215,-0.0679390987393843,0.0463545824206329,0.0197454936284883,-0.0424884363368045,-0.0982524483130372,-0.0622616766030412,0.00882882544866178
-0.014823362733759,0.0107119277767792,-0.093701702710326,0.0506844031190152,0.0308772963982651,-0.0274941167197226,-0.102353822031333,-0.0587103231108704,0.0169571854282804
-0.00808115833659182,0.0163664613413053,-0.128011937253298,0.0592186000792341,0.0309622018094797,-0.00356571824390574,-0.0953601125596275,-0.0493507481076176,0.00975000978854568
-0.00386327446047115,0.0118057074733394,-0.13335219102624,0.058575535284696,0.0307514214700309,0.00427350750008196,-0.0937076069673655,-0.0486680249784645,0.00812557507911983
0.0169451718136041,0.0597590934928075,-0.0131803479204346,-0.00369613893791544,-0.110880259620901,0.080549323181626,0.0535999780548773,-0.0554164330020527,0.0142466628258942
0.0192358373872237,0.0618708365805747,-0.00238331817590841,-0.00775240813478249,-0.111773913257158,0.0687201926297053,0.0507331243192141,-0.0594644355579216,0.0151831976526834
0.0219626671851836,0.0752954661343783,0.00900200645404473,-0.0107838121944442,-0.10866887226907,0.0532392472575119,0.0408672477706502,-0.0648803717022551,0.0133716828098441
0.0261638024789577,0.0825272664725765,0.0293664359779549,-0.0154894497057222,-0.101177966353033,0.0347684782491712,0.0317140015358879,-0.0691296179297016,0.012872185156088
0.0245232314097109,0.0938995829315397,0.0691607538374774,-0.0212789308491855,-0.0639720910857641,-0.00469742492529777,0.00942751374712365,-0.0692564572838954,0.0152952450991988
0.0242795051828982,0.0981134899806164,0.0957232450496833,-0.0238197482923517,-0.0411162698919285,-0.0319026180577912,-0.00529516395776201,-0.0673862273117573,0.0185750741174753
0.0257585601431518,0.10130101918987,0.102799244581497,-0.0177914504826694,-0.0277969398847774,-0.0499574449037785,-0.00929291836984129,-0.0576642565974581,0.0207887504327215
0.0275184267191011,0.0968159133239622,0.113226614087985,-0.01960727351324,-0.0148028893002931,-0.0664631565634804,-0.0203225665463284,-0.0534931850605889,0.0242620037702438
0.0197579533865967,0.0824107770601469,0.0935673870003052,0.00310300147816394,-0.0115498586145158,-0.0855479133876736,-0.031578598963535,-0.0471464422844741,0.0168024836791172
0.0186302819467907,0.0669785924637525,0.0846744824771645,0.0122058326382479,-0.00889635788419533,-0.0911339558034137,-0.0394952051319879,-0.0422133317636478,0.0144941202471545
-0.0111166060996288,0.0993544075141715,0.0335408217376758,0.0339428161976746,0.0187267717228163,-0.0876233570442855,-0.0416007617589039,-0.0357798070487308,0.0185861093316918
-0.00880302031011244,0.109297501758827,0.0115648635919992,0.0374677334703348,0.0272956771242083,-0.0824067586927141,-0.0489317269748632,-0.0344391327498046,0.0123299204056277
-0.00693560153812442,0.0746944551244562,-0.0271478489807251,0.0497447497389894,0.0212347805029466,-0.066601376990724,-0.0682310424452886,-0.0335027999558899,0.00733844726822229
-0.0031856781474315,0.0728332046505487,-0.0611589955125273,0.0583861009598668,0.0136183376767277,-0.055143489681697,-0.0669698536783525,-0.0259708100680163,0.00518855785824319
-0.00925000782617929,0.0783557507416781,-0.0794099568516993,0.0638436299271831,0.0294502187095198,-0.0451085336667881,-0.0673101595030871,-0.0200455583123853,0.00720821610010447
0.00493518714019393,0.034651320682403,-0.125656146611159,0.0742329685557032,0.011311613543584,-0.0200312636638273,-0.0813369658096962,-0.0208978318114823,0.00140518658708384
0.0100081601469951,0.0154305872571446,-0.14907128932665,0.0703164399033324,0.00511005183684995,-0.00253019691440028,-0.089264716808254,-0.0262796263238841,0.00224988054245919
0.0243351650153743,0.062247405108383,-0.00322482083668646,-0.00247846811825187,-0.0922352159373628,0.114121714364413,0.0325530452244982,-0.0589127220261369,0.0046509017022442
0.0279874524549268,0.0654541631409513,0.0077901991210527,-0.00381429408165139,-0.084733426348873,0.116403871145748,0.0237155314972835,-0.0639951120226979,0.00436930466395027
0.0282719195558396,0.0781671619349219,0.0155161891019456,-0.00855603154662966,-0.0830188773358283,0.0935280396264283,0.0182839397624467,-0.0653633019990872,0.0014681202411562
0.0337217754339536,0.0832341247470897,0.0528718605619599,-0.0158255134719462,-0.0498726602115552,0.0576877910826816,-0.00295602307113098,-0.0629659229481002,0.00365091059559739
0.0329897948203025,0.093520122935125,0.071011245563801,-0.0182796044597966,-0.0464491906325247,0.0214548140781081,-0.0068579958911407,-0.0610235554758,0.00425386709116786
0.032856236386834,0.101582475017497,0.0943371794038155,-0.0197293349012966,-0.022100649815892,-0.00416974258821621,-0.0195766511622163,-0.0589288030551889,0.00716795234773941
0.0320365983022562,0.103427972900153,0.10064585375131,-0.00967763670604763,-0.0153539175251958,-0.0317667120468038,-0.0210223145741815,-0.0458133698427358,0.0123618383191173
0.0309238919890412,0.0973238277125093,0.104373260479433,-0.00595686678428399,-0.00503591186683409,-0.0450924385457031,-0.0238195678698075,-0.0359161469349491,0.0204433378686565
0.0341773462510505,0.0963559446096434,0.0958901855916168,0.00150740036112706,0.00111714334767473,-0.0535959440701629,-0.0242608759874235,-0.0239766713046614,0.0204127123360103
0.031788828925846,0.0980723026069011,0.076838398652787,0.013636344631528,0.00341909820546644,-0.0626166317561798,-0.0271721367824557,-0.0153141050551303,0.0203375665261531
0.0163660307344525,0.119963934395376,0.0284628687838626,0.0526084840162261,0.00497759291925458,-0.0759824861545028,-0.0235911522671441,-0.00175334502463658,0.00632897866403609
0.0150814764626079,0.122832266197071,0.00798410593630543,0.054061220979365,0.00909713760950355,-0.0757468875076551,-0.0259799431279242,0.00348564185093507,0.00281917377663746
-0.00554652652160388,0.125865707038637,-0.0181181092063559,0.0561886591090907,0.023304270191069,-0.0649149265070975,-0.0282931766886069,0.00784154844382639,0.0154597336031093
-0.00738761766973741,0.124313679412983,-0.0437885337089462,0.0603381475321369,0.0227783246521931,-0.0532519052142595,-0.0274416755555071,0.0140039356662669,0.0175725657444917
0.00928200378877553,0.12775616498121,-0.0729232987081982,0.079586449832281,0.0135666178460278,-0.0464174311163318,-0.020550482388623,0.0240825876186123,0.000327227282280507
0.0202328730824714,0.0805446239288741,-0.115042760146738,0.085227297858054,0.00128410391453113,-0.0225574338981659,-0.0398322820352757,0.0217744032749873,-0.0017651556331468
0.0227960890962017,0.0674957743991229,-0.137023960122289,0.0784667753294493,-0.00851290709987944,-0.0159203702010446,-0.0483447912689709,0.011438459835049,-0.00410648990544713
0.0298748889978117,0.059736742978083,0.00332629350664415,-0.00188432786369148,-0.0532979330821365,0.174723281026137,0.00872641595159822,-0.0601489457012615,0.00130984041506599
0.035740234206762,0.0633166711080786,0.0209387632931779,-0.00396970732549593,-0.0334954700759478,0.169796395854669,-0.00235498581194839,-0.0608800554118785,-0.000922415413117098
0.0396397987541212,0.0706058388823061,0.0379965004062185,-0.0117865017455117,-0.0262766499657341,0.141277783258013,-0.0136082777769355,-0.0628919381934979,-0.00239550019185616
0.0416684033864644,0.0701451641575012,0.0607892555845634,-0.0129880207646066,-0.0162677776638529,0.0908167124254029,-0.0167686962671168,-0.0488146584364704,0.00151062018571693
0.0213054292040983,0.0887422139205868,0.0740850202765534,-0.0176024387597575,0.0133286248812585,0.059639836780618,-0.0238975459412265,-0.0472399752482776,0.0135287629273964
0.0403141613945866,0.0864117321490117,0.0951549232624538,-0.0111416046086754,0.00392756649646333,0.0222521345858857,-0.0285425021921076,-0.0413761508594743,0.00152368455677539
0.0402319665697411,0.0865643015342602,0.099903984912582,-0.0036735015838009,0.00787354153914793,-0.0046548381717251,-0.0296900272301071,-0.0283093393309615,0.00833240371818959
0.043117486037088,0.0787650589556193,0.0952566027671448,0.00419830844127077,0.00660664749357529,-0.0180492238695791,-0.0261797396521069,-0.0135268825133969,0.0130828220183783
0.050347129490877,0.0745543989829341,0.0875436463766363,0.0182832953460269,0.00405608106607507,-0.0341328139733303,-0.0262721635471901,0.00285998283023815,0.0140342230846865
0.0444567820937065,0.0763257374785938,0.067758553523123,0.0258546479526988,0.00163070926866692,-0.0439446079412605,-0.0255611105725751,0.0137647621761285,0.0176833346543118
0.0326607206831752,0.0885981884416454,0.0256133754057538,0.0574127736756911,0.000351617683540931,-0.0572433287722382,-0.0230872105882662,0.0265940012332824,0.00680140867341152
0.0280864058429596,0.092115870957642,-0.004985626641446,0.0629891548067935,-0.00117364510693013,-0.0533576079460804,-0.0180645385318725,0.0382159630423521,0.0137079081915387
0.0190000297331787,0.0925686074620784,-0.0337114389167336,0.0747731655221859,-0.00288497501224256,-0.0517680905091109,-0.0150093248035098,0.0466208875673119,0.015223346224895
0.0148382692246879,0.0925920787002696,-0.0615752732246017,0.0777860173235711,-0.00115930226982073,-0.0414301297676189,-0.0100239164470749,0.0565982498382632,0.0197395180513319
0.0080194271764615,0.0979650910180913,-0.0860791833117018,0.0870172387248837,0.0058525239672867,-0.0394754820182999,-0.00822289146922602,0.0611804526532023,0.0153865883422018
0.0115567467195771,0.10781496742681,-0.106879630407705,0.0869569870120431,0.00602655980516261,-0.0289170916255676,-0.00570843251591254,0.0599672301495308,0.0118753804432283
0.016864270227369,0.0939518304869213,-0.120332455246932,0.0775403171370754,0.00457657956933586,-0.0170854683754882,-0.00811367091832775,0.0581537204268642,0.0124224628919176
0.023135559479372,0.0440524335971386,0.0138690136419401,0.00664267529381683,-0.0280269992536542,0.183313280648856,-0.00672568044886664,-0.0420777588601751,0.00251732443852994
0.0278786506001395,0.0438204390242555,0.0319018604655152,-0.000252741563804984,-0.00782793365648036,0.176957412478532,-0.0156180402444716,-0.041024397787497,0.00229305629772258
0.037960034928451,0.0483540266768971,0.0391180791103132,-0.00173106195054397,-0.00367534830662511,0.161857666685231,-0.0218851852282657,-0.0400107017827707,-0.00333999592030422
0.0451045657937637,0.0412115049707285,0.0472461488984525,-0.00305625482582299,-0.000128004267673954,0.140008076712379,-0.0242640147231592,-0.0296838603762531,0.00205460752474114
0.0459676677371292,0.0456673772833404,0.072589721394659,0.00155064928734388,0.00513120280970353,0.0749949823088033,-0.025719703412398,-0.016020616702809,0.000977947220937104
0.0510233144088776,0.0438200879596995,0.0874016806107866,0.00175738713375078,0.0133048061144798,0.0500979985960681,-0.02991945296184,-0.00909627219410384,0.00350002402949398
0.0499888517522154,0.0359175347460595,0.0941229575902162,0.0103796793250998,0.00965600195114696,0.0134328438452708,-0.0292094087671442,0.00634258412775885,0.00909860678957086
0.0515812553524567,0.027192246658433,0.0866191755141168,0.0201720076880818,0.00644793169110926,-0.00231722199028819,-0.0231071413493735,0.024269995899616,0.013757550365595
0.0507792749755425,0.0275566558369459,0.078534057688279,0.0306183629300185,0.00297105830698511,-0.020246714844395,-0.0222550850638475,0.0363154556780829,0.01795451788399
0.051386805917679,0.0332368060410362,0.0590407756278106,0.0360162036739774,-0.000906028808610306,-0.0302334752932134,-0.0229188651119417,0.0457483931922998,0.0228295818678453
0.0373556648554864,0.0466734865991955,0.0180396321976142,0.0628597052065583,-0.00456644471565042,-0.04399916394977,-0.0185083860956897,0.0565439549979741,0.0159588106622795
0.0315491369641156,0.0436760584527274,-0.0148387611608307,0.0712119987703524,-0.00888605074224044,-0.0420100093749013,-0.0106898026417774,0.0736516979445575,0.0271193672076084
0.0280019746143206,0.048314452197676,-0.0363587966935537,0.0723735738210528,-0.00843044952703711,-0.0390157967178779,-0.00840589484018323,0.0779572598012275,0.0307801412533883
0.0280505093123027,0.0469814637316956,-0.0619053076942545,0.0660864831696513,-0.00674375445316212,-0.0235147438542416,-0.00548225053360078,0.08615854002798,0.0395133872307385
0.022425845774531,0.0589762457642317,-0.089859195042659,0.0666318440938417,-0.00484100425003248,-0.0186795493751434,-0.00129254037940472,0.0874482261296797,0.0405276230340218
0.0235762334316954,0.0675477460785428,-0.102345972644555,0.0622500082453429,-0.000237513859357563,-0.0111997807311948,0.00293786407133351,0.0849932435287906,0.0349971017217469
0.0249162782334265,0.073309915955682,-0.106993563531929,0.0519329006119398,0.00222243373650938,-0.00664679710332209,0.00156023405873481,0.0789714732409316,0.0340831999647864
0.00300243623067618,0.0177602383899063,0.0195592212463018,0.0152860828425922,-0.00881537734522143,0.180936326290589,-0.00831855250828847,-0.0129192507031892,0.0138678763590919
0.0104297194841601,0.0139369069471601,0.0305190298308841,0.0145483782921361,-0.000996301881361351,0.181788869708296,-0.0178249960338417,-0.0147151428543615,0.0116914213026734
0.02701144646451,0.00779617755582951,0.0431919948784706,0.014567685460777,0.0123776723015022,0.169148051181949,-0.0280443977565079,-0.00856417171099701,0.00636288510537928
0.039864317973351,-0.0175500473682555,0.0503481145158005,0.016006663886749,0.00753770316404754,0.149505546390148,-0.0422563587202288,-0.00891861253702059,0.00527102771800362
0.0386299217214024,-0.0337510480443165,0.0650214547563912,0.0222424289634332,-0.00233506412438898,0.0826567254605811,-0.0456725632424421,0.00871488233163808,0.00934809949818654
0.0400650159965256,-0.0383180267301286,0.0717339678438021,0.0264386094882382,0.00541089532539245,0.0620959264423394,-0.0434679014732052,0.0192068422433802,0.0140571137909126
0.0433987674982195,-0.0476377105272645,0.0739796515464123,0.0323137863858537,0.00147198223781584,0.0287472448549615,-0.039424371334327,0.0362547609011412,0.0170848973339235
0.0459258703238016,-0.0338323512002332,0.076376730852975,0.0414181410277206,0.00692700887037674,0.00732886580938216,-0.0271733935466175,0.0544951359716178,0.018122425153604
0.047546320147346,-0.0293496300211633,0.0707350473706465,0.0493553224098557,0.00125983718002844,-0.00971902360104121,-0.0214923269417017,0.0701297433727592,0.0227196651900446
0.0493663712014567,-0.0257180500594309,0.0466323993822894,0.0504840384873402,-0.00658440328783229,-0.0194729032638951,-0.0192771390327417,0.0818824861197884,0.0311708081045621
0.0462034295500317,-0.0156810771025561,0.0264372548466581,0.0483806089730899,-0.00956437511127101,-0.0266329478476345,-0.0152625665202271,0.0865431171459078,0.0372243162176072
0.042769911892244,-0.0151878713973232,-0.00281798391499979,0.0482732045098624,-0.0182847939725455,-0.0221089409388698,-0.00758833956027876,0.0973086261568705,0.0468035531465111
0.0310564214540668,0.00147085844002071,-0.0360479335118036,0.0552738944751437,-0.0199357803978732,-0.0288576171320103,-0.00413098487553481,0.0993609672544947,0.0491530423203306
0.0256314469190811,0.0100227828020117,-0.0614489670809933,0.054250691909487,-0.0196264065320027,-0.0221893447219289,-0.0010352980402493,0.103308591042426,0.0540904357803866
0.0300074598100219,0.0165977236430808,-0.0742047458244325,0.0316118492094865,-0.0171929644838499,-0.00616408705808106,-0.00162057336441643,0.0998248428968123,0.0642142921323353
0.0357412431009326,0.0354809761084158,-0.089710643361416,0.0253683164753943,-0.0092628086030522,0.00165462449532383,-0.000643779775164458,0.0942832547699105,0.0543151722615255
0.0443208945296816,0.045075741270623,-0.0969745615617584,0.0164130079617172,-0.00631245587280232,0.00841558726244564,0.000853044330450716,0.0885984501101225,0.0416194320731302
-0.0282976797368236,-0.0242849336045895,0.00885244786795169,0.0253424253087828,-0.00852982014855221,0.17728733470022,-0.0249735089868246,-0.00487754929200951,0.0197997596210825
-0.0147045115663129,-0.0439138442556049,0.0223408603371748,0.0344156381274476,0.0107186083672106,0.178014609929069,-0.0374011731036187,0.000361032740713591,0.0136742756904866
0.00274785261466597,-0.0556465518921131,0.0321285341920323,0.028688874153224,0.0148277730391328,0.177227383991859,-0.0467084403527577,-0.000283696504052971,0.00852915837588061
0.00134648079870038,-0.0737710625576127,0.0420873830063238,0.0209838208054996,0.0229276485901277,0.144568086765923,-0.0589343927987364,0.00555659975297262,0.024798829478466
-0.00886987130460745,-0.0759973358628924,0.0343736234956857,0.0458463385512678,0.0155174892600268,0.0921107279403413,-0.058545219471937,0.0186895511816733,0.0174528150972168
0.0125458167184273,-0.0751509048346266,0.0681559970795576,0.0351783775501071,0.00605104183787677,0.0561356104198493,-0.0414597947370994,0.043827007034364,0.0262695371385652
0.0281790198066334,-0.069798003753528,0.0714665836740066,0.0430243853053981,-0.00328744329531949,0.0247290698055892,-0.0298738858734747,0.0619911989350136,0.0189616330407795
0.0346990300863171,-0.067771959140407,0.0706322375494113,0.0474979976818997,-0.00385645185393972,0.00616154676288295,-0.0200933708865146,0.0779871212449985,0.0217782252077081
0.0456363651275018,-0.0717584401584703,0.0629716229408381,0.0467399797733753,-0.00939380355501607,-0.000787582710593983,-0.0146700531765894,0.0920434493277985,0.0259571378177623
0.0479069993501192,-0.0692451006367518,0.0460820845499136,0.0450285468765692,-0.0108570956527802,-0.0142962718134416,-0.0104472828081063,0.102950734337198,0.0316140004597916
0.0489500330794107,-0.059758309613447,0.0265702415966042,0.0402272621554549,-0.0111251064393475,-0.0156786827160739,-0.00619024784502752,0.108471761315408,0.0352260754278057
0.0456197242119958,-0.0455146285840911,0.000159219085119785,0.0300553345131744,-0.0180283759827913,-0.0188113412470363,-0.00764490462896419,0.107496226975024,0.0457908651409933
0.0370049143999977,-0.0406449404203611,-0.0236317215776896,0.0204408843555284,-0.0236923342899498,-0.0201171772588338,-0.00546682661624013,0.108546500514174,0.060196461613154
0.0296412809084652,-0.0260185404151504,-0.0505654812571164,0.0119440181038334,-0.0277932668776902,-0.0159027818738351,-0.00672205799435665,0.103732607475866,0.0701788197871797
0.0321834110685435,-0.0105218103663678,-0.0782855744878688,0.00333043375004787,-0.026718713943796,-0.00380538948844245,-0.00715276097866589,0.0983128927735354,0.0674776906941196
0.0422341390258897,0.00865561181211842,-0.0901367515955462,-0.00525427543627308,-0.0202399690816134,0.00405464874288808,-0.00546459385120351,0.0885346808167233,0.0488198892317623
0.0505451587925356,0.0253793272482221,-0.101446354678575,-0.0172503979690791,-0.0152231973255297,0.0126553776699566,-0.00533782565814716,0.0800939851111678,0.0382437211907165
-0.0990767548400079,0.0194994728026107,0.024226419648163,0.0128739136337998,0.0245469884104982,0.153545458903208,-0.00404278558611326,0.00685057065200773,0.0397507404117689
-0.0710239272815089,-0.00293925818140382,0.0380806093328778,0.0172671587680521,0.0253864808570773,0.154724961304868,-0.0152309525218375,0.0128518474893693,0.0380302612816498
-0.0553476970410162,-0.0127981765535404,0.0522330359466383,0.0316988792253322,0.0280977199834172,0.14308065902417,-0.015686338608472,0.0193039005537372,0.0121957122192531
-0.0300165160605293,-0.0355813002550126,0.065311038799468,0.0374541225481092,0.0203792998228493,0.083102568226676,-0.0111768498151302,0.0437276632060702,0.000234734723598716
-0.0146062660277697,-0.0488613795984906,0.0734642001758117,0.0265833956091566,0.00819341382316919,0.0632137796124696,-0.0153665439600104,0.0502499491420693,0.0169491581963883
-0.0154918839640258,-0.0586601211674769,0.0784105272757515,0.0311152401294239,0.0175482356642307,0.0438363843723525,-0.0181461701543608,0.0622959278214383,0.0226182886247839
0.013360479290576,-0.0795947212871525,0.0781115542488705,0.0383637366220738,-0.00426601397798732,0.0229716426460147,-0.0134462337047623,0.0785373369188683,0.0144743490289535
0.0187728235999393,-0.0825877539428854,0.0756837258471109,0.0363019224974606,-0.00016392339580166,0.00534225188527319,-0.0119528548810998,0.0878860887562161,0.0173179023271717
0.0267266636960784,-0.0835295493446486,0.0643430062504915,0.0331062406472076,-0.00169985880690727,-0.00492854723363547,-0.0102834893465645,0.096884614124095,0.0172344480606547
0.0300588759812114,-0.0793778023195851,0.0425047793594063,0.0223371810833499,-0.00463967486303258,-0.0127747874378073,-0.00669846944537785,0.103788656909964,0.0260724098816867
0.0435153920216618,-0.0744582664958954,0.0283270579428199,0.0117254408675573,-0.0142140760843897,-0.0179049249158596,-0.0044374776006953,0.106768569390089,0.029870074949639
0.0511633003058422,-0.121349225090223,-0.0128256951876553,0.00288211186143169,-0.0312987222975966,-0.0105203840786795,-0.0379427040536141,0.0936479492621956,0.0381170246927886
0.0388839939821481,-0.0881942569965153,-0.0317470967806681,-0.015509940993186,-0.0331916946855989,-0.0135550993827476,-0.0263854274051602,0.0937186919603049,0.0541412991560908
0.0314112109498617,-0.0515185425174504,-0.0414793169119924,-0.0298192537407318,-0.0238682446815914,-0.0175317060248909,-0.0129171805692567,0.0967786520755564,0.0682555556053087
0.0303173219986844,-0.0262381058806627,-0.0684453525837074,-0.0424064706411128,-0.0236942587350321,-0.0053153932683941,-0.00918617999270289,0.0905532470215274,0.0705124030226663
0.0465788702042442,0.0212333645597939,-0.0827416153650456,-0.0529743491250019,-0.0107529274631188,0.00501856766841287,0.00113116293103105,0.0806931601257906,0.0382147969028138
0.0646673183146652,0.0553840021603521,-0.0923051407736082,-0.0583865065185537,0.00347896557861129,0.0190332189869145,0.0107566945770375,0.0725799608002299,0.00287466100898449
-0.152476218882538,0.0284126324603155,0.0306107052741503,0.00408553351157079,0.0239574330936692,0.105418978818564,0.000278276724712034,0.0119448279794298,0.0548905093137933
-0.131372875764441,0.0100143794442129,0.042193697203555,0.00957536101874777,-0.00582301203734949,0.0707936866666234,0.00352824285195231,0.0248458951265718,0.0456922332191078
-0.108406218080919,-0.00229595498782392,0.0540518394413141,0.0128145545185568,-0.00211220348869754,0.0675671949206182,-0.00111927573945631,0.0280079110221799,0.0297407994953978
-0.0746375977727866,-0.0180004785928435,0.0595773980085896,0.011407716482065,0.0141706702266699,0.0634414807753178,-0.00663742685661918,0.0351640745820439,0.0160456070115499
-0.0558492923844255,-0.0315600478560585,0.0717304737350766,0.0228264240699848,0.0155350001021451,0.0367650926050979,-0.00409606739504414,0.0482933819753291,-0.00745920148136716
-0.0530476536425395,-0.0427047099054106,0.0688179828193156,0.0456815804003267,0.0282815591589218,0.0165839179290272,0.00212549048561041,0.0675053651187492,-0.0303385218625046
-0.0278953343980109,-0.0501004183509392,0.0663838933510109,0.0299415728032179,0.0241322478311635,0.0104293041392724,-0.00228039843643484,0.0701871667402749,-0.0223771425501535
-0.00784480613208001,-0.0632079393115168,0.0678435060116492,0.0259793078690055,0.0204516098462478,0.000110430810234961,-0.00650297220854639,0.0799085053216009,-0.01532094566549
0.00206799273970184,-0.0726554685211817,0.0641778447565344,0.00997845685196823,0.014721726222088,-0.0108467899020489,-0.00858157684981592,0.0893305682696579,0.00307559194107291
0.0126010621927804,-0.0731322385241706,0.0476970176406064,-0.00289014599063036,0.0127202074531066,-0.0154578606055501,-0.00681948124457151,0.0947237426067408,0.0116572396840596
0.0352565833153633,-0.0742796369316661,0.0330468631552834,-0.0170391502619414,-0.00989366977066519,-0.0216597293667031,-0.00344761187580449,0.100595283533467,0.0151260316472593
0.0357410847014921,-0.0584019891400264,0.00995200637214949,-0.0332874919678431,-0.0144899922541297,-0.0221406235899366,-0.000945403387595488,0.100065958474747,0.0276096412779601
0.0313254863680435,-0.0415889853230637,-0.00359742200496131,-0.0633676418056826,-0.0129970743341673,-0.024642537874479,0.000891810141285965,0.0907128324846861,0.0444346382927626
0.0218717758839579,-0.0159081825548121,-0.0278782536461276,-0.0814252087888899,-0.0151656097041834,-0.0219001512692316,0.00165613083771532,0.0832202076993221,0.0621631689570681
0.00827789657938191,0.00906690791097881,-0.0468506870186219,-0.0955710253345321,0.0015373964189825,-0.012465471993345,-0.00122473782633335,0.0748240581330717,0.0747441630171721
0.0244418357892654,0.0433863116137703,-0.0645795749003721,-0.10804974640105,0.0143799364107926,0.00119740860019895,0.00283074357947682,0.0626496026618863,0.0455823894165037
0.0484630368187919,0.0757166009489465,-0.080835931653841,-0.104707891441486,0.0259378088048101,0.0203307330022763,0.0121323791542085,0.0535169013879504,-0.00425107263956761
-0.202792207584587,0.0124675356732504,0.0224897366149122,-0.00797151094497784,0.00671611217580878,0.0349157649388363,-0.00600188705383185,0.0103762972581444,0.0642826838867043
-0.203242443926422,0.0392514774532728,0.0335136489510756,0.00361090522117971,0.015825867346219,0.0295066310157351,0.0126385253011708,0.0227526684526211,0.0549578736983208
-0.194530561137236,0.0342561775034015,0.0364269215888062,0.00376431527419617,0.0165174163272635,0.0277539253357811,0.0109955777332811,0.0265169832667808,0.0508147330708046
-0.149659959212685,0.0215368965484546,0.0321949751396847,0.015469689918035,0.0220807077042438,0.00992985436632468,0.0112133421510665,0.0379373576053156,0.0134472879460175
-0.115954394785016,0.013350225900664,0.0333852376673949,0.0230341567454389,0.0177463619908378,0.0045275275819011,0.0139496287785099,0.0441451635252247,-0.0207276210820316
-0.0696844032201994,0.00179738484219501,0.0471801869546606,0.0268389134354955,0.0229580826089366,-0.000633226022411466,0.0156787122936583,0.0537036558056623,-0.0609167491512243
-0.0181178412997051,-0.0208463101255733,0.0592703809347019,0.0510171842523521,0.0326356576549403,-0.00740255352038369,0.0229518261129451,0.0725177034604229,-0.130065754087271
0.0108689520477992,-0.0371384374872907,0.061301801689891,0.0177352098903026,0.023350725803699,-0.0067974743932018,0.00645588246906932,0.0718279530513619,-0.08880514737146
0.0203322079477879,-0.0440837243908979,0.0548829034588203,-0.00631974578085881,0.0204351101235913,-0.00947479864123116,0.000427571105055449,0.074211692155331,-0.0616908255714711
0.0280605750324835,-0.0569442862940512,0.0437456217213253,-0.0163456589665068,0.00380078489649314,-0.0175679361084489,0.00414265105039945,0.0882200899532096,-0.037264936140786
0.0303637757800343,-0.0548888819136659,0.0325375624800277,-0.0434486333154689,-0.0047770954966637,-0.0231245600365247,0.00280351133016223,0.0866992584458348,-0.0145536987719223
0.0256530892546724,-0.0421155122316095,0.0152204449458928,-0.0773145442602849,-0.00586797849770161,-0.0258480525372452,0.00393518398275429,0.0836698114428876,0.0154208995039778
0.0150760870298522,-0.0351988614269629,-0.00200455231103627,-0.10550474362358,0.00262663653831731,-0.024329129817194,-0.00360229630423923,0.0698454470134015,0.0349851945512351
0.0199123205865058,-0.0168062616291944,-0.0243139795484173,-0.127070911950783,-0.0132436941485271,-0.020143685675679,-0.00229754371131343,0.0577347933849055,0.0428787221035087
0.0207497836318643,0.00940961044202927,-0.0411427203128031,-0.138458525504886,-0.00944319188956069,-0.00967949227853454,-0.000436187948939596,0.0470172176982576,0.0462804056691547
0.0433129663857404,0.0722778733451833,-0.0542733041344252,-0.14613728879721,0.0165242188488449,0.00861868939058266,0.0127128948679536,0.0345075823850301,-0.00103418938527951
0.0572467400724389,0.0977932580819446,-0.070724512744493,-0.140743671872833,0.0226707152160945,0.0220507426630944,0.020161951008043,0.0321683671796122,-0.0277106496324271
-0.228530835188302,0.000772237243101787,-0.00193192092283221,0.00533361153434486,-0.0103791977056363,-0.00396487026403303,-0.0065669157948671,0.0117723726743995,0.0397506171865311
-0.23367758532487,0.0408972393458095,0.0212033372367763,-0.00482990921771032,0.00500059982202081,-0.011637703781799,0.0186987633516516,0.0262109053142225,0.0503433857839914
-0.216364612587055,0.0470451855788898,0.0285748973570613,-0.000548576221525183,0.0146724790059465,-0.00868731585532257,0.0233843352328837,0.0333681364940618,0.0357488892163991
-0.156023285902618,0.0361140185060536,0.0310937854980568,0.00115625671881278,0.015009751697563,-0.00590535741936427,0.0207489541912548,0.0372378598188908,-0.00525211136944657
-0.104782560167679,0.0456384075921069,0.0338572973404147,-0.00020900835913892,0.0270634335325663,0.00609399128963223,0.0218393650142789,0.0337651672166131,-0.066812841366235
-0.0607105895985054,0.0572301057209261,0.0219190556878316,0.0161239358547828,0.032668132102428,-0.000995645465056807,0.0263013991419617,0.0343355709471339,-0.133359589567419
0.00264149162972534,0.047372232094937,0.0347718795824197,0.0101764988027626,0.030489406759176,0.00810097791749186,0.0266794706636565,0.0375243425787721,-0.183982238632917
0.0345288991899492,0.0229108592602567,0.0456290803177817,0.0329755093146073,0.0344576620637879,-0.0164814520456064,0.0270167088307265,0.0546153516078235,-0.223796979364133
0.0510156165831854,-0.0330470275760459,0.038336962255948,0.0282154667174755,0.00984582516124957,-0.021420605028008,0.00962342909562245,0.0631479249360555,-0.194701902695489
0.0225729441543634,-0.0628212673755589,0.014782813210509,-0.017763506875729,-0.0119892097284362,-0.02568628367987,-0.00268983382909273,0.0657726880947788,-0.10064580226456
0.030501543248124,-0.0967343131000714,0.00108916837968977,-0.0597949908832193,-0.0221780804442506,-0.0130378491724843,-0.0290570895015554,0.0479465961072349,-0.069135791199195
0.0163520487893976,-0.105178920116978,-0.0180591184832752,-0.0980321232133545,-0.0305193274693985,-0.0159604909822417,-0.0376121197327324,0.0409579829684212,-0.0203519938872454
0.0174262607407365,-0.0707534923701199,-0.0160054192975654,-0.140728075219706,-0.0229323280878507,-0.0204408117096006,-0.0247328410407522,0.040347040986414,0.0228954798776094
0.0135977503025712,-0.00238555506899356,-0.0118662478865146,-0.17530002215641,-0.00365949702047688,-0.0226892020289292,-0.00332900120183187,0.0351350856943829,0.0356132545274169
0.0280262719346801,0.0551700310380729,-0.0218547234398051,-0.190055064958068,0.0168580958139124,-0.00580695882754503,0.00370944492394227,0.0184381503948414,0.0165713512638768
0.00890837214979637,0.0854974062044904,-0.0400382638537035,-0.19173674696477,0.0270750249043608,0.000117136377176722,0.0130181445553839,0.0159014732342447,0.0207681333500618
0.0209846795775007,0.103287337409044,-0.0524108734912941,-0.181786877138252,0.0292585476596885,0.00864373180688208,0.0207264413220929,0.0163438429163836,-0.00602864073301457
-0.229775366203928,-0.00647362663950988,-0.0227170713122909,0.00491799937603638,-0.0220537560367702,-0.0256197971641753,-0.0140273038707786,0.00739031683812866,0.0158317183641859
-0.214226714053207,0.00185034455597038,0.0110678556127803,-0.0173960723004949,-0.0127532910669356,-0.0193971702490705,-0.000233936072996574,0.0155809252571822,0.0232953549770135
-0.212031586888576,0.0119453553658812,0.012264292593325,-0.018628811879994,-0.00942764269828419,-0.0234529278190523,0.000844828942494524,0.0153706756824339,0.0202034973839031
-0.17868309265187,0.0255526130321121,-0.0052952606376402,6.34576660494479e-05,-0.00015091539303996,-0.0170679713144785,0.0063208632929826,0.0149667607774001,-0.0421569573463979
-0.117579771257877,0.0347322162784234,-0.00823706915458576,0.00881841361434552,0.0042845076715007,-0.00531769633696362,0.0103177767145686,0.0115161039479286,-0.121738350013207
-0.0324197525656893,0.0191398041146271,-0.0314378457586157,0.0305871669546256,-0.00830281949661025,0.0042412136322525,-0.0153839140705976,-0.0089728411146957,-0.213507289702343
0.0302052734644783,-0.010347467581291,-0.0363535307773469,0.0210446864632229,-0.00254666530694206,0.0210420546454352,-0.0333004390564244,-0.0180318192723793,-0.265789643655496
0.0404684774083744,0.00984874334703071,-0.0246183772862022,0.0196985825056952,-0.00345901384623881,0.00388304097172141,-0.0151615446320443,-0.000898814556748426,-0.274013336011405
0.0330337705127162,0.00231225859567497,-0.00566830836117336,0.00968494770151032,-0.00014673307902318,-0.0187480924019367,0.00437490387002846,0.0297876809758757,-0.238325049566549
0.0141188007387282,-0.0362294111980588,-0.0021584085416166,0.0123022616774474,-0.00707719465769164,-0.0417877235339045,0.0151837763545017,0.0609327926598488,-0.198531132461525
0.0148295007229937,-0.049408635034474,0.00925473429353473,-0.0466606904120658,-0.0102471474829321,-0.0267389024871173,0.00189894032878966,0.0510392299586665,-0.131011804839128
0.00503321837847292,-0.0255481151742286,0.00386518087117021,-0.109540303992804,-0.0115385076301954,-0.0262161154697644,-0.00164248488947663,0.0445828557917841,-0.041193272433377
-9.13870479463171e-05,-0.0369167088549217,-0.0116263983313491,-0.158524282130864,-0.00469054783868181,-0.0169576454712365,-0.0247399051748669,0.021241790591998,0.0022194976306441
-0.00933713536559757,0.0204594478940511,-0.00936007123772854,-0.200505600850996,0.0122166425007192,-0.0173515449435373,-0.0142922256522358,0.00488637811175353,0.0201532380770031
-0.0108185805483251,0.0689745590539715,-0.0239085338743106,-0.209322426242019,0.0346132849600088,-0.010924465760124,-0.0139826772627806,-0.0119350336475991,0.00950313975527891
-0.0185386053563529,0.0534834555628013,-0.0334570813716141,-0.215873158705303,0.0225957191875535,-0.0153101393009304,-0.0117947431350652,-0.00793061466931583,0.0307807414580279
-0.0137361595502614,0.0605413245348218,-0.0498938404323429,-0.19862996957622,0.0092852517434765,-0.0139032393652556,-0.00178058246869821,-0.000986063446394675,0.0220426987607038
-0.223330891921748,-0.0449350071884682,-0.0534362907874458,0.00132276318206765,-0.0377105256491612,-0.0354082559834738,-0.0412406682415702,-0.0116974403029856,-0.00719113716865459
-0.219717918710027,-0.0435239004102575,-0.0475311378843815,-0.00140783088304981,-0.0389943786959662,-0.0339518262755059,-0.0393842653629918,-0.0124874769623614,-0.0136157763202996
-0.214071645109479,-0.0474845559451571,-0.0463281390003709,0.00150348634788042,-0.0393727904470477,-0.0369942315321115,-0.0365583180996046,-0.00862320125284311,-0.0199525420254457
-0.175678136231785,-0.046873276157263,-0.0528379514261531,0.0063610003876054,-0.0464825296146179,-0.0323092819174721,-0.0347669968671933,-0.00893360179733384,-0.0629286816545703
-0.132248910579302,-0.0357118702543772,-0.0520430302308126,0.0100798594798656,-0.034564253796769,-0.0194484953406795,-0.035207117705622,-0.0143226507029995,-0.123519301393912
-0.0300301531369086,-0.011995322801876,-0.0482275992437794,0.0077933745975173,-0.0303247260590853,0.00231091673794012,-0.0350152594600976,-0.0275506450079144,-0.227785299577417
0.0183680090356327,0.0122876356793394,-0.042808547411344,-0.000637319893807532,-0.0181210860357868,0.0143631907908009,-0.0310641584579242,-0.0310097557895776,-0.27090595740396
0.0409915011492636,0.00643088989055157,-0.0332995775094781,-0.0139748320863683,-0.00985098047625779,0.0161625467769224,-0.0291652904431755,-0.0226698655805012,-0.272027736686388
0.027100339969429,0.0265399746812626,-0.016507858273346,-0.0100546227924217,-0.00454244989795505,-0.00590580544557403,0.00777161057083333,0.0158987095974164,-0.239287042850491
0.00769393931058815,0.0125564785856929,0.0049551345766899,-0.0451325699670448,-0.00649889650789719,-0.0191801844676809,0.0178111602803664,0.0381526693225649,-0.163882581729376
-0.00823131940890755,-0.0281858759041083,0.000268299349521424,-0.0695844756407275,-0.00247223648323907,-0.0249095500420998,-0.00543468982980621,0.0315010970280265,-0.125540430761435
-0.00986324802615013,-0.0417947580976388,-0.0110682180235956,-0.105362268894855,-0.0120048323063827,-0.028940356680312,-0.0148701115694626,0.0206175425019655,-0.0890991608789281
-0.0176066209004123,-0.0602048082543068,-0.0348417488772614,-0.154286543974958,-0.0230076909411219,-0.0251742652958861,-0.0461916220349917,-0.00793592568178072,-0.0347393808458313
-0.0116193523176704,-0.0571076273197917,-0.0298296739900112,-0.194943073742336,-0.00728462275383348,-0.00707252141042896,-0.0668022395210831,-0.0264896897255798,0.00572036812560178
-0.00343046699874727,-0.0351662963260255,-0.034707084866119,-0.213628319101277,-0.00699823997111252,-0.0041590332912823,-0.0600946421303459,-0.0338648756178643,0.00630499462933063
-0.00675690574629277,-0.000888839109217072,-0.0341676571390939,-0.22747697016356,-0.000325016744775585,-0.000886306633289678,-0.0461713746072892,-0.0397532116283286,0.00901934603039616
-0.0111843538470247,0.0205104352094713,-0.0448096721253075,-0.217668711757312,0.000949818603519879,-0.00078143043209996,-0.03673074994097,-0.0367106087212423,0.0027305221656773
