0.019197658257084,0.0327331676523979,0.00429959218355881,-0.125339479155879,0.062952167974505,-0.264741197230535,-0.0629006624855585,0.00904421640805281,0.0302954175363205,0.0089075751947363,-0.0382968399185532
0.0106752779017093,0.0346301757907944,0.0110435307599108,-0.0911859791691326,0.0684607010204836,-0.283120239758933,-0.0408155602915628,0.00578898875447071,0.0459019696670892,0.00751514735250535,-0.0372344247862288
0.00926863800307219,0.030723983406971,0.00850038538927582,-0.0389340593220143,0.0525129359695826,-0.288980748526077,-0.0280446735285082,-8.7326926719488e-05,0.0433529493760186,0.00699256028155456,-0.0288908591044083
0.00760024954020353,0.0217008606927788,0.00244885565849617,0.00804057664482207,0.0246510550808175,-0.289243278350133,-0.000601505051605868,-0.00989712462049588,0.0350504683134263,-0.0116296944183971,-0.0113708926205317
0.00781164764916742,0.0118192260137569,0.0065610985979778,0.0636037311465378,-0.0150537746730713,-0.264580910639339,0.00882091072307015,-0.0221070748525003,0.00726710162597399,-0.0269272680391755,0.00348031100262378
0.000898001442749118,0.000650511274150813,0.0098621346446654,0.115735920211406,-0.0508994139241883,-0.244354556668698,0.0109561850929694,-0.0363645292616446,-0.0103595993205448,-0.0402508265369865,0.0191842353683921
0.01085142339362,-0.00074960243780748,0.0083519295865715,0.150637913093135,-0.0811584913907373,-0.210343257898876,0.00376296989106334,-0.0359706762555202,-0.0318811162182577,-0.050458891463068,0.0298924052604063
0.00841918468041349,-0.00754903986529965,0.0174487228045347,0.164641380923638,-0.0908224010783974,-0.184480470916961,-0.0291393643505982,-0.0308390507495902,-0.0416303309082184,-0.0501348361372931,0.0271698037565991
0.00882758792098891,-0.00555433946988905,0.0209396819676685,0.162544959632875,-0.0883480359250841,-0.162069986067655,-0.0931043318662502,-0.0227595704376015,-0.0473484737486249,-0.033290558891526,0.011411691647509
0.00916538718388875,-0.00652261792109204,0.0262739796998157,0.150739944575963,-0.0832334972639233,-0.139440273788996,-0.148676823543935,-0.022481888230537,-0.0550923022382902,-0.021018701046886,0.00526373120815565
0.0161920856324383,-0.00162635385344925,0.0289501876091392,0.107782380147255,-0.0708866086179949,-0.0986522049791068,-0.232811403532644,-0.0123750751136094,-0.0483849319862139,-0.00601232028299825,-0.0122273520361943
0.0152413502335697,0.000926296938855559,0.0320310120818524,0.0795540598299349,-0.0502551346234904,-0.0924202336205285,-0.269811273088993,-0.00187123886435983,-0.026324655731196,0.00710250702685969,-0.0291598605099425
0.0187093222673103,-0.000561025855336888,0.0356952334892575,0.0563227320034502,-0.0392804285419117,-0.0707133369448156,-0.321786143859383,0.00672970661643974,-0.02354918243296,0.0239003312571099,-0.0439000332149884
0.00207945265598193,0.0215592021356773,0.0177959938792291,-0.218202652520986,0.0247208070009201,-0.147903344752158,-0.0299571313516167,-0.00397295860270238,0.0164128393476688,-0.0137310263240769,-0.0356853253474118
0.0208333207845534,0.0394511896175905,0.00601045319437518,-0.19352232438576,0.0379875646213383,-0.173544609965113,-0.007866389448798,0.00819012504454391,0.0267869472653777,-0.0272332177151191,-0.0341914655231708
0.0229424802331674,0.0381594426368918,0.00614889344197488,-0.161091689375571,0.0223042452474821,-0.168674355908913,0.0138875878093589,0.0014043454992828,0.0215031246427017,-0.0401705705271928,-0.0307517050089855
0.0247581057732584,0.0305028577490841,0.00388545549574918,-0.113686895414202,-0.0102024982079553,-0.158000203772278,0.0429644760029464,-0.00599996583200613,0.0036351829049103,-0.0588901620712039,-0.0180085847484412
0.015039620978013,0.0265863349272018,0.00642130107847831,-0.0226450605009046,-0.0515914854879056,-0.142960438524544,0.0611489675183159,-0.0185920700103206,-0.00865970571886784,-0.0632257098504194,-0.0096091783705141
0.00654711333242661,0.0244331527975564,0.00625685378360805,0.0533015089008528,-0.0889426471590796,-0.124547056780701,0.0733600607070175,-0.0291733133294011,-0.019355540248945,-0.0789280410637512,0.00214680672680972
0.0163346775499522,0.0240007402599646,0.00767514665743216,0.0894939404883503,-0.11931372593199,-0.085947941276814,0.0690220673759413,-0.0258906114180938,-0.0421255241358996,-0.0984207906600692,0.010047530504055
0.0181120135800297,0.0136325136256578,0.0166150085281699,0.112415821735404,-0.130197706419478,-0.0627670594808008,0.0389067847568339,-0.0241737825820207,-0.0495202381269479,-0.100619902214364,0.0188508630435033
0.0198588174908985,0.0223199778803673,0.0199500144167732,0.105662329338973,-0.12689863676014,-0.0256795312340249,-0.0453608584941705,-0.0188564940976935,-0.0579503581994782,-0.0772099267038134,0.00465954934443418
0.0176229741952887,0.0222163009245237,0.0291325004952241,0.0815818133131111,-0.109587122930736,-0.00441573474275977,-0.110471699674817,-0.0201520884278246,-0.0527771040025183,-0.0645382456084148,-0.00836317705475705
0.0162287821489121,0.0234798293860288,0.035449704489415,0.0415576656494245,-0.0983295497386225,0.0446766564089223,-0.203796734304727,-0.0191421912820822,-0.0432435269923209,-0.0557659101897421,-0.0139261811490548
0.0178065790186487,0.0247889941699206,0.0318822037538246,0.0153037956522104,-0.0778304244104212,0.0472700628283749,-0.256178616624888,0.00270014927837912,-0.0187538576016671,-0.0253273972122343,-0.0469011441861691
0.0156809725663558,0.0195338339367405,0.0259210001820842,-0.00355465360636909,-0.0668300452889638,0.0518277407273743,-0.303407076635259,0.0119513544261799,-0.00500145299422507,0.000352886266953557,-0.0619324921498685
0.00751822376075737,0.0105744344847985,0.03431897744395,-0.276428837208446,-0.00949535236707198,-0.0358747771732342,-0.0194036625075367,-0.0142889574166204,-0.0322351907200553,-0.0394829972430573,-0.0138899767071003
0.00292973789512325,0.0113508345377721,0.0321146245845727,-0.262319277822238,-0.0202939783322085,-0.0343022533010339,0.00497883557822142,-0.022008459327394,-0.0298279828669264,-0.0550405482396034,-0.0107004600630743
0.00122258708461325,0.0103001539838459,0.0316695452992247,-0.228064145816122,-0.0365576472289238,-0.0321563665042814,0.0354290618587544,-0.027220291310922,-0.0308794453943516,-0.0662187976865095,-0.0151406401739819
0.00141328791742981,0.00843545339805881,0.0351088102594049,-0.179271250549018,-0.0558122230796135,-0.0276946225311444,0.0645190425020362,-0.0319619762316917,-0.0353681792342531,-0.0767019980253623,-0.0172666456646111
-0.00175336693571232,0.0216721972859155,0.0308127445680037,-0.0772608519103281,-0.0946993834684612,-0.0215974215998299,0.104756779840586,-0.0334211574856535,-0.0210067752998929,-0.0820937509243967,-0.0158350171985012
-0.00194905775886175,0.0183481948186594,0.0310187722237675,-0.0015066763605613,-0.120657544773878,-0.00954376797319895,0.130627594064944,-0.0368373622453713,-0.0303275215411358,-0.108480000848044,-0.00892000369202887
-0.000886248006286313,0.0118259073450382,0.0434427349450868,0.0386789105402898,-0.141354458270038,0.0158750132025762,0.130441182704911,-0.0349962528846248,-0.0452484448504178,-0.131277150952129,-0.00933909085495915
0.00154075349181675,0.0111444356854914,0.0455744268853596,0.0746535363355606,-0.148151895503897,0.0319106050770534,0.11075421444956,-0.0321429341439093,-0.0417446523963049,-0.136235745424664,-0.004447713241501
0.00115367180736832,0.0350405507690834,0.0391040702256825,0.0524442591063987,-0.137984516081898,0.0801016222507158,-0.00657976905194598,-0.0345366860289683,-0.0288377873769704,-0.10075852577219,-0.0117951646165483
0.0116058588785212,0.0449657056333402,0.0356912612578703,0.0393582098429042,-0.114972763499541,0.0943147019803424,-0.062725736028563,-0.033580772917216,-0.0166009140339012,-0.0963415921734715,-0.00759116909377833
0.0218630676571041,0.0555175962436016,0.0281101531546974,-0.00309700730070623,-0.0852584678886575,0.118067904794996,-0.146266504336155,-0.0237492507063768,0.0163741445459343,-0.081217929526265,-0.0120851637995319
0.0189281864338836,0.0547899799666118,0.0227307161602838,-0.0253564251517454,-0.0642603766655205,0.12076114807652,-0.200970819604216,-0.0107831285569289,0.0431407833691648,-0.0613741514112629,-0.0291116602735101
0.00906789113951437,0.038054108800737,0.0163891666930114,-0.0302440509072141,-0.0569078088583563,0.110605807416064,-0.233752138155741,-0.00462719851824672,0.0563552767212053,-0.0316285184876889,-0.0459699184948849
0.0210086027298065,-0.00103186808659579,0.0231774366620246,-0.27541308322316,-0.0492889007469632,0.0270926378202437,-0.0385513918732392,-0.0118078784446824,-0.0588620549257347,0.00243314227909215,0.0188256314471892
0.00950986259311125,-0.00163112964002719,0.0192947434519214,-0.256611930198121,-0.0593145164344847,0.0262054450506365,-0.00267795385835083,-0.0207278867075466,-0.051478179778923,-0.0182789801952388,0.0117306764044198
0.00243386059229105,-8.64424666532099e-05,0.0308091461087942,-0.197833387991572,-0.0720727136941201,0.0239148121900443,0.0333406869994082,-0.0221518726096652,-0.0467991508841027,-0.0230939061741294,-0.00562037568898869
-0.000387727156893758,0.0149880062189748,0.0264588170333502,-0.123401287623588,-0.0903412152198493,0.011586278970219,0.0743887541063216,-0.0173119346078662,-0.0151435459569091,-0.00220908527318509,-0.0311096941084639
-0.00229001467825993,0.0310110726016088,0.018988418941368,-0.060213672436357,-0.111462326863463,0.0204252239280151,0.103405380659196,-0.0224567593236079,-0.0157822968666207,-0.00930986772181325,-0.0420516056225275
0.00537812157972541,0.0426573589467403,0.0206626931208173,0.00222627226647331,-0.118209764440262,0.0291018824653318,0.141474446085162,-0.0277241636291765,-0.00305476634765415,-0.056634636543141,-0.0316178208562674
0.0101170398383065,0.0225945906817173,0.0412978356898875,0.0564942193040022,-0.127787593525498,0.0347126869562067,0.191623341840401,-0.0171254455826043,-0.0180470904178915,-0.115696964967674,-0.0402005353095916
0.0216763666043523,0.0315552064247597,0.0421591131742717,0.066414519660388,-0.115236503549786,0.0515219033040971,0.153998394102667,-0.0106577804185461,-0.0018185524215928,-0.119507115501985,-0.0368370753224078
0.0248017116411148,0.0592401392856371,0.0304408153340039,0.0463273526085962,-0.0953249818440026,0.0866896525387277,0.0522576518549838,-0.0198418612942951,0.0256463034060661,-0.0932435802527508,-0.0270923760601873
0.0298245008048172,0.076961156794693,0.017390884256942,0.0236836083464571,-0.0699768545901863,0.0992338597050251,-0.00914744149695846,-0.0236356176160351,0.0585979662667519,-0.0788652569629282,-0.0212145190042469
0.023676363347963,0.0740638533751366,0.0134330574870118,-0.00840445289081912,-0.054991719029115,0.125671213994631,-0.0852799205184674,-0.02628541739441,0.088126985761638,-0.0772938970387828,-0.0113195010094009
0.0135552162552257,0.0587421567795764,0.0184793653772754,-0.0282106790525974,-0.0443341325555261,0.1317468921861,-0.125870290853655,-0.0234601656441942,0.112759737190963,-0.0699626088837258,-0.0124056056935515
0.00730588147365104,0.0438508243395884,0.0200945826345323,-0.0461704857381529,-0.0391078112913838,0.137944437721016,-0.168724065294317,-0.0149538294583974,0.122472249215659,-0.0513208138346527,-0.024295969954344
0.0112550437592305,-0.00650390339026303,0.00223717244214025,-0.205865444055939,-0.0793668559295442,0.0373819940216135,-0.0193611878308203,-0.0136997208545677,-0.0117079978061793,0.0598166304227267,0.0525194814644244
0.00706823085478735,-0.0075503721148076,0.00738890828310123,-0.177402646092476,-0.0955046210137947,0.0420466917525971,-0.00823449574669774,-0.0121138204390743,-0.0272271954751063,0.0786559061735113,0.0386008172325117
0.0238108413513997,0.0137361291699361,0.0147166595880129,-0.124162809579605,-0.0879683085920836,0.0354876953623988,0.0114592504867552,0.0013025735749149,-0.0261541509311677,0.109125472064192,-0.0152378921229723
-0.000445624986492924,0.00742237358411313,0.0226386047577689,-0.0651209080395148,-0.0999122016796911,0.0231038897126287,0.0503981913395148,-0.0105577566483816,-0.0119250008380688,0.130650606324683,-0.0472888152052623
0.00161223677977213,0.0114806649269193,0.0397475976597275,-0.0118534665283029,-0.0967985368342698,0.0220525209816052,0.0918846958746767,0.00246718792935644,-0.00448073436613131,0.101206801103817,-0.0838480669828396
0.010662730949259,0.031727898898783,0.0337912886206055,0.0307526766686113,-0.0893678816941139,0.0242084149630859,0.131621140117372,-0.00653985304037242,0.0188740729863574,0.0421973259804445,-0.0728716160291047
0.0367170552175908,0.0427974030179869,0.0358770919555553,0.0621184794463924,-0.0772723662012536,0.0337206669154591,0.162316879399767,0.00152033032078151,0.0124189429848222,-0.0210350771920413,-0.071253469567713
0.0533892247514271,0.0494196363396385,0.0431207393557375,0.0731310812242222,-0.0508549658404946,0.041259509817495,0.162865623869887,0.00589987850827012,0.0309087161334183,-0.0760598968991171,-0.0566985783235681
0.0511320957686727,0.0773795736095454,0.0297116154114236,0.0450577575250825,-0.0289004083865714,0.0633179319061468,0.0807942379926569,-0.00299354839567912,0.0657367206247384,-0.0485576530172464,-0.0586377529062068
0.0497714883589782,0.0916868351515921,0.0100684068854132,0.0333503733803948,-0.0101609008599943,0.0692795224807802,0.0384019214750756,-0.0153105375078753,0.111083510146221,-0.0477101987253717,-0.0327470430145494
0.0306137408307209,0.0802031107378405,-0.0021345674617955,0.0122999041495377,-7.32732580375779e-05,0.0806013164790645,-0.0142670616206175,-0.0270775670659863,0.166263475567118,-0.0484340126243661,-0.00885074325643455
0.0131920464136178,0.0582503703219976,-0.00410392756135553,-0.000969436610115311,0.00513195847230468,0.0773319433130583,-0.0511412915900163,-0.0310100430400529,0.208644791237384,-0.0371983294724722,0.00828872015761521
-0.00311309332726651,0.041340851646669,-0.00184736925426782,-0.0136896593779244,-0.00596211234506809,0.0993576756112086,-0.0969007032410782,-0.0286220462685521,0.217206867180515,-0.03398830011562,0.00884522990614893
0.0352621822325528,0.00375218576433704,-0.00365582934000763,-0.107221768505744,-0.0761617448257728,0.0283168440736628,-0.0107171166470473,-0.00819579111734349,0.0118694782364608,0.118913692315506,0.108891682154796
0.00569777276162367,-0.00783697867465372,-0.00152782989709945,-0.0816937212227568,-0.0939030399051118,0.0234046910508498,-0.00139842606933698,-0.0148803523317639,0.0204739783015397,0.155551211525466,0.0780230295947332
0.00250631333094214,-0.00172363218726594,-0.000419069617231014,-0.0464784065783818,-0.093238289020961,0.0209544820024597,-0.00208237314196567,-0.0124349619361303,-0.00476652506355865,0.21861667349535,-0.000516042644031055
0.0207129139363479,0.00869468577252771,0.0147971752685543,-0.0152229584521442,-0.0821768172359812,0.0238258423451752,0.00234631128897835,0.00549368212968269,-0.0286745706728748,0.254962081789338,-0.063765132867361
0.0151320216886484,0.0392589412204028,0.0158192975300421,0.0280882569667484,-0.0658825620952065,0.0149648868918499,0.045835399802803,9.76345531705416e-05,-0.00618423388099533,0.220082611215418,-0.097726908312548
0.0341006366370843,0.04607185024825,0.0336950404493199,0.0499628957540279,-0.0301331109728433,0.0132649293367767,0.0807361199338278,0.00289813899107274,0.0114411694405718,0.142099936005642,-0.101818848402735
0.0636865087386642,0.0302264449222451,0.0717323157400256,0.0596856333576166,0.00300729982898257,0.0189825945179922,0.0997008063039348,0.0224787358278101,0.000455543871779364,0.0701499062742622,-0.105960382278354
0.0790053835244286,0.059248157415601,0.0556570124470927,0.0580491996517012,0.0285591490651279,0.0283848735230358,0.098009029767862,0.0145211691665399,0.0289546451922885,0.0192622016097421,-0.0903342999797727
0.0716276002546627,0.0650596668209871,0.0472586701165054,0.0382985835771181,0.0483262050285733,0.0339198465916558,0.0699917717608203,0.0060162832027423,0.0798047825335998,0.000589839575544647,-0.0832718004972015
0.0552185350547021,0.0680576369344582,0.0232967815584145,0.031814101534616,0.0513245994233317,0.0349294800078788,0.0511111427687643,-0.0100901767543147,0.128983446633853,-0.00999469997053503,-0.0612844439515901
0.0346632299997297,0.0471078086282271,0.00502639505110982,0.0298844100127768,0.0584630155015279,0.0209164513462022,0.0396085463354133,-0.0234842003711103,0.208560508337222,-0.0201355675038495,-0.014909045449311
0.0145639402624639,0.0172005701683913,-0.00186059875137845,0.0242175080918506,0.0543421359539259,0.0137246470861423,0.0184349888073315,-0.029313838693085,0.256763108754105,-0.0197014608999024,0.009370282984191
-0.00719773131254988,-0.0010760131186087,0.00301954599102385,0.00735525450188022,0.0461346663096008,0.0294958539232016,-0.0268677622135066,-0.031678903387373,0.263091203187046,-0.0103458576692866,0.0059655440575304
0.0300343451194753,0.00974779820877648,-0.00745854714322174,-0.0519424185230478,-0.0482614959258471,0.00966316525440439,-0.000146537931337346,-0.00912160090018461,0.0439899634474706,0.125371018073463,0.164431028711487
0.00584104349416746,0.0063845920028152,-0.00961883284836832,-0.0141851547812417,-0.0640751406740042,0.00554613134054028,-0.00227578595610131,-0.0334403733705188,0.038023551113127,0.197076398013906,0.126258365719092
-0.00705024914689279,0.00791019742244229,0.000722797127053691,0.018188986982942,-0.06402961011178,0.00347140913916216,0.00132024299910301,-0.0305005764855577,0.013384162993024,0.243742995508051,0.0530340867474668
-0.00510349091908834,0.00959967136804494,0.00798742423712846,0.0403374242796942,-0.0536138834854332,0.00313003931206275,0.00684079918503442,-0.0311805190707533,0.00257754584460123,0.253716131710448,0.00750063980211029
0.0243752190066688,0.034359769616728,0.0224720547362087,0.0607081143997892,-0.0262812540903993,0.00953450964260309,0.0121901128856412,-0.00670908511355386,-0.0285546261452067,0.248161366790335,-0.0698607850079439
0.0844121577267858,0.0669715030043067,0.0256127382512898,0.0558738294826656,0.0339682053630902,0.0145782117925954,0.0187954924440432,0.0128170560620673,-0.058975632827371,0.173254432048565,-0.0996831317093833
0.105426572849261,0.0577889282940249,0.0477635385992128,0.0500070021412314,0.06975877151499,0.0177952909657707,0.0375293156932368,0.0186705786146699,-0.0527084106891447,0.0944291575202928,-0.107243495210737
0.115849562915583,0.0316367900871238,0.0728492299668366,0.0523233227775596,0.0991518056069505,0.0184250390768093,0.0430637955267796,0.0246414312531828,-0.0347249146156834,0.0473904335803001,-0.104861456708076
0.0955018520663444,0.0143012650806181,0.0787506128836126,0.0440440035928382,0.113125553141347,0.0145257799308909,0.0385243262350799,0.0112266603816099,0.0282955463642676,0.00731329016100709,-0.0789598381535793
0.0820064249058384,0.0148999762090262,0.0485222896294493,0.0274567631980572,0.112518939234471,0.0106844950432297,0.0283268483440545,0.000670273166463986,0.0889860432092201,0.00773303886581166,-0.0725970090193316
0.0375840438015835,-0.0137033855232659,0.0255931841102504,0.0229793055882127,0.109253811469468,-0.0152447874163181,0.0347532472385233,-0.0191017073065476,0.194863401498373,-0.00302339873917394,-0.0263263494949044
0.0151580051235229,-0.0432734715754878,0.0183173011644934,0.0189850667638416,0.0942592250562798,-0.0187038020386018,0.0218879912569992,-0.0250323644141977,0.237127122982875,-0.00220150389762544,-0.00386789511443801
-0.00968643361617392,-0.0613906541702651,0.00523873440058673,0.0234765070608648,0.0750951530583937,-0.0215844624548339,0.01290136496494,-0.0329571282196629,0.260080116920098,0.0004707961043747,0.0100898433218832
0.0640528580949995,0.0414259856065619,-0.0304137692218932,-0.00458129183589503,0.000551834981335387,-0.00996404222322038,0.0189690345320989,-0.00316867993463006,0.0570466106081015,0.0585789476062762,0.270580252722734
0.0249027985517726,0.0231112322539545,-0.0118104651778866,0.0209338062729841,-0.0135078911779992,-0.00311078308561849,0.0115784840526983,-0.0367538045362816,0.0443885255162594,0.0993029471700882,0.247854556009037
0.00593185440573851,0.0102259635269286,0.00761079193657741,0.0466071579108078,-0.0147110829512574,-0.00339239139552336,0.0106936664007285,-0.0366747980358325,0.00483193573321841,0.139197117950796,0.166611659487512
-0.0179887681200115,0.00552533102239782,0.020171949578004,0.0626086047829008,-0.00481003632646323,-0.00462430304400947,-0.00536920326751272,-0.0536973390877047,-0.0191089760232644,0.188085573580314,0.0774275090850663
-0.010859979275576,0.0368877844735688,0.020350067693084,0.0741759312713422,0.0319210594546388,-0.0102058244388849,0.00397322119373045,-0.0483071245494914,-0.0559354566086135,0.183273078126873,-0.0223145618063677
0.039781134814642,0.06195720641685,0.0216759374963758,0.0596043103955411,0.0712939892199967,0.00886856104883062,0.00800740275608226,-0.0277723463874319,-0.0921252185735989,0.125125349297978,-0.0695927849559144
0.110541824116456,0.0601246516466132,0.0382722694615177,0.0358189597342435,0.110214419482763,0.0264654766338729,-0.00170703527575306,0.00592149532528659,-0.124267818812524,0.0747441755306562,-0.0947664323728247
0.125475112390504,0.0303263879281815,0.0545750042376281,0.0224366325546785,0.131868956108419,0.0348658132995687,-0.0174625783438775,0.0154835097483953,-0.1135679019756,0.0368485715793184,-0.0932938507051925
0.113915341043062,-0.0287955511983828,0.0816516871302998,0.0275127611910745,0.14218799585084,0.0183642626715086,0.0104362488270256,0.00753220167847517,-0.0478940836555946,-0.00388734331940065,-0.0617544359078275
0.0854647100454678,-0.0807586859897504,0.0905498885632213,0.028397917149954,0.138287094955474,-0.00078613311674384,0.00947218581420804,0.00632625629516969,0.00233839210547151,0.00208726073921303,-0.0667783331079257
0.0502377606310946,-0.110167232074741,0.0611223372593905,0.0134691642364506,0.122620448732963,-0.0143011346605121,0.0164324160385722,-0.0139007710615409,0.0926060977914286,-0.0167037019930273,-0.0326406844884554
0.0194551732514797,-0.128196133941622,0.0336573528525984,0.00650838349792244,0.100488800875148,-0.0208862506539417,0.0122700883440387,-0.0317564680698845,0.155290183505695,-0.0144494857134588,0.00328748038891238
-0.0146883016304827,-0.138355513942835,0.0202692457637965,0.0105313536243106,0.0785077861505924,-0.0289041237415606,0.00830613670835807,-0.0385567250604726,0.19168405825053,0.00332663150449329,-0.00383290209575386
0.0688003793724959,0.02871712752928,-0.00765602134935522,0.00873561895696147,0.028700793729692,0.00111505106773993,0.0203172750354951,0.0343353473266809,0.0113920558706087,-0.00600915689865491,0.281593755909565
0.00862920189093603,0.0187373483834033,0.0101009453746477,0.0261207921341016,0.018861479601134,0.0147369773149006,0.023543633871771,-0.0292238015505055,0.0181914215637082,0.00464258473910336,0.284737224965873
-0.02503880412337,0.0172176031448211,0.0262945502603459,0.0474100787966045,0.0267757001828825,0.0152472927317755,0.0213654734331537,-0.0559982080801764,-0.00934670429786103,0.0224924653335219,0.23160451663384
-0.0447852271857865,-0.00249793280836336,0.0567464275075049,0.0509520753328305,0.0336202326724127,0.0199669909164203,0.00867177273840234,-0.0619155466424011,-0.0470572279744964,0.0518438154495017,0.155078027075036
-0.0706822937074992,0.0133233134580066,0.0547631284603861,0.0530630935016367,0.0558477114785023,0.0168796053716461,-0.0016900580525269,-0.0869758893388297,-0.0722717380913024,0.0809734604090556,0.0560995774604822
-0.0388746867223709,0.0339255622547891,0.0452180629811142,0.0313917510878391,0.0914772135193574,0.0291566498750746,0.00109019472923151,-0.0850754883658189,-0.113856587399393,0.0394059065717886,-0.0109736590058127
0.0326962637555111,0.040217677629317,0.0343690933956684,0.0160995335736703,0.123350551981586,0.0395996737739512,-0.000802429065650867,-0.061097362712269,-0.140192536842264,0.00252618253718917,-0.0498772162092764
0.0773588511928179,0.0158839827651031,0.0400328979533019,-0.00241311311188069,0.140427587361055,0.0519478698518592,-0.0108144189805964,-0.0454020865524477,-0.138226871125864,-0.0297858880043472,-0.0488413240519849
0.112282477529826,-0.0396206192620074,0.036546512136852,-0.00662804155768496,0.137693062593657,0.0404591388131745,-0.0129139694197753,-0.014339963165544,-0.101911921658175,-0.0305272194919471,-0.0378538546229721
0.105506753804667,-0.0972373418781321,0.0321314706184334,-0.0149785989936854,0.125160726961158,0.0288855382572909,-0.0130226656455729,-0.0198459906982783,-0.066783003340321,-0.0318081105003056,-0.0235100815048582
0.0488761702585937,-0.191822657716892,0.0655530377225385,-0.00622479068912005,0.102001287924138,0.00564890720722975,6.25020209690345e-05,-0.0185612068529255,-0.00321545510909581,-0.0316278949895572,-0.0194945037587155
0.0105773134558126,-0.230015651065836,0.0580774177638904,0.011294275277726,0.0839877447288363,-0.0254472114006056,-0.00329380969548094,-0.0163408676058102,0.0655700696931301,-0.00495241023408987,-0.0185365345463598
-0.0239186688278418,-0.20582563186878,0.0329822140185614,0.00275023275607695,0.0593526826124907,-0.0170596032820691,0.00323235596734419,-0.032260908286956,0.122426953573085,-0.010488924746307,-0.0132462487512387
0.0814046964265148,0.0337080605796719,0.0198016963788856,0.00154975773217875,0.0574326324242627,0.00872803184001241,0.0259908436196602,0.136568546908685,-0.014388494186607,-0.0579595961166158,0.234505221008466
0.021417175851382,0.0111457102753192,0.0497786194470819,0.0225926493905281,0.0451976027149894,0.0239502465933831,0.0242598166402331,0.0789524801853902,-0.0120451458457238,-0.0426481835825301,0.240233375429682
-0.0467495336013749,-0.00182362340468361,0.0592018913794688,0.0372645563045441,0.0476983792063887,0.0200298351626883,0.0196964188534212,0.00603242871537405,-0.0239752390025544,-0.0194475975458927,0.202504160037617
-0.116467753034933,-0.00685188025399373,0.0744123970975195,0.0453814203550772,0.0561033562664962,0.0195291554272647,0.0156757575892047,-0.0591535291273317,-0.038404169681365,-0.00144826568775707,0.151774456358112
-0.18338913710267,0.0276264508679018,0.0619577903513178,0.0316609321282268,0.0754560781276857,0.028173565174493,0.00952227672905828,-0.134182906091277,-0.0730367117476622,-0.0105931679664334,0.0680094439399326
-0.136799472473092,0.0171855423863817,0.0590006222832902,0.0160711356661174,0.0955591797937053,0.0386610098746915,0.00331841890312463,-0.123225335894093,-0.103327763931687,-0.0214043198912469,0.0211414828664804
-0.0642251249512633,0.00910739188293799,0.0351232055105352,0.00321068078284866,0.106191299636329,0.0502764612759343,-0.00473932486365696,-0.0959026831128502,-0.132450573261253,-0.0357701749913117,-0.0144780633769918
0.0424316863869726,0.00879341223425711,-0.00903069263240666,-0.0132064939739789,0.126800860810563,0.0527829555719582,-0.016585450353835,-0.0619635446595869,-0.135423644710249,-0.0501393229165638,-0.0117312996298722
0.105017984610013,-0.0449480595046181,-0.0154534600803262,-0.0229992249433224,0.116997439241206,0.0582731580814624,-0.0321484251959673,-0.0184939110116897,-0.146695586981403,-0.0434639975808658,-0.0269077933182766
0.10285544398083,-0.0997501151230356,-0.0247871030885025,-0.0235849630367966,0.0946529129750095,0.0501014679242588,-0.0243350853270751,-0.0209410426902465,-0.113135338625676,-0.0517592339764418,-0.0101780755222316
0.0609130359782294,-0.174722004688852,-0.0181531242923403,-0.019132417857541,0.0590474474775867,0.0310078751694787,-0.00167078620320812,-0.0205432066375886,-0.0443560138722486,-0.058636749560571,0.00110244605487462
-0.000738842547380804,-0.263528496243385,0.0184024076563934,-0.00603887344787602,0.00685325542355975,0.0212036854599166,0.00426824057096218,-0.00807984474937138,0.00224159035260605,-0.026872360508587,-0.0118379858977082
-0.074918599475961,-0.306837388472546,0.0562400324924901,-0.00136366956633908,-0.00607878719898986,0.0149023353837541,-0.00228653173024054,-0.02941748969906,0.0377082181490846,-0.00696726274010266,-0.0292857555759189
0.0724200381152348,0.0429510076133194,0.0240585028955845,-0.000178425341259817,0.064035895592424,0.0215453090512036,0.0141751951623255,0.209058715954837,-0.0421374572307783,-0.0766429835121787,0.169502954089442
0.0246106754113377,0.0266345276658732,0.0410409751727999,0.00770327886814476,0.0659471031377971,0.0202609830762475,0.0200389674724177,0.171357043145057,-0.0333761695621634,-0.0684584969784269,0.161329376338819
-0.0871675329319878,-0.0212814312364857,0.0859202583884796,0.00732674374753935,0.0460217969799136,0.0323756944379446,0.0173593176571675,0.0983050459321349,-0.0505496947312514,-0.0504076342262037,0.104049418954894
-0.222229886375158,-0.048700581395301,0.119872527564858,0.013179234412791,0.038384674250736,0.0295837707758127,0.0128147266144362,0.00829061815647289,-0.038485873681886,-0.0264526624055086,0.0550699824717461
-0.259628910743498,-0.0202624780165155,0.0869665292738242,0.019269157215223,0.0468302768100354,0.0297998724107072,0.00842033283326924,-0.0649242768142022,-0.0495277637161981,-0.0151201296122907,0.0162466250713191
-0.225558353539513,0.0540192819724891,0.00630939122616464,0.0138353016345533,0.0883575967202355,0.0279786713887433,0.00902767415153711,-0.134741284383936,-0.0525966120297485,-0.0349497571900923,0.0127244578656335
-0.131688713787758,0.0422588621842997,-0.0283048976713603,-0.00232857569222676,0.0971163478220521,0.0390541540612406,-0.0112205578620685,-0.0972813634566017,-0.0886320551308786,-0.0417700441447651,-0.0212543659607102
0.000589931905696248,0.0317065079290978,-0.0803498685124508,-0.0104977344481836,0.102676899493064,0.0461532363438539,-0.0210267580702834,-0.0532111269046549,-0.107256968198778,-0.0504542644266561,-0.0140895345545923
0.0540641684243902,-0.0115996275435835,-0.101747571039057,-0.0153120601058593,0.0869581402203699,0.04863922242882,-0.0157821978117546,-0.0385097221929597,-0.101705427068299,-0.0525877240374812,-0.00377889660926376
0.0765237043268994,-0.0704584673369661,-0.111789562727701,-0.0067142847883775,0.0530602422578675,0.0476713785037257,-0.00416827122014477,-0.0291234532128914,-0.088116857750623,-0.0527386184028371,0.0109199358697537
0.0394415206990886,-0.184668534533439,-0.0842609495507265,-0.000445282012116032,-0.017070363431459,0.0449881956467226,0.00739940655480274,-0.00100566580747688,-0.0686080643888227,-0.0362255790854376,-0.00421424347990828
0.000775007657392216,-0.241450437702921,-0.069415094135581,0.0103847357585811,-0.0546811318182643,0.0382316112446064,0.0178791893957112,0.00881809141997567,-0.0274594797581045,-0.0170292300290964,-0.0193686160921486
-0.0645123862369091,-0.315507665964644,-0.0165459865494319,0.00929659124182666,-0.0758275338073583,0.026256616702097,0.00971950030567491,0.0105591780794429,0.00455125277075205,0.0143279120531502,-0.0509597469195449
0.0673960494312991,0.0688848449505468,-0.00472977712841179,0.00167936367016953,0.0613661806749485,0.00949169700353477,0.00404171198398378,0.305585296043159,-0.0310883643876888,-0.0532088586124969,0.0765617753690513
-0.0132853875563164,0.00350442990637713,0.0495168665531691,-0.0019796489484391,0.0269734018937656,0.0260571390729487,-0.00884818444224485,0.306192908111164,-0.0474036909854308,-0.0320874815089923,0.0245370802885618
-0.104861723611775,-0.0327495490850106,0.0690624924819934,0.0052348942811844,0.00689080202917343,0.0279900286020055,-0.00318869180109796,0.243904730081423,-0.0371459970498604,-0.0158393976062875,0.00274070068401443
-0.260397692601798,-0.0598856339011795,0.0818740222320325,0.00756389087927182,-0.00655987062366499,0.0225157499447015,0.00244754609226414,0.110031771779468,-0.00735516134760394,0.0128887037856529,-0.0404929332423169
-0.320937879703309,-0.0322859783996822,0.0655134325916345,-0.00131721651880497,0.0181954963725127,0.0202129323137609,0.0151917691629296,0.0184397403898589,0.00535150381009316,-0.0106859282465985,-0.0569886583629155
-0.247512756047283,0.0621365868225291,-0.042575627644897,-0.000229327854545856,0.074049511108211,0.00952251104249768,0.0144122374418291,-0.0515594770768908,0.00819695595335902,-0.0170026520925814,-0.0391692364210884
-0.159340487179248,0.102074184641655,-0.113932807959014,-0.00641897176290394,0.0977372742121313,0.017119908444974,0.00778298170939907,-0.0666431730812122,-0.0150924191051817,-0.0394222739789384,-0.0329846288726107
-0.0581060952776814,0.104266869861717,-0.176623497022189,-0.00465470793520064,0.0906251883896228,0.0284623872834249,0.0109173241776268,-0.0750023466499195,-0.0348786619787418,-0.0519300107084839,-0.00306824759290993
0.0210059306094838,0.0525517841265416,-0.202304970343927,-0.0054132014241313,0.0658751835674741,0.0292517218111926,-0.00409471497144451,-0.0334819179776663,-0.0526121785429517,-0.0372260960167877,-0.00240110320255607
0.0483859393243783,-0.0236198718236678,-0.206131343498544,0.00254436300426803,0.0214094249134857,0.0331211905660497,0.0113896202172408,-0.0261489081536034,-0.0503017142896063,-0.0355829309929841,0.01412091180308
0.0491816195181291,-0.140661394548155,-0.207664925627785,0.0282389395957826,-0.0643126047294065,0.0199764495752089,0.0177799215872145,0.0230664540916634,-0.0421608297360096,0.0051185560321647,-0.0064987243375624
0.026184666661713,-0.173221376537535,-0.196874290881298,0.0252321401090338,-0.0729397607252934,0.0156976582427414,0.013809530530755,0.0157149604766671,-0.0160063529094518,0.0154417486995901,-0.00964225993487565
0.0170316989622573,-0.196928055740987,-0.168965373917895,0.0227488792695286,-0.0671575511373042,0.0108126145986392,0.0039002471642855,0.0262849262275774,-0.00274459695362091,0.0245316754170938,-0.0168151757064927
0.0583929494863203,0.0866983869039536,-0.0524189783535428,0.000440705568136399,0.0560274595847046,-0.00590258067466032,-0.0147077998825808,0.357322331838574,-0.0150137775248166,-0.0198981171692813,0.0062054794649399
-0.0219794182378551,0.00873252530935282,-0.0146393307534075,0.0216959181173372,-0.009354992567765,0.00300239308677379,-0.00772140544432477,0.371287433977062,-0.0145661148573857,0.015119550510456,-0.0466516854800692
-0.113823190370335,-0.0410887039601923,0.0136103391967427,0.0225952390242158,-0.047668373095518,0.0130142210771282,0.00595721729374607,0.338767063192932,-0.00444398626996233,0.0351819436203695,-0.0788957002871848
-0.235484846401382,-0.0460373036747643,0.00410346969072598,0.0190853824035414,-0.0469844032183758,0.0028337123067898,0.00426471101469168,0.222097933122783,0.0169640885967993,0.0566703335897917,-0.113186980680197
-0.234059330677736,0.0351027973171223,-0.0520412728308404,-0.00223610474777305,0.025425286822948,-0.00674455961810475,0.00786458084698565,0.121412501261699,0.0319515926759205,0.0359421826651978,-0.109419215408042
-0.205135958791316,0.116281045550387,-0.1358712346336,0.00211200031809149,0.0805013788518477,-0.0280065209940634,0.00658294436245369,0.0301997769888863,0.0510735879258685,0.0216302514945989,-0.07777840016723
-0.13419198195458,0.150876407419882,-0.19782423687899,-0.0046951967377172,0.0994303581588874,-0.0245868520757563,-0.00452348000569729,0.018526884367666,0.0424442587650252,0.00721032292815769,-0.0660719447894833
-0.0464889275733824,0.152691682051787,-0.255592333815853,0.00777515853142174,0.0905199829469758,-0.0161224789229489,-0.000157359191334239,-0.000136398850519217,0.018481967656966,-0.00577048028703931,-0.0318966958606023
0.00554556164467467,0.124428493055168,-0.293759741232323,0.0173409088978766,0.0597332282080303,-0.00810549681144805,0.00454713492482119,-0.00742635055262839,0.00505100185241347,-0.0173598595278692,0.00591085610807144
0.0281855308627805,0.062180882679694,-0.316343492447924,0.0338238402322115,-0.000274448643282175,0.00284696097491993,0.0248553081838863,-0.011714474372592,0.00806738390498884,-0.00847344191829497,0.0235549900400826
0.0224251819357086,-0.0516474953376759,-0.285634071620055,0.028137729503193,-0.0561924195231966,0.0125237493973566,0.0213892908739104,0.013155230837856,-0.00718393981235499,0.0107407219952933,-0.00548270585141667
0.00697573754916424,-0.10553883522857,-0.262556710448503,0.0285143519098434,-0.0802499802431784,0.0158137391142903,0.0247412050912738,0.00584653383686059,0.0045763254428193,0.0154191076676533,-0.000497609542627186
-0.00210674254958822,-0.130691859284193,-0.233414616147862,0.0197911933087877,-0.0615510168457321,0.00695299355077806,0.00601544702493388,0.00357941866203398,0.00558692261599919,0.0186922129252724,-0.0120399264087364
