0.0149033244420414,-0.0221497840797409,-0.0385533971902008,0.242057618689852,-0.0265297182636534,0.0017664484220044,0.031092003276029,-0.00124767548109055,0.0326717509119913,0.0179841001328184,-0.00667082671224241,0.14327094053626
0.00384693999608795,-0.0262963570472189,-0.039385611905833,0.253179613329753,-0.0129866447733163,-0.0111133081492744,0.0142510646621542,-0.0154968634392938,0.0313198791335485,-0.0136952436098592,-0.0070423311804958,0.113388447201274
-0.00758302493546973,-0.0270438201225153,-0.0256577356187399,0.247739431838177,-0.00982712377416007,-0.0149995777434845,-0.00604523177548841,-0.0215255924555648,0.0281240806575936,-0.00368060030606755,-0.00686613365394318,0.0756298775418817
-0.0165596959733768,-0.0101409402334541,-0.0200878159399721,0.231487406321949,0.00637481746296518,-0.0160699217912312,-0.0458133156259552,-0.0216786697653532,0.0356168975855478,-0.0314893908677021,-0.0168005110293318,0.0306966153609423
-0.014592077623016,-0.00355779667271153,-0.0138627606082764,0.208265862795174,0.0172412514661578,-0.0103703534865583,-0.100263152634066,-0.0174805980838185,0.042513982431946,-0.0487364278591118,-0.0191577282760019,-0.00368522074757868
-0.0207421956295301,0.00765213310439549,-0.0143109289882528,0.185512903249636,0.013594700449148,0.00342071259201141,-0.136860503444899,-0.0133624544364852,0.0465504675863919,-0.0622767804002027,-0.0321344782315363,-0.00550466732867418
-0.0134352217819302,0.00973778496049759,-0.0124648934898687,0.171323852445707,0.0190218628725643,0.00696303427113188,-0.163225174219325,-0.00958603615824426,0.0538802561627703,-0.0687575430834197,-0.0289921128341668,-0.0129575962085577
0.00119417901880151,-0.00353894110766526,0.016040232199763,0.139816581141015,0.0184787528441017,0.00660306346878577,-0.192992040559917,0.0117121272299921,0.0663241175197888,0.00390944570256347,-0.00811897596093424,-0.00926873337932334
0.00397338593118657,-0.000669235858163277,0.0173383999325866,0.113760687541615,0.0100189573099535,0.016567218849813,-0.191329671701802,0.019621380757527,0.0729244893553915,0.0464779953035158,0.0021936925379912,0.00117416111097782
0.00532746203734562,0.00200176554752161,0.0196917682528078,0.100804915137001,0.014447739238233,0.0168857561612227,-0.193371559639862,0.0161128238197489,0.0721619505581138,0.0547475181886798,0.00284666106938525,0.0160653101553449
0.0078706666068459,0.00949499316829886,0.0161516892236105,0.0807132001918152,0.011945927673483,0.0190517684476733,-0.179018678771383,0.0217461023672314,0.0792189888696651,0.0686047009833116,0.00365567299225778,0.0585689417268341
0.00903129260134992,0.0176700151269574,0.00483709022188496,0.0660525954595014,0.0128740744270866,0.0229388666109241,-0.142843059942256,0.016162740488697,0.0792587926594903,0.0785859011524267,0.00662598543112537,0.10712419816911
0.0018847913652988,0.0278157301090689,-0.00156600696665207,0.0478001733790484,0.0158133599251342,0.0126039982832919,-0.115486420515539,0.00848157676526533,0.0853411543325327,0.0707061790140401,-0.000129796124122974,0.140446280409088
-0.0113862620507774,0.0349863374340604,-0.00651286209545606,0.0333993801894619,0.0219835343970042,0.00800599780685968,-0.0952012268682571,0.00273189532035128,0.0838959428612101,0.0682068988071982,-0.00601879359322111,0.17037341422232
-0.0163043837959834,0.0353293813720712,0.00065713846098608,0.0250834519303388,0.0262306045187506,0.00310549477178165,-0.0858428721376303,-0.00303601555444701,0.083547733609383,0.0631027167343244,-0.00554592286338061,0.200547598479012
-0.00890023134121309,0.0309287331729155,0.00203950951225196,0.0220451444063539,0.0234412050992275,-0.00296424271442559,-0.080255982492813,-0.00535313391607931,0.0832540208195931,0.0601779575596684,-0.00424087496614686,0.229733530436936
-0.00364171156282925,0.0156183470258785,0.00502930432561091,0.0245736211287149,0.0192049230323865,-0.00155951072780719,-0.0776397747887176,-0.0127438693133195,0.0700474861586407,0.0632189149570432,0.00372304134430195,0.250399457034256
-0.0300297170311588,-0.0518837555411847,-0.0282615857506315,0.206157523946266,-0.00819575507094086,-0.00687143550469242,0.0979120336184428,-0.0231966483583062,0.0203438015669679,0.0107573387122859,-0.00259022358635184,0.0506804021468806
-0.0407310847571311,-0.0413787204610992,-0.0366718090074583,0.197158469539174,-0.0127644084437488,-0.00334883070952508,0.0935514964187578,-0.0296626695462614,0.0250983715297208,0.00531639915798499,-0.010993104084855,0.0443363893473833
-0.0484373449924151,-0.0362612160738567,-0.0288084929199262,0.186984869166385,-0.0070869161615061,-0.00522753055908166,0.0636115078674165,-0.0314570093107123,0.023995866279919,0.0107959224017442,-0.00885426748554041,0.00923609707229174
-0.053985462579871,-0.0255577589203106,-0.0240446767367423,0.172247560094834,0.00393639782906358,-0.00162355749434859,0.0242791406294881,-0.0302629597564522,0.0309434196760379,-0.0150344002097199,-0.0162678327509029,-0.0380185934442211
-0.0649168827524537,-0.0152196745824912,-0.0237579705739459,0.161866822498205,0.0164695393794379,-3.70502270241567e-05,-0.00636592542354074,-0.0301961892052184,0.0338703744118281,-0.0291473616600012,-0.0232871245427975,-0.0777058560305109
-0.059023426796547,-0.00362690142338445,-0.0149597477894316,0.127363010132643,0.0162068163491795,0.0150076716247063,-0.0822735906046835,-0.0210711135150537,0.0423813224362455,-0.0449439065220937,-0.0299066022375505,-0.0893326412904678
-0.0613142174736537,-0.018224140413727,0.00110223568834214,0.0858725052361584,0.0211373294680284,0.0109040425560121,-0.0942396536573958,-0.0154471165089448,0.0509969919509908,0.0264442170623725,-0.00974524122220219,-0.112316363547796
-0.0488567874624528,-0.0213210553112241,0.00870056484602945,0.0622118360716063,0.0190015614463125,0.0143490467606519,-0.108137661817004,-0.0051473838611693,0.0624622459646032,0.055997432692052,-0.00097639902757907,-0.10387008149812
-0.0586461323538156,-0.000348247387056574,0.00311543289095638,0.0326271529082753,0.0061611549880969,0.0263317837920155,-0.116038495479069,-0.00308481540569503,0.0668943593734091,0.0733940912739587,-0.0089061762322584,-0.0766673786904375
-0.0488242201090813,0.00669395710751166,-0.00106081640449444,0.0127823052089835,0.00533394383996955,0.0263572298739407,-0.113554439389283,-0.00114858196165646,0.0737573009387345,0.0854983592420968,-0.00677078665400319,-0.05183387694493
-0.0496209086932745,0.0169261088938139,-0.00926398615044821,0.000563495091433518,0.00657330423289195,0.035029084929644,-0.100515097059054,-0.00183785066458377,0.0765706836936161,0.0742731278479953,-0.0081434156729838,-0.00613040487376482
-0.0468748647791144,0.021999726166726,-0.0138166759984223,-0.0112779725087794,0.0101483037017004,0.0296377937783569,-0.0882631922886907,-0.00148356692945246,0.0787337310400226,0.0636488318549039,-0.00980446186509045,0.044762231481533
-0.0550237702701343,0.023960659208009,-0.0161533502253567,-0.0278627639148395,0.0140404604104078,0.0256706218093209,-0.0631480119310194,-0.00723127183295577,0.0809844382300589,0.0563918641705021,-0.0143064910184974,0.0778408775040346
-0.0608121660822526,0.0254455378040074,-0.0143580742732623,-0.0348963980312431,0.0187170636410021,0.0181497217717754,-0.0514845557926181,-0.0103043012606948,0.0800190602522957,0.0559020292188261,-0.0178071726326758,0.105732104466991
-0.0688835411904757,0.0252928620963212,-0.0131547849213531,-0.0416533106171413,0.0199978970607253,0.0118358606336046,-0.0323123074770447,-0.0149443776178294,0.0801362360630716,0.0469283422841046,-0.0217646049624532,0.14111361513107
-0.0666010514573436,0.0255348754811423,-0.012631716421277,-0.0401903492695357,0.0207393772723677,0.0103158353576927,-0.0243535205787986,-0.0132305831662731,0.0779334967245754,0.0484225870165415,-0.0210411798941472,0.17160916009896
-0.0691635300029682,0.0265509977667776,-0.0132514600774651,-0.041105973687263,0.0198308674531379,0.00901165706602181,-0.0242263028975233,-0.0181638765851619,0.0741869297632382,0.0495034449966638,-0.0185185730538474,0.174048690772944
-0.0417115228190613,-0.0436462868529423,-0.0320095020443615,0.141209140249656,-0.0195493525897236,0.000784743295484645,0.165466931123487,-0.0274541977293091,0.0277072117201088,0.0385906697652302,-0.00252689994918882,0.0231790815239381
-0.0575737588510506,-0.0315822257570164,-0.0324142316409332,0.130182307116332,-0.00498154043249819,0.0023839151819535,0.139705331244864,-0.0336323827617717,0.0363794239392678,0.00262369508752311,-0.00835911884303925,-0.00943209988357415
-0.0683454195191013,-0.0198197905670357,-0.0260497343656021,0.120182273492589,0.00129726584650909,0.00115414855310168,0.113746670495787,-0.0343943720990766,0.0362758359275312,0.0131468534553908,-0.0119849332010214,-0.0487587527939699
-0.064202897263698,-0.027187749991658,-0.0156257888380508,0.0871938308347649,-0.000479109301338796,0.00474990522869204,0.0884159953669691,-0.0259271071610869,0.0449665979742405,0.0688261815922842,0.00363297751446784,-0.0838306989563796
-0.0658960724536003,-0.0290251896492151,-0.0134819281037032,0.0704680935932733,0.00162763824184828,0.00631652696310915,0.0708387437084163,-0.0211159370504089,0.0503810688248743,0.0964649122475407,0.0083262511121017,-0.111816268961064
-0.0535877981174274,-0.0302241117609468,-0.00210742470501002,0.043303185370917,0.0117758096538697,0.0073930532509042,-0.00197473253693176,-0.0163882152046109,0.0545280442870136,0.0926686868547297,0.0124792556397567,-0.138312377058922
-0.0574390317400124,-0.0370401488890786,0.00316751826394546,0.0287620732394457,0.0176774392746283,0.00191507418119151,-0.0282295811200854,-0.0175390757067693,0.0566799172807047,0.0887559144240781,0.0101148839615518,-0.159100861299148
-0.0579235650797347,-0.0337723879338613,0.011089577926282,0.00831212797003824,0.021257837220241,-0.000949538003392673,-0.0618144500276641,-0.0117147504523398,0.0644209805953926,0.0810325422695026,0.00443823580231712,-0.169996656813927
-0.0660800516634959,-0.00583078473588708,0.0024166171148311,-0.0200065949948061,0.0139960315918889,0.0126031508133355,-0.0791604436728435,-0.0115835340365147,0.069318681809189,0.0826516227065324,-0.00552108593158672,-0.146487482696831
-0.0593980208363641,-0.00108635547751013,-0.00559518686579893,-0.0441414472960274,0.0185903164879425,0.0128136512878022,-0.0776598530264486,-0.0120118307315351,0.079144734148075,0.0739602201836838,-0.00548129995151984,-0.121403553937687
-0.0532577269200944,0.0141487939195371,-0.0282169060429056,-0.0617843567238913,0.000554203849344993,0.0313000889328419,-0.0605297342370808,-0.00825219022387344,0.0885454992971306,0.0462237089768085,-0.015289750078377,-0.0414427827826397
-0.0527101673294803,0.00844968985860105,-0.0311783902281309,-0.0673353298539504,0.000169565980124874,0.0274547760014985,-0.0415550691548596,-0.0119363906042624,0.0851020168364211,0.0442861670964781,-0.0138397770151577,0.00314722955760703
-0.0623096458798204,0.00427871103426486,-0.0289495318357537,-0.0766543491528321,0.00562731345742592,0.0153938613345001,-0.0271702527874965,-0.0166829281517407,0.084850925138093,0.0342662550262581,-0.0184557356826432,0.0358400834751531
-0.0760503864870863,0.00464892439582327,-0.030031548856978,-0.0824762320575407,0.00631810052118353,0.0161417172226346,-0.0127391696126853,-0.0202830734848508,0.0807555717357559,0.0312984884208253,-0.0239217069769072,0.066715548823308
-0.0874972674672049,0.00759197914335448,-0.0282932605511617,-0.089859186810684,0.0114081660864077,0.0140159608805352,-0.00457117424966442,-0.0232755285420837,0.0788379542033335,0.0223490565283801,-0.0269793082393851,0.0944851388806865
-0.0861985769642434,0.0073579242706264,-0.0258189719468131,-0.0872893585225481,0.0101166463135472,0.0135485301840515,0.00743319824775489,-0.0230091138902784,0.0748920797499176,0.0253827962965733,-0.0264437919044652,0.126045328192949
-0.0835481767659715,0.00329491634467487,-0.0200686698051494,-0.0818672889079216,0.00724459008005412,0.0178283051772165,0.00650377430987149,-0.0218164317555201,0.0693471777550134,0.0324690055983809,-0.0211768413561504,0.137275539035927
-0.0358986824360369,-0.0330982050300305,-0.00722949071275657,0.0615256000415904,-0.0188000024187657,-0.00188757038784654,0.198081478648817,-0.0157119100519245,0.0496702635952921,0.0949281053164947,0.00854479535058306,0.0086435085057413
-0.0331514431668012,-0.0131674373202788,-0.0168146735240796,0.0477589064304558,-0.0106515823763314,0.0108172566861881,0.192926439345884,-0.0108723942715852,0.0568351006453976,0.0949682397067615,0.00294278542475366,-0.00698818120296145
-0.0352369872835159,-0.00557596437730993,-0.0162861812437007,0.037918561378459,-0.00730435919986681,0.0124147388663211,0.1736613600955,-0.0138107981390523,0.0617197849712173,0.0928810099642537,0.000990687454210302,-0.0395328177136696
-0.0260892691968115,-0.000463433444570848,-0.0171158839342373,0.0266809591465889,-0.000550031247526294,0.0169233230210745,0.121631684665355,-0.00779511431939021,0.0656676908344649,0.0787739748605274,-0.00132720605174477,-0.0735260495458993
-0.0267186473453084,0.00224367855975531,-0.0193911082972425,0.0177452344224974,0.00721584437676339,0.013439984512979,0.0942601322690824,-0.010726175625015,0.067278999195183,0.0691053977953506,-0.00382829446636505,-0.0998834156372573
-0.0232875335972071,-0.0182860938635782,-0.0160439553840541,0.00185729016742711,0.00416321255845027,0.013668990325355,0.0400676627255459,-0.0140954807464932,0.0684616898908593,0.0615168033778065,0.00856352174285755,-0.132288276397673
-0.0263541143338707,-0.0196153361196254,-0.0104487314153831,-0.0107553839953483,0.00917928707989696,0.00357760700976831,0.00787730038138559,-0.0182952983665976,0.0688497480098997,0.0620174240114813,0.00457390325381516,-0.157130845032286
-0.0276413000352757,-0.0169684769034637,-0.0023314721392749,-0.0369362972619978,0.0176714030905894,-0.00328934880605,-0.0360227814306104,-0.0137759892926336,0.0760154699401984,0.0542928833856149,-0.00116659827151492,-0.1757528188605
-0.0306181041910966,-0.0215001548921108,-0.00317357323589532,-0.0550275760348381,0.0181657977563345,-0.0057539408505879,-0.0491098135084617,-0.013117636973937,0.0764954711711163,0.067849646971581,0.000493720512823197,-0.174957734068341
-0.0326794686715272,-0.0196750601151534,-0.00399140126783433,-0.070032272516145,0.0190774525978178,-0.00870645758019583,-0.0545303428640796,-0.0170553105352512,0.0782721367430181,0.067472696850431,0.000315211472123784,-0.15570465978926
-0.0340054171941973,-0.00540554689281727,-0.0345222726673174,-0.089150200735046,-0.00734505977466281,0.0133329458796975,-0.0383340640069798,-0.0128256225290347,0.0891229195091417,0.0210719316124363,-0.0161849722376568,-0.0669982101873525
-0.0337627957533374,-0.0119439869852759,-0.0348759107834647,-0.101169439489677,-0.00156577151142846,0.00715779212573402,-0.0257618746976304,-0.0146105134924529,0.0903119372381032,0.00879264410274463,-0.0172268535503469,-0.022210072805559
-0.0448931276097738,-0.0207926970700521,-0.0352315028555803,-0.105821109427199,0.00133930079699937,0.0037535190924086,-0.00737203893050121,-0.019830240299852,0.0871499370864219,-0.000977572326477084,-0.0155224763398106,0.0126607149189928
-0.0692017261300317,-0.0251434730203045,-0.0300278604434996,-0.112331901899043,0.00636603570106918,-0.000701791148260975,0.00588345046259428,-0.0265296207248319,0.0820111197209706,-0.00122491881726816,-0.0199029744983467,0.0327343872278345
-0.0882415917085069,-0.0198132767742471,-0.0269390357111163,-0.12348738644396,0.00390217033584278,-0.000650034763518933,0.0140538860466801,-0.0293430842452938,0.078578953376255,-0.0081771342724841,-0.0272208514439,0.0604264079709902
-0.0865103224711034,-0.0226133286490493,-0.0260347594023479,-0.114986545930459,0.00137188089756912,0.00548719203289781,0.0279458449841053,-0.0274173879127819,0.0702840706554795,-0.00248514815355374,-0.0217134290928049,0.0935841868581286
-0.0858687836944301,-0.0248788218763454,-0.0261116400094243,-0.106952335843364,-3.18922930134455e-05,0.0138112718241146,0.0357876901217118,-0.0279551431365909,0.0599000736011657,0.00246328105129613,-0.0155474844558551,0.120050958062709
-0.0103872978683916,0.0116315767207631,0.027904803374543,0.0165974678890122,-0.00113689043931631,0.00819911972989896,0.208819994306876,0.00702168991798334,0.0642879966578032,0.109593559449862,-0.000348457693432305,0.0177650091949354
-0.00785619729688461,0.00943211708627107,0.0114242742590817,0.00383442796859539,0.000225235177851754,0.011659211133392,0.194188284381997,0.00175344298416773,0.0696371534236919,0.0998450501461666,0.00425537134564305,9.51817426550717e-05
0.00352988387869702,0.021007795079037,-0.00572780646429678,0.00232501176112165,0.000575180207563653,0.0245178631418494,0.17999527343309,0.0034111793153543,0.0736705031518709,0.0723826104400387,-0.000537608311235532,-0.0139682101498173
0.0136518832628418,0.0302530961945214,-0.022457314195837,0.00479100333483899,0.00496468141439509,0.0238822101856887,0.156864233211718,0.00319007107498732,0.0772715541233015,0.0440941491321356,-0.00926949334811642,-0.0305648343996924
0.0250133872298636,0.0304730007557476,-0.027738253023735,-0.01305645530335,0.0108366253268469,0.0217486688276987,0.109379703174503,0.00131567159378515,0.0802214473734186,0.0339289314936253,-0.0116288827973406,-0.0612919851392578
0.0265556139603057,0.00696636038707512,-0.023849329943247,-0.026745920265042,0.00758269376940513,0.017081746832476,0.0621346545494098,-0.00252153839457267,0.0845683681543724,0.0195125370678965,-0.00105845605082801,-0.0950389249691373
0.0339951393137091,0.00651008756393471,-0.0211950463793121,-0.0362511832268518,0.0114877195578866,0.0123062308652885,0.0275380023130571,-0.00420100429014258,0.0786574114898138,0.0317281608556873,-0.0041003658303402,-0.115114122499513
0.0267723066057496,0.0102829482364333,-0.0198164411669269,-0.0579104148582324,0.0178557136732372,0.00344255041926188,-0.0134361217755917,-0.00656581030415553,0.0790812551009189,0.0302943843459023,-0.0125616237717582,-0.140730997897202
0.0105544987409041,-0.0166166296094834,-0.0204392546697842,-0.0578387000016,0.0108580813570691,-0.00703409652144671,-0.0416972950884231,-0.0199938061442265,0.0736195483921216,0.00218488934626975,-0.00731558843139829,-0.152757214659411
0.0104152227385202,-0.0270146671257858,-0.0237333018883009,-0.0654591559291824,0.0175308678141883,-0.00511369652652267,-0.049142977098975,-0.0199527308476433,0.0717239505136763,-0.0133422164029079,-0.0082088582611054,-0.133683846479153
0.00658015977518166,-0.0219716695113873,-0.0432628080042835,-0.0757913012329228,-0.00422161311456757,0.00547037237201976,-0.0402200553537259,-0.021392074064975,0.075908327902883,-0.0485788074694254,-0.0202462628153259,-0.065263394562795
-0.00188544959787501,-0.0380094148029305,-0.0405341619219941,-0.081136001039218,-0.000941915160849646,-0.00387209035563395,-0.0335263666522917,-0.0224337590536062,0.0735910204593227,-0.0622865393228588,-0.0177423726038806,-0.0365714850389322
-0.0226994283513084,-0.0493723050600695,-0.0400700527399838,-0.102706557840418,-0.00507984626396689,-0.00888119520030424,-0.00437329684084482,-0.0272522267352452,0.0705887457971787,-0.0391543802036416,-0.0135593842510197,0.00830988334104693
-0.0401768320727216,-0.0618710391934172,-0.0264837901917808,-0.112236099900778,-0.00782509472400354,-0.0165387632660814,0.00455852930228044,-0.0276564874833437,0.0664919044799353,-0.0229138737039318,-0.0112745177732885,0.0254297263588258
-0.0684510475606897,-0.0546265329874903,-0.0292063614188507,-0.122487482031597,-0.0105851594428882,-0.00939358432862769,0.0159358009402348,-0.0322054895562971,0.0631611615084325,-0.0359904157301125,-0.0237215202881653,0.0563055322754337
-0.0539459365037418,-0.0694866670942819,-0.0296564737641094,-0.108113458185024,-0.0156467931388391,-0.000873537762147304,0.0385974109129274,-0.0300758397403998,0.0529303775115537,-0.0258928265172459,-0.00624093375531851,0.104722862753158
-0.0530303692109019,-0.0686631159223392,-0.0270761446409378,-0.105327724695826,-0.0133223153971501,0.00287145817447561,0.0431768907602003,-0.0280623665882584,0.0511640310112116,-0.0183378781462208,-0.00160227455710558,0.113166371869913
-0.0107289823922608,0.0421063156887854,0.0367770154164241,0.0458316194522341,0.0322444426115812,0.0155680858229503,0.150175251734268,-0.00797208949289244,0.0502520943685161,-0.0766923840522612,-0.0317672360107075,0.00553419988549024
-0.00302564093937588,0.054637474073211,0.0206159302227247,0.0415248071678849,0.0338565427298041,0.0164254758773769,0.151107387018069,-0.00837363225610738,0.0561447150081913,-0.0803529535224808,-0.0368571955000101,0.00262504354267295
0.021035368921791,0.062783454157076,-0.00108874210769043,0.0332173442473389,0.0310452789108789,0.0193224075221629,0.149502663188285,-0.0073476174087062,0.0639989078053515,-0.0879589062766258,-0.0359841197225762,0.00709293306714662
0.0411866600581922,0.0682767550366427,-0.0140184033859767,0.0252120331959638,0.0320683405088309,0.0194396656909227,0.133584565517424,-0.00543019631861067,0.0702718910472019,-0.090238506796525,-0.035891786624003,-0.00335577488995048
0.0702052316117591,0.067904124872128,-0.0293553541884761,0.00475193514396136,0.0283145818828946,0.0290171971794543,0.0713377254235346,-0.00180601447092216,0.0729876515202205,-0.091568335597219,-0.0296790860744608,-0.0298923556374888
0.0839681556097235,0.0557442790635435,-0.0283996650415771,-0.00861537969696541,0.0273323592672889,0.016065627917844,0.0255065806843924,0.000202832422205314,0.0742662667210178,-0.0925024251341087,-0.0349466993999022,-0.0570560583226828
0.0967693906917456,0.0434836179911807,-0.0381647197413462,-0.0100525606453886,0.024793216085774,0.0185602861910614,0.00272371537425857,-0.00322003622463831,0.0668283797179188,-0.0879132469804677,-0.0320273191472993,-0.0623698635603126
0.0942141320554906,0.0418998558248451,-0.0436628261712482,-0.0230073927614369,0.0289290500657012,0.0156483627451431,-0.0196997163254004,-0.00320228506421877,0.0642572140772678,-0.0860739326943102,-0.0371511043187585,-0.0756413278477229
0.084401641336648,-4.01073400238175e-05,-0.0421951580051056,-0.0316230658006825,0.0153185830721299,0.00336499444209667,-0.0356250660745487,-0.0144641952617668,0.0577520770728144,-0.0653487779030146,-0.0215555931149698,-0.085930573557817
0.0695413461250469,-0.0108929593909136,-0.0412203690698058,-0.0411230260863048,0.0149689882446051,-0.00491651461226441,-0.0410124111423197,-0.0213790291021787,0.0527152046795737,-0.0537784375616663,-0.0204825275418486,-0.0895689263911589
0.0496901723642733,-0.0373995413610695,-0.0545216192978795,-0.0455537811241365,-0.0122907436020636,0.0105366124621739,-0.0413012787457628,-0.0312924058666404,0.0489864805168454,-0.089661241935079,-0.0166640316046244,-0.0374544654167218
0.0301356707863204,-0.0521850447650398,-0.0472854047002468,-0.0560069882148847,-0.00389738539886174,-0.000960308345878816,-0.0418655562026474,-0.0312641026722521,0.0489828206437908,-0.106955396241533,-0.0155522546759299,-0.0263150551933593
0.00297162692908145,-0.0717699789108902,-0.0351738224375057,-0.0757499850309899,-0.00624781662552771,-0.0144636437364056,-0.0229897653142273,-0.0349090612874199,0.0445334434581543,-0.0753390294973011,-0.0102610975443981,-0.00598411349064962
-0.0112675155883612,-0.0995241467949764,-0.0252396474363554,-0.0729105182341367,-0.0046349639340533,-0.0251393362005015,-0.0068459935526805,-0.0344361531616667,0.036968399429623,-0.0719993878294048,-0.00749448681735868,0.00983228595810275
-0.0376196869934839,-0.0978542343117063,-0.0232371031132198,-0.0789926459628066,-0.00103516545268411,-0.0209808221558979,-0.00887033140675711,-0.0401975019088902,0.0318874197249095,-0.0898849229795362,-0.0129048114571487,0.0289657124055816
-0.0359426534776092,-0.119900531208059,-0.0173012881274816,-0.0850716111826006,-0.00686757495912803,-0.0171050179158188,0.0285413816228046,-0.0355398384041031,0.0264701157793373,-0.0273262701749104,0.00884699196202574,0.0680494950711591
-0.0331658137561961,-0.122870126133514,-0.0147437172325612,-0.0890145135879727,-0.0113244832032174,0.00181864310245471,0.0476466511730405,-0.0239773485189753,0.0265072114888877,0.00417055111700424,0.0239990223001381,0.0919752718860579
0.000636307094112365,0.0410914086985228,0.0798403174955989,0.0292554135999726,0.040053642235816,0.0159618164134233,0.13108687929226,-0.00632458436164737,0.0479628535630531,-0.0715918846440545,-0.0152848414280503,0.0127259337175383
0.00606716054338004,0.0454469683326176,0.087148253117458,0.0201191183042989,0.044652371968422,0.0102540429270911,0.121845169503538,-0.00709921703911966,0.0533376454047295,-0.0758465051529279,-0.0189931679575733,0.0102231929479647
0.0355017399822022,0.0575684961271501,0.0485875043810302,0.016934352766667,0.035632196673742,0.00982992186033377,0.126799196523316,-0.00511885053805494,0.0593877143718321,-0.0825688618335791,-0.020795761802173,0.0248432335842318
0.0754319349370308,0.0613558591990155,0.0264901053133017,-7.26656213178717e-05,0.0323582930062524,0.0117474418815628,0.07601742914391,-0.000250540917238495,0.0610148308339104,-0.0743768020718167,-0.0194469871260343,0.0128333806328346
0.105403313175661,0.0661142510469529,-0.0120979898253845,-0.00148102345308701,0.0233721495553135,0.0175257052915766,0.0647145065170357,-3.12111798310194e-05,0.0634506533085016,-0.0755993562599918,-0.0183044632955482,0.00608168922326047
0.124843074628063,0.0592138476118254,-0.0197239065709904,-0.0122337507313057,0.0206479174274731,0.0170752065549646,0.0236833012399931,0.00133242180634468,0.0641480559887187,-0.0766961300298992,-0.0180215766426933,-0.00987267920562091
0.136691632133211,0.0424928261440341,-0.0377145875418594,-0.0113992544871899,0.0148522250651996,0.0166451026779567,0.00449077807318988,-0.00605409579875278,0.0546848267301191,-0.071660851655947,-0.0199261969511951,-0.0209138685449914
0.141396597869459,0.0403914235044402,-0.0509464688056894,-0.0137395386197654,0.0107263116301169,0.0201495652566494,-0.00852987018370493,-0.00962748583504542,0.0469481960834581,-0.0634244431679831,-0.026798606300503,-0.0192984676634008
0.141390821921051,0.0196564833342537,-0.0521893120100503,-0.0120994117452291,0.0113191329333759,0.0146031364680901,-0.0196210937301561,-0.0119411278802611,0.0367849002220897,-0.0578153768171249,-0.024263824699087,-0.0196044142153142
0.128247079461642,-0.00386416873809594,-0.0555478724252223,-0.0158625440358061,0.00979000343976025,0.00909276145540429,-0.0225716233499927,-0.0183305640354153,0.0298059040020681,-0.0607982115357503,-0.0231552993899945,-0.0182367667090842
0.102030251514983,-0.0695250813418742,-0.0513904116242256,-0.0115304212829514,-0.00306394107343325,0.00465555604743171,-0.028608432496429,-0.0393297022649773,0.0174125680655254,-0.079003096922345,0.00397047371595149,-0.0173970641360713
0.069941332548917,-0.0914429508558617,-0.0370836153562621,-0.0182056358521527,0.00570109097375752,-0.00914690418627176,-0.0355700254407549,-0.037013419562087,0.0126693784407956,-0.0925294517021279,0.00348683090602161,-0.0256647031181456
0.033047770608311,-0.0904719788116078,-0.0349949634222357,-0.0278587307775289,-0.00406959473578105,-0.00628056811508988,-0.0324898353922237,-0.0389118006267014,0.00900272746078557,-0.113990923283973,-0.0151529172050722,-0.00339099161491625
0.00396327712146879,-0.103052079942639,-0.0240760994174577,-0.0307354199703525,0.00112206905972935,-0.0125373592495591,-0.0235190776039301,-0.039833287906299,0.00271179701703925,-0.122297548872721,-0.0209722884291722,0.00566375275497441
-0.00743113558804053,-0.137093773699413,-0.0131810550035501,-0.0220114309495138,0.0171949620235066,-0.0286729832088421,-0.0120911238404296,-0.0501767195239351,-0.00638104831943858,-0.121701449826376,-0.00329241044608953,0.0119275206508533
-0.021367879541241,-0.157876659805762,0.00183063211048827,-0.0369018109605483,0.0155051088576377,-0.0235942531886101,0.0131956297877046,-0.0425890985106823,-0.0115323875019396,-0.0627972367232669,0.0145818455685901,0.0368737791266382
-0.0223464249767428,-0.161684764277842,-0.00203757970152938,-0.0433994074739325,0.0110629687771548,-0.0108743786663909,0.0324141512813549,-0.0296067231858313,-0.00521683951268842,-0.0415792328653021,0.0288458047026006,0.0511658882421003
-0.00369542127105233,0.0159683067062303,0.176506702710091,0.0117452761855518,0.0510703366169382,0.00144602965552692,0.0827786726699482,0.00218360861589141,0.0406014169027159,-0.0625715049132642,-0.00387009405889008,0.0140137354228992
0.0148981602264707,0.0224118128978601,0.174850320747668,0.00255645314605183,0.054036357330904,0.0020663944885866,0.0596727573041974,0.00250562615091565,0.0424022125732084,-0.0606486777802523,-0.00103670617535806,0.0164074364485662
0.0491704694633268,0.0395068321992112,0.133159459730618,-0.00645826081854642,0.047721749434452,0.00424384377050918,0.0551966822077817,0.00595937716192918,0.0490464646462017,-0.0603869398899525,-0.00308764400972903,0.0260509602944618
0.0898265560855938,0.0472029526081901,0.0746327622301145,-0.00536763988597437,0.035429088409657,0.0106701026919128,0.0364539983168019,0.00405876953196658,0.0419585399166429,-0.0467785769670049,-0.00575190206922493,0.0249477744716133
0.124140010474953,0.077079319991547,0.0144156346917804,-0.0122941904387567,0.00548005327997006,0.0292800557078743,0.0236527316345048,0.00276422771119876,0.0474722686556329,-0.0625833536723076,-0.02070585354065,0.0621496829014016
0.144092516677702,0.054019245195917,0.00348760543677067,-0.013012847741197,0.0187541681858337,0.0147592997562501,0.00298027208918125,-0.00197553788654323,0.0442281124015121,-0.0481383724251684,-0.00614161983306632,0.0191333864516944
0.158479450987177,0.0400838303073312,-0.0182716403582642,-0.011401667359113,0.0119670391712922,0.0161821062741121,-0.0107779560451125,-0.00686819207350553,0.034759377857093,-0.0403353237045455,-0.009441086319515,0.0120245346416211
0.166647035132995,0.0323992617006547,-0.0374402824644117,-0.00553251463221041,0.00791228936909673,0.015790986484741,-0.0093939788511414,-0.0126853686827612,0.0228227775910376,-0.0272116458431512,-0.0136819822939436,0.018658305013553
0.169679431933122,0.00314631619256498,-0.0422832685174569,-0.00232928774794709,0.010302198198515,0.0126689868298551,-0.0182741175909905,-0.019898578572444,0.00807584512225981,-0.0140904977696782,-0.00822832208790572,0.00823208235734788
0.152665102782818,-0.0211723934651833,-0.0447186018354809,-0.00265682694520763,0.00686367376735888,0.0109584937330427,-0.0193910234465367,-0.0216304036392241,-0.00188781310872714,-0.0178718300236258,-0.00877839336396106,0.00324680658216762
0.118338102304071,-0.0755724983907832,-0.0404591611515906,-0.00214682419748149,0.00128884391913244,0.00634035834785139,-0.0240862805833473,-0.0394161749406225,-0.0140683895623387,-0.0322664449666257,0.0115706324088044,-0.00390576478117752
0.0898289585775815,-0.105342920433271,-0.0288625443505306,0.000961142169000848,0.00253351878144913,0.00215400561421898,-0.021441605568938,-0.037322873231547,-0.0252818021144527,-0.0409630115838429,0.00654625164250263,-0.00276459959277575
0.0550480295445123,-0.126209733725661,-0.0232135075422309,-0.000627580534511594,0.00166663309434454,-0.0048454924746298,-0.0155306019514275,-0.0446242032129105,-0.0330008383385481,-0.0529616716890339,0.00219274448449531,-0.000510076212307777
0.0264186859561959,-0.142869195646633,-0.0128214315511959,0.00154923906660752,0.00416060709743307,-0.00559353348867404,-0.0104804487591951,-0.0427489928040741,-0.0432590422090014,-0.0602934025055314,-0.00172786654981136,0.00848322816977791
-0.00960856616873859,-0.160233255702876,-0.00410767883951374,-0.0024467696182659,0.0086799209733191,-0.0118953280630594,-0.0142281721651115,-0.0487422930545011,-0.0472233041074024,-0.0784295216082952,1.1009919156443e-05,0.00925089336076365
-0.0207794884587954,-0.166974561386615,-0.000809589548334161,-0.00131178642023618,0.0153325445988987,-0.00759085791377296,-0.00356567380126515,-0.0452123425396181,-0.0463608787513328,-0.0895720824716805,0.00587113688208053,0.0241795791333242
-0.0281868834232901,-0.16551191310084,0.00444672543100717,-0.00327408172440005,0.0191148070421846,-0.000211094231891151,0.00454558998876802,-0.033158050267611,-0.0474836943759882,-0.073382668070096,0.0113347511182049,0.0343442844202045
2.61282241494708e-05,-0.00266032124425439,0.208185213351327,0.00191154977200995,0.0427074784633555,0.004067779642757,0.0403439263926241,-0.000274642313438477,0.0180848670594134,-0.0377649212748878,0.00803833217603043,0.00359002358385375
0.0218088969827833,0.00390331744043089,0.204745035475964,-0.00386406091231943,0.0421447929166674,0.00136152995392359,0.0163032551462985,0.00504476052616687,0.0186160842138222,-0.0308269985295366,0.00769998729111688,0.00746303166454999
0.0489650478585995,0.0189327488944941,0.171171386896563,-0.00810466725704824,0.0432589476571121,0.00334670205408102,0.021236816840145,0.00342963552051799,0.0213563049793117,-0.0284907494215326,0.00992295470172163,0.0262448291516205
0.0694517284391175,0.0272288202789515,0.137730972646393,-0.00849686915617953,0.0415291103271666,0.00745423492119177,0.018922662708255,0.00253701035563063,0.0149245359215545,-0.0148254665108256,0.00344641867596309,0.034205078585955
0.121809296254241,0.0383632662503937,0.0573028524732194,-0.0050188410608315,0.0238224377219385,0.0160806889399612,0.00622894878425494,-0.00617153029160582,0.0102613718621635,-0.00302746522487314,0.00552006353831186,0.0357679950066083
0.138547497176338,0.0392290902490932,0.0351846407491346,-0.00783311110541074,0.0239250857262184,0.0178386743557268,-0.0106327565650368,-0.00802649493808486,0.0065539715372422,0.00458569507358647,0.00380619735623074,0.0279628570969174
0.144845704504939,0.0336270536529096,0.000172271400991427,-0.00730336661782351,0.0184805659227698,0.018393598796181,-0.0176151884666735,-0.0178463626627532,-0.00453229189279795,0.0143043520837793,-0.00243328787933287,0.0138959647813064
0.150872513336276,0.0216215867125416,-0.0202090477230682,0.00146081610746314,0.0131948519964776,0.0214332497831718,-0.0164216511199379,-0.0242656862910461,-0.0199981600231226,0.0296291231679186,-0.00332114764574584,0.0176996253540163
0.15238586756478,-0.00154001106358236,-0.0307146212456571,0.00426204411173149,0.00852095360096925,0.0189482469619674,-0.0208407367289606,-0.0294530593020448,-0.0298033988962461,0.0344210074208743,-0.00392669994133887,0.0102804008461171
0.150621302698364,-0.0278768621439211,-0.0373582745097944,0.00548644789192686,0.00542434783911986,0.0131337660578488,-0.0174038178604642,-0.0276959764387185,-0.0368600509608407,0.0329199981893354,-0.00713722048138759,0.0137956365613523
0.113650781363891,-0.0782533565474583,-0.0343367518645612,0.00686004855845371,-0.000774027852985401,0.0115008072792947,-0.0196358774850137,-0.0420268424111311,-0.0471277597167544,0.0152608613554066,0.00886165007908154,0.00398705515831985
0.0816948338592004,-0.106670039340572,-0.028359086163864,0.0121447616988055,-0.00138854893527306,0.00529308116183794,-0.0122709461825214,-0.0435553823968698,-0.0628457579684981,0.0106051062217594,-0.00348838227418529,0.00773354872762618
0.0518082444326394,-0.123784423913037,-0.0181115911963059,0.0102119530942927,0.00441963563104516,0.0060937372416431,-0.0123058899070883,-0.0408771814675192,-0.0675903347756217,-0.00232228718085307,-0.00549674212354596,0.00334106160551709
0.022703988318554,-0.132498006414624,-0.00548484835541561,0.00958923239296232,0.0123822884107469,0.0079672873014836,-0.00476278128749494,-0.0315701906412483,-0.0766177242963681,-0.00965990074110381,-0.0147285115961629,0.0137082025228545
-0.00346308106116184,-0.150845174188992,0.00144666794655168,0.010514551627086,0.0146246439776354,0.0156140098699069,-0.0016464586258006,-0.0261948146540342,-0.0787184062813887,-0.0264485843283599,-0.00957013105124823,0.0181811529600398
-0.0189877416102309,-0.151082511864401,0.00616327632925113,0.0117161402743386,0.022679238643362,0.0203312572912745,-0.000168882025056199,-0.0211762355918141,-0.0768860414340321,-0.0398989824913655,-0.00256181727940872,0.0240340629051405
-0.0239681062284104,-0.142187948008249,0.00404777205192816,0.00827151526603999,0.0274528802075747,0.0296177902511373,0.00385243241873441,-0.011972927924475,-0.0718494200278406,-0.0478427635328371,0.000533686305611985,0.0302428706659003
-0.00332522876971558,-0.0231278695169425,0.226175627222376,0.00575994234831656,0.0192589207150724,0.0059611159457472,0.00195281923433557,-0.0030199892544476,-0.0137674751491105,-0.00562565827368084,0.00792043250528697,-0.00877795985453846
-0.000407255097659353,-0.0140335991053784,0.228322110239504,-0.00494750417119447,0.0277045399230136,-0.00189210431097647,-0.00566237266559507,-0.00602453238926452,-0.0111487444284392,-0.00489711512140169,0.00338945643957807,-0.00887473533292127
0.024223843114048,0.000844036964779058,0.202516549045367,-0.013139805172099,0.0362905482223677,0.00125549497327522,-0.014266780522989,-0.00939891178944923,-0.0144039449233353,0.00896378674397461,0.0074513877161771,0.00607109224154367
0.0489144258573395,0.0122965864108687,0.168975551963225,-0.0240601040882561,0.0344304244003358,0.00826533199209354,-0.00735656084046889,-0.0116914480743513,-0.0134311805042106,0.0461676401849561,0.0127561674687724,0.0140064148252576
0.0936377687398984,0.0253557963472537,0.0781204599625599,-0.0229042547164842,0.0109754363428465,0.0193501158862422,-0.000894764358961955,-0.0213999042977427,-0.0233473860263036,0.0773767321250415,0.0103799773379696,0.0184249147230974
0.11075425502174,0.032215059699456,0.0463984847369429,-0.0191960542749258,0.00490410195918243,0.025975151123056,-0.00686899087323602,-0.0273255216505885,-0.0299248688079508,0.087418626039843,0.00596292619005865,0.0284676139694647
0.115714154794765,0.0299909202867643,0.0086496437799199,-0.0155097988519393,0.00380023201438372,0.0276081118091526,-0.00903544240723454,-0.0347011549748137,-0.0424716570316034,0.0984870044294753,0.00190641992001365,0.021263425045931
0.114806174874378,0.0232531803433833,-0.012184578977384,-0.00508095106732437,0.00997127347938031,0.0270179249446023,-0.0193575217808711,-0.0455433424066301,-0.0552363223384883,0.0820402712988183,-0.00300429302164987,0.0156405033655384
0.108690702005844,0.00203332198856311,-0.0193060022079742,0.000360842312194572,0.0127220494842962,0.0141043649664218,-0.0225239561367434,-0.0512442745204505,-0.0669031841685475,0.0754925134347824,-0.012778432085355,0.00277458118032723
0.1057104244231,-0.026779879016288,-0.0270846431140456,0.00504159637073338,0.0100430802174338,0.0123139554586822,-0.0151211030603086,-0.0439043341846922,-0.076710387974448,0.077848781770008,-0.0167072646793226,0.00612410279719861
0.0889708232704572,-0.0504606903384069,-0.0257920293051561,0.00770272626083323,0.0110700588028983,0.0152522102464647,-0.0156653490481554,-0.0357318035441318,-0.0807651082169472,0.0668163881707976,-0.01745248094123,-0.000979336154108654
0.0609811979438848,-0.0648448531598171,-0.0255895728207774,0.0119246276078607,0.0133178389685138,0.0123105628085336,0.00131683801899138,-0.0321085673703412,-0.090380040440968,0.057203978724184,-0.0304592007063182,0.00658175076560175
0.0290969513752791,-0.100431268988967,-0.0192170419061163,0.011880882540501,0.0102903599936865,0.0166391627256296,0.000191670980190415,-0.0297326167921606,-0.0925810660811388,0.0357704136908865,-0.0245604863917851,-0.0013095160398904
0.000692647307403108,-0.118961100671023,-0.0074352402280389,0.0116169421713998,0.0137042793848915,0.0227638406937563,0.00235414091863317,-0.0233269198658548,-0.0977488217702242,0.0211393447666215,-0.0243367735596724,-0.00164590957020502
-0.0174940037956138,-0.109233520954504,0.000748644044245429,0.00690545724322317,0.0267180874748222,0.0356162461651097,0.0106288397627743,-0.00182141745098587,-0.0960165922768051,0.00752745355955364,-0.0331166527864237,0.00701582424774046
-0.0327484367026481,-0.10841362293107,0.00296918289115502,0.00409491197211645,0.042022699176272,0.056795323434484,0.010448292166592,0.00619483035574552,-0.0926613729185225,-0.0128090497921327,-0.0126654783213628,0.013963629355755
-0.040863507265272,-0.101083482986909,0.00352237316924809,0.00285709847808656,0.0561270282933491,0.0535113591306883,0.0156212259803275,0.0132664178700071,-0.0866574860529848,-0.0273740402643782,-0.00407879522724452,0.0219928907093297
-0.0132263486339352,-0.0482637277140242,0.241434795795374,-0.0050637649252198,-0.0207437984597684,0.0203265915848758,-0.0157645569026345,-0.00156184095981323,-0.0306070042504888,0.0469784753721179,0.0266318527869225,-0.0243768705606246
-0.0330203290129207,-0.00994604156266237,0.226202584074472,-0.0282257319798134,0.00162637712441646,-0.0197301923683388,-0.0160041483072899,-0.0273242337961578,-0.0280949071311483,0.0369007600938161,-0.00754761746225937,-0.00298986225806919
-0.0244736116329811,0.00788345515694423,0.21628773722946,-0.0383744334910719,0.0162710323534272,-0.0319540005601926,-0.0138045647771209,-0.0273146746161942,-0.0252795962859173,0.0463834923684714,-0.0137038347407758,0.00619590094741092
0.0153922859781208,0.0433197016975044,0.144158471516404,-0.0473526791993967,-0.00348358274954899,0.0210825095045461,-0.00898074158781614,-0.0225655018306413,-0.0305358004536182,0.0830447666588974,-0.00981525851579056,0.0353073098023874
0.0335457411647558,0.0260330841311393,0.0845410289372054,-0.0440148162454045,-0.0267763620123242,0.0329974869118786,-0.00846439026041692,-0.0423318897789276,-0.039323706878388,0.0978137812904794,0.00857730010716558,0.0331209702672441
0.0639817447197518,0.0524693252921736,0.0340855252347348,-0.0263820345854677,-0.00989949301317842,0.0333799340410203,-0.00692373923206598,-0.0440376227841807,-0.0561276786152765,0.0992959928190378,-0.0124885456984763,0.0203822081892116
0.0727329794352989,0.0428723332109243,0.0024808092758376,-0.0145661872167446,0.00323468114098497,0.0191415900571552,-0.00555573084742098,-0.053756391910491,-0.0673798021717601,0.095428612474532,-0.0138363649722448,0.00904090811607326
0.073467861789524,0.0423063374804346,-0.0228135800222923,-0.00596898480550299,0.00996953435205008,0.0254538629718854,-0.00609989833766587,-0.0597817171988772,-0.0795673688549176,0.0936595911483703,-0.0169099803471209,0.00812832990895666
0.068789154194842,0.0308572126323504,-0.028416648915922,-0.000418381452735624,0.0204668840228092,0.015386577900554,-0.00269193565989422,-0.0578269065367078,-0.0907079467303309,0.0969700590856976,-0.0261023866471358,0.00538009554057776
0.0596457420234671,0.00618623883197094,-0.0341366862837133,0.00419880483836773,0.0226090838372021,0.0121559613839567,-0.0066219267468816,-0.0502186690812133,-0.0993965586397916,0.0964691439530189,-0.028837333434611,-0.000413355406420022
0.0461214390229323,-0.0142144456735292,-0.029887304022306,0.00785336187360539,0.0270136909357071,0.0106743801636925,-0.00677517252218626,-0.0399930127660489,-0.104011325266202,0.0863072241470304,-0.0299346837873912,-0.00110235676954722
0.0230911371056171,-0.030432360694196,-0.0316789467715696,0.00253064548297674,0.0306262810711818,0.017802747332129,0.00436708736963068,-0.0251261565692342,-0.102863181693318,0.0664451016478811,-0.0371761156267553,-0.00236555196263317
0.00127980229743724,-0.0532004415019964,-0.0240460670828505,0.00307890831451274,0.0260098285150633,0.0177833126989569,0.00860206635301834,-0.00913205447747469,-0.104098429833645,0.0578030159237235,-0.048445746321494,-0.00789959493918723
-0.0239526991014528,-0.0686447912995694,-0.0176643949251497,-0.00186275755767081,0.0269421702040408,0.03680527286605,0.0167308339189706,0.00543426987151589,-0.101820695945392,0.0397545812568477,-0.0471704002760205,-0.00918665475604369
-0.0439724086965834,-0.0784374855853889,-0.00998360893367987,-0.0049704978243693,0.0370521166715198,0.0575955024736751,0.0248127391225401,0.0198938482460085,-0.0996270252773475,0.0242770859805013,-0.0314320862579458,-9.82410169104251e-05
-0.0592851211167812,-0.0727952786965145,-0.0071689586837131,-0.00757412985992052,0.0583360025305283,0.0811954765458187,0.0241462900254284,0.0289750542738183,-0.0931606791902935,0.00416011373214367,-0.000254406727232231,0.00162817881590198
-0.0627711835389106,-0.0688374194781426,-0.00625543856625198,-0.00902530860524352,0.0707241137252796,0.0840992938070469,0.0294820405135896,0.0413974961897005,-0.0847921797410605,-0.0135637008018595,0.0106546061890957,0.0148487984646551
-0.0437612615735588,-0.020870355075064,0.218740533890198,0.00436540726676835,-0.0679879729408571,0.0200279680587633,-0.0478736881932217,-0.00253815885404585,-0.0351877548923608,-0.0331653205031263,-0.0139811124244544,-0.0280363400388744
-0.042511362839635,-0.00341430679945466,0.213598690468783,-0.00939531257477412,-0.0399930429040876,0.0116367624312656,-0.0461300568989139,-0.0139895800975198,-0.0397214080979779,-0.0145054457530819,-0.0226251932889694,-0.0277149758553804
-0.0500519602859815,0.0153928003578347,0.197436922817994,-0.0160744043294372,-0.0204202396628465,-0.0553903593761627,-0.041331741328313,-0.0422806024235887,-0.0359304874689074,-0.0291113003699077,-0.0433905811389669,-0.0213320012521987
-0.0358386976224163,0.0620441497249489,0.0926592148711436,-0.0184710111280514,-0.00219584087866496,-0.0647684510882316,-0.0182438413575443,-0.065712177800149,-0.0474296369755416,-0.017030599099031,-0.0575686237115797,-0.00332804599030441
0.00573852097469254,0.0686757544743803,0.0554209850413225,-0.0141407121956268,-0.00381700617593181,0.0092921423323827,-0.0141639446313739,-0.0486330072691148,-0.0602974917405852,0.0321920161081954,-0.0292374737969295,-0.0082356746056514
0.0176454302825786,0.0942937580202261,0.00907837978247591,-0.0186219510732197,-0.0103586766530601,0.0239628583613417,-0.0104606597313352,-0.0592206476105925,-0.0684020837985036,0.0411793815096652,-0.0376266414390919,0.0153243089989674
0.0203629386410859,0.0832472882738126,-0.00989274759703814,-0.0126140374703348,0.0135634863532171,0.0168131877433571,-1.68354196764362e-05,-0.0661170263690237,-0.082695504967443,0.068667015928088,-0.0294097148700027,-0.00428752862713287
0.023149403706661,0.0875265432915854,-0.0371475979360387,-0.012127270247755,0.0169392134813308,0.025686448887141,-0.00164459416943394,-0.0652186053387963,-0.0892619734919345,0.0731703524813334,-0.0307121808277691,0.00127919155734174
0.0168373100268538,0.0787777010280843,-0.0489149332833717,-0.0113067415531342,0.0251235074445131,0.0214520489465115,0.00051579989660829,-0.0604666967583903,-0.0958769959943599,0.0733519871114528,-0.0325301005240044,0.00222957824621941
0.00273324281000081,0.0576294291581877,-0.0520210744958417,-0.00859807314091483,0.0298559479721452,0.0132082805818459,0.0034996983043835,-0.0446680982409604,-0.100151805842874,0.0671382722834267,-0.0434536612807432,0.00175776645837448
-0.000929437156781086,0.0273685133151488,-0.041408393740916,-0.00383712834791433,0.0423431977765972,0.0066876334073944,0.00256330397524637,-0.0263791807817584,-0.10285375749128,0.069447217183326,-0.041887364382371,-0.0138845568865834
-0.0102853933644801,-0.00772423864755565,-0.0270387495381695,-0.031633352365567,0.0336383794429335,0.00762630254659093,0.0212067572029749,-0.000573687121741782,-0.0974240686789386,0.132290420920737,-0.0311709249016989,-0.00762257824500694
-0.0194678603362647,-0.0250536266159105,-0.0266612623388107,-0.0211373382576811,0.0268086067203875,0.00901702597652728,0.0256788965350882,0.0222100662541445,-0.0947141348578836,0.0956126359897398,-0.0477954168973265,-0.00618877641288633
-0.0474369914623775,-0.035837503487362,-0.0194976566552167,-0.0145658031961493,0.0375492007326169,0.0218857932751242,0.0125928719345528,0.0365846968766631,-0.0956874580108241,0.04708377698798,-0.0601445877090555,-0.020629858722043
-0.0624913652495315,-0.0435172456866686,-0.0149303810900108,-0.0128690553087011,0.0443061637815314,0.0573774387218462,0.0219502721519149,0.0556238567611163,-0.0934924425920641,0.025375235388564,-0.0424667250085286,-0.0111049861860543
-0.0796550881049314,-0.0274776792353086,-0.0206394263365374,-0.00981275827589929,0.0805381575762656,0.0995455913773413,0.0221820340563809,0.0642569232997415,-0.0866813017453822,-0.0243095006546077,0.00749189113653273,-0.00203723065623493
-0.0863462850168623,-0.0139287022491702,-0.0207169548366851,-0.00395422890735313,0.111253487325978,0.121503088894627,0.0206976355338808,0.0680980629542465,-0.0803742688969366,-0.0581606003845165,0.0526087669703032,0.0131606875940251
-0.0591630763709141,0.00759317322704118,0.157080404997966,-4.09279398095215e-05,-0.114648800603482,0.0258106007721331,-0.0451161254156562,-0.004702628161555,-0.0346000984660034,-0.0656187539075431,-0.0424644864344915,-0.0342224823921758
-0.0453325048069459,0.000163666967225443,0.127655686797089,0.00579063236340315,-0.101095751441302,0.0205163774152351,-0.0347147186398135,-0.0114280619359485,-0.0457172621134865,-0.0380687385508923,-0.0316632373938949,-0.0673631241833972
-0.0335644397555892,0.0236368266910611,0.1084739201669,3.83901475370652e-05,-0.0813797175644815,0.00722978253844661,-0.0294183846589097,-0.0224015513056522,-0.0456260754911868,-0.0279092672737243,-0.0290291789249894,-0.0534730585869718
-0.0370023872567741,0.086768821872311,0.053086601918005,-0.0157265454138382,-0.0431863944342194,0.0159893564106602,-0.0108156471625487,-0.0386991775475624,-0.0468408714377964,-0.0277646858458876,-0.0347076840293778,-0.00841164446384182
-0.041006181745988,0.109560798429874,0.0134596971031768,-0.0191346480229717,-0.0218645618658094,-0.0141029670656182,-0.00801023722998055,-0.0623606626153258,-0.0520310027470471,-0.0289005198006395,-0.037385074225652,-0.00667889343368375
-0.069929223481244,0.130518876486899,-0.0231979359151217,-0.0237714034356317,-0.00949248242366035,-0.0635084855933962,-0.00477012308798719,-0.098887404425965,-0.0600081107010381,-0.0496143915778818,-0.0563768271301496,0.0125700255729634
-0.0489704237524273,0.135370934057735,-0.0436126152663264,-0.0235974444200346,0.0083706148089941,0.00903831478730086,-0.00443856622453063,-0.0767479015656909,-0.0701859368827865,-0.0130779162429446,-0.0201655661848767,0.00950304229823472
-0.0306148952173715,0.132888325195079,-0.0604550482028479,-0.0239886509155785,0.0186106700577666,0.0164718140188921,-0.0021001578304883,-0.0709115847584075,-0.0787254177845921,0.0124974734290143,-0.0215226797387808,0.0129102660189871
-0.0198440894454215,0.116885644322244,-0.0653844453485761,-0.0217109744083806,0.0201975216815736,0.0138434453075313,-0.00396934063246981,-0.0502389761391254,-0.0866052048511325,0.0316237909365043,-0.0368337723623267,0.00655807578026948
-0.0285095449989045,0.0984544394063959,-0.0645131598677765,-0.0198396378636478,0.0303611300584878,0.00405837916508072,-0.00290601359204262,-0.0329692110792254,-0.0896858829227252,0.0325366871288338,-0.047769571874797,0.00560936672829204
-0.0288223586102853,0.0538756016585617,-0.0444431837574865,-0.0111188568427972,0.0485153169113362,-0.0211733719276283,0.000899305966760695,-0.00883905106799438,-0.0946462388197099,0.043921768751516,-0.0506830574800263,-0.0225357083548641
-0.0293565628765546,0.0313598507485914,-0.043276251991004,-0.00632928193872467,0.0465005539590576,-0.0191354104284517,0.00857135649100611,0.0154156345385288,-0.0931029664657016,0.033930417734183,-0.0579755228872428,-0.0159309558690266
-0.0413427152839967,0.0186983678239459,-0.0358404945202888,-0.00597344094516538,0.0473265405024117,-0.00893690963889729,0.00376894719910369,0.0499833727789164,-0.0843584500190749,0.0168563197642992,-0.0675273718027154,-0.0251827046473777
-0.0506085348837869,0.00080844136059709,-0.0315916959336275,-0.00571905203237892,0.041216256166071,0.00961619891881167,0.0105452339044249,0.0756476591672368,-0.0779368309940447,-0.00629717029933182,-0.0737771590917055,-0.0210554007973923
-0.061066126089677,0.00394108912401683,-0.0330704436655541,-0.011362267069347,0.0346482149603666,0.0542958380070378,0.0065013647621776,0.0943181807086442,-0.0732089300361428,-0.029038208082477,-0.0652731471554914,-0.002801076831223
-0.0787913345576145,0.0126722753916563,-0.0298532241476618,-0.0124412820873199,0.067531630063027,0.105875029145177,0.00216483838133109,0.109116304189291,-0.0676120017681499,-0.0588373467229619,-0.00748880504394133,0.00178466976693339
-0.0880183114502105,0.0266699619367885,-0.030289040929025,-0.00696112026853014,0.104618094563869,0.13428791371786,0.00703457304281532,0.10547142997172,-0.0623035506497814,-0.0883405625337796,0.0577006295315752,0.0218980507713177
-0.0412351751660443,0.0284640880340191,0.056892268149531,-0.00622779475736722,-0.183596682613393,0.0327029043583329,-0.0205430419233178,0.00426644945862367,-0.0273886646159729,-0.0513692550277335,-0.0552217599360799,-0.0217221251133474
-0.0554605178928227,0.0286323809441348,0.0601440359187296,0.00717118154121416,-0.168847507894284,0.025706374359798,-0.0366167253306975,-0.0131943102970039,-0.0356894979161347,-0.0907801993545601,-0.0554888925390231,-0.0368154077664695
-0.0535279681049284,0.0453792414768724,0.0445316158078112,0.00389611335391003,-0.159419056646326,0.0410719983970348,-0.0313924631411898,-0.0169384267184246,-0.0400486327294641,-0.0852506028305043,-0.0477803125510399,-0.0300108686495646
-0.0597945670029455,0.0836267340371775,-0.0129625998478971,-0.00392170047352981,-0.109444883859097,0.0664990787500355,-0.0175806005912193,-0.0387840202293199,-0.0489940767554408,-0.0750682814933471,-0.00829934639973496,-0.00813879813174061
-0.0606821591014254,0.0980973267935996,-0.031826925243822,-0.00372835806195224,-0.0733413190260332,0.0602812800861561,-0.00839844487051778,-0.0518655672750959,-0.0537140743685119,-0.0677486562181848,0.0205678036336329,-0.00509726915545662
-0.0743856689575144,0.126197026749512,-0.0464439995271948,-0.0101597044176623,-0.0163071122064161,0.0181528360160459,-0.00708884157382044,-0.070753450331015,-0.0564437821577157,-0.0751696550620409,0.0281223407179227,-0.00486175567386135
-0.10884429978626,0.152753025659405,-0.0577206109439446,-0.01658003529047,0.0492384012161007,-0.138498890319886,0.00163282386642779,-0.120952542267575,-0.0540269147740955,-0.106735785901205,-0.00419940319581629,0.0129500272686254
-0.061381563718704,0.14153990505258,-0.0615564309677792,-0.0199319437410268,0.0573182669003224,-0.0489030250312998,-0.00190805461471192,-0.0728392467553922,-0.0644369392273276,-0.0405452550146089,0.0157237601806108,0.00457200118240925
-0.0346365170765191,0.128094892046838,-0.0664325964198609,-0.0177189212038264,0.0519059659263718,-0.0245882975169564,-0.00171887146257508,-0.0398189228855121,-0.0687488413429084,-0.0106048235119867,0.00845501025716236,0.0105683526170632
-0.0288672173643109,0.082754812696431,-0.0495787838914459,-0.00653262326245006,0.0489021367283286,-0.0500780260776222,-0.00334844790679649,-0.0191237170594092,-0.0805028895703858,0.0132481364249756,-0.0171858508805066,-0.00949383395357896
-0.0228638810733967,0.0563553351216094,-0.0404838038514028,-0.00322934020322342,0.0444812170020293,-0.0595705068048629,-0.0034208028989826,0.015801878213997,-0.0779859082924494,0.0195374771686345,-0.0377011922409052,-0.019443422614559
-0.0290068218153521,0.0388974772683294,-0.0359211445795849,-0.00137212995003259,0.0402316377046548,-0.0485537054472397,-0.00416495226916925,0.0562274189293523,-0.0747950671359823,0.0100966994032691,-0.0599303801547972,-0.0231428646590101
-0.0417572670684503,0.0405371372244857,-0.0380579844188981,-0.0117301625535711,0.0325746733897963,-0.0286877262578611,-0.00423895240210104,0.0875659752498446,-0.0626793959963752,0.00115339976736925,-0.0709125474595437,-0.0137608521651855
-0.0411469223776014,0.0147351208590885,-0.0259546796858398,-0.00690784356095635,0.0360993183616513,-0.00459852522722079,0.00678765645442478,0.120336926786545,-0.0551662322122187,-0.00253232276966125,-0.0561014318354117,-0.0240215324775191
-0.0420844157606711,0.000959017600534958,-0.0142381212622295,-0.00374320443040198,0.0404488959481287,0.0340601055486205,0.00430311452528961,0.140383013554551,-0.049382305063709,-0.0163515237285563,-0.0331425037698098,-0.0220934150956485
-0.0492438930853732,0.00849689308923156,-0.00649318514877315,0.00576308866024945,0.0843332768347054,0.10750653789335,-0.0151706047906494,0.152113595544284,-0.0449891070225643,-0.0654496834684871,0.057392112894499,-0.0163442125287317
-0.0578080778842801,0.0214129024791583,-0.0153650466892312,0.00921995701265002,0.107582642575653,0.129621264191017,-0.00256248884309015,0.145574487289535,-0.0437584540901342,-0.092335184972881,0.0912977924804236,0.00741863891830966
-0.0285493570928584,0.00253960196283334,0.0151020876178873,-0.00037965590857267,-0.227498747044453,0.00776850846788727,-0.00590990593285951,-6.12404186141804e-05,-0.0260018959664768,-0.0310066884481204,-0.0312590339560537,-0.0148862106402443
-0.0267906913500992,0.0259801226537349,0.000945569365426026,0.0197851189503811,-0.218237548398495,0.0207651191084499,-0.0215166056486353,-0.000895679897244546,-0.0345863685722017,-0.0824272470953458,-0.0505190265595292,-0.0191493978068285
-0.0316473130770254,0.0473250525939801,-0.00913625486444938,0.0200336823408391,-0.192345529124751,0.0333652029429574,-0.0245005082063575,-0.0120725271661011,-0.0410335396575585,-0.093413102581798,-0.0367368288659991,-0.0130430862334606
-0.0402674439371265,0.0864468468068602,-0.0364437041374222,0.00991962318771435,-0.121570889010946,0.0679212814029587,-0.0119456968146597,-0.0234928804734159,-0.0475992853297329,-0.0810887203762794,0.0147856831189393,-0.00638509526555242
-0.0573657246685424,0.132054930713462,-0.0523877671772397,0.00141215793999307,-0.0503838326774131,0.105603944268677,-0.00952701825607914,-0.0332363817646367,-0.0488507605162965,-0.0943385347943092,0.0889939668743343,0.000959619273987196
-0.0722388326868247,0.124370426431704,-0.0581759429104936,0.00157919412594597,0.00414507159415563,0.0851828718417642,-0.0149786453880388,-0.0506050367105031,-0.0474134868517972,-0.108043255582724,0.151086311104894,-0.00300698024494966
-0.0516242050226864,0.117453409838279,-0.037857987955243,0.00682869119400917,0.0616066262755744,0.00269059846244982,-0.0167775055318696,-0.049125715220834,-0.0435238971177848,-0.0965994304050336,0.165492895031525,-0.00359855403783208
-0.0759114010987159,0.104865991989727,-0.0385278256667466,-0.00076827080704649,0.0968320905574082,-0.173506493660711,-0.0207653036681969,-0.088581895798873,-0.0372016072362213,-0.119028250861093,0.103396416412968,-0.00580328540886569
-0.0577982247084831,0.0629315807219686,-0.0209931222635062,-0.00696111247387399,0.0875697918697283,-0.220127638839519,-0.011660059405237,-0.0727357200037985,-0.0443486191649867,-0.0475759485897029,0.065104141820125,-0.0173424176844657
-0.0320823882775629,0.0357850161131057,-0.0279130241122507,-0.00672438069474649,0.0319044313256399,-0.162341647008621,0.00599183844262854,-0.00827299539987837,-0.0534202875557284,0.0134181485748523,0.00991970175216245,-0.0119515149389708
-0.0114991902070119,0.0190528388408086,-0.00803155716843565,-0.022786320745615,0.0200256330961181,-0.138786427750137,0.0111445500414854,0.0475647046559038,-0.0444610892769185,0.0745455999021708,0.00623374688148343,-0.0117232548111506
-9.97149558179013e-05,0.00129770083319789,-0.00993222033367885,-0.0248700192172018,-0.00727987090773289,-0.101836003476829,0.0173161546748684,0.0980108185035139,-0.0419766093127944,0.101894196951811,-0.0161695803846916,-0.00964790321106551
-0.0113147497899758,0.0174564312209742,-0.0208682692347012,-0.0190007354975389,0.00775744435439221,-0.0654548375403373,0.014036497670887,0.135473182368317,-0.0385308827746081,0.0595078766534542,-0.0554546676087081,-0.0148262069007268
-0.00877532146401833,0.0154415316738584,-0.0160113158624781,-0.000195646100808031,0.0192643097298558,-0.0415100500584725,-0.00819723552403245,0.16945399772897,-0.0301056003553744,-0.00952252249711056,-0.0612113383667465,-0.0222809529956625
0.00126665603852729,0.00517178281580187,0.00247337528773961,0.00888967182844171,0.0437051443659022,0.0221861937638035,-0.0291957230667567,0.193723808923858,-0.0206823375956684,-0.0447835855450015,0.000480591575015482,-0.0205985113535482
-0.0109035011688153,0.0118035325593098,-0.008097252537937,0.0144842350361171,0.0333958119144658,0.0627804836960108,-0.0251611949072182,0.197436096908731,-0.0201417106479247,-0.0770101035472973,0.0123960892023167,-0.00149032698591707
-0.0231331844558361,0.0180292642994717,-0.0122030281296471,0.0186687899726936,0.0555309351979049,0.0900245702214042,-0.0191815166994454,0.187663856431286,-0.0236567146648194,-0.0939004879934104,0.0530573296093325,0.00563379245816591
0.00348623509491871,-0.0165467097224555,-0.0168569871926815,0.00176061729841217,-0.251760083208152,-0.0185027788239657,0.0118555294087486,0.00938977381553683,-0.0187816460950237,-0.00659526400157221,-0.00908418327266567,0.0084911205260415
0.00935706427433423,0.0286337610638598,-0.023707417937078,0.0107658944035074,-0.226130100231661,-0.0168283371299358,0.00652394568942611,0.0153997266691659,-0.0232604886813311,-0.0269927774283736,-0.0331389474775458,0.00732468147939907
0.0023425142933245,0.0413958063877322,-0.0356710959128082,0.00822116000752314,-0.21565977141756,0.0277353962622205,0.0027148733570909,0.015319398973583,-0.0271051394659312,-0.0341082207472017,-0.00925924431825922,0.000419508705399214
-0.0257635775938996,0.0525325466732249,-0.0437230850877245,0.00605328402685257,-0.163833483476151,0.0646838140773468,0.00109189996696774,-0.0044306920238766,-0.0323169448770048,-0.0476657119114586,0.0752523816105758,0.00246466415959839
-0.0347410955033927,0.0674036551741656,-0.0419024244864502,0.00617506293451196,-0.0889718073987426,0.0763340161023223,-0.00042588355028516,-0.0168957409976746,-0.0333050463213052,-0.0510709823131069,0.16692210380111,-0.000961599587425886
-0.025693067968917,0.0241135311481992,-0.0126292209461687,-0.0120275263637436,-0.00929926069505364,0.0919123213416802,-0.00556934322882624,-0.0209126929381188,-0.0254714055097222,0.00456578411647278,0.302885066884608,-0.0256075164120068
-0.00808801190620454,0.0232165027273364,0.00185204790655535,-0.0248903000971762,0.041192606017633,0.0252771841487658,-0.00111939007397854,-0.0116353978911706,-0.0133275291577378,0.0406695572574366,0.329953828534042,-0.00168693786690394
-8.24269717413523e-05,0.0012357777954044,0.00562177806437031,-0.00524249328778849,0.0518174073048043,-0.0553719588557101,-0.0112152385922257,-0.0148444609720491,-0.0170030164447829,0.00757762591970879,0.294204294304452,-0.0137646830843351
-0.0120219006151316,-0.000684741465349352,-0.0026542475780726,0.00877204184598252,0.045239587093795,-0.19153817239492,-0.0125052586404499,-0.0220981940466166,-0.0230437012331282,-0.030345493254656,0.165031343666537,-0.00999326437178347
-0.044147683950354,-0.0145349410435485,-0.00650060634939809,0.0125007564521836,0.0228953590783995,-0.367073342022916,0.00028887092646302,-0.0407289282626871,-0.0275485805004658,-0.0499745498312092,0.0122047492396969,-0.0016565514492888
-0.0204698654708786,0.00219078475593503,0.00354154183323582,0.00457630670662516,0.0137223696907676,-0.315031878321404,0.0024511931518567,0.0208302512037772,-0.024024381764139,-0.019043233134913,-0.0310676608417865,-0.0027855596630168
0.0133293170648496,0.00628990811078935,-0.0125855995019001,0.0085722705789856,-0.00432204883268258,-0.157448250056629,-0.00120564756304228,0.0984234103793891,-0.0313558155820098,0.00256007945420517,-0.0365228117528491,-0.00789155788382235
0.00339817412148912,0.021808780472773,-0.0135795293374178,-0.0168335413596455,-0.00910277437262528,-0.086255898234379,0.000160182457398645,0.152823910259679,-0.0177085436604994,0.0240175483680069,-0.0437257904888425,-0.00235155068545296
0.0247757409612837,0.0179746081283209,-0.00953150359243546,-0.00354490055581183,-0.0152597547854521,-0.0574078435773932,-0.0178737397159301,0.198935643140853,-0.000737286280226551,-0.0220305955615122,-0.0464388508424497,-0.000464808696877558
0.0331361506677996,0.00415854664762519,-0.00206912838124346,-0.00113917052300559,-0.0107045664209916,0.0103888858078716,-0.0405584086140258,0.219304135610821,0.00873435048336458,-0.0483705954513236,0.0097491263782848,0.00408701866498162
0.0163396258670542,0.0122475581405868,-0.0161802329653009,-0.00279296160938575,-0.0170563618709578,0.0194746714274003,-0.0228464776205484,0.223774267906458,0.00488700306708925,-0.0410092560631104,-0.0134927468611629,0.00514485765407612
0.00366391010554055,-0.000288148065682302,-0.0184076783178768,0.00569935920865581,-0.00841435560193477,0.0241126370410141,-0.00700812875653769,0.209411915507484,-0.00217559737041172,-0.0489919122818406,-0.00123002077544181,0.00463361253060345
0.0346426789405816,-0.0480723622623582,-0.0281345724231041,-0.0123607737708426,-0.277332853964668,-0.0479518928924011,0.0315636716352671,0.0291998770220911,-0.00222955137892473,0.0582528864945931,0.0212694990046737,0.0316550633643068
0.0374793277068819,-0.0412456314764153,-0.0278329064041035,-0.0104330588553147,-0.272362649461593,-0.0440541356656563,0.0312584849547624,0.0301063583863001,-0.0024418362645618,0.057828181145723,0.0294777628599832,0.0278518495836916
0.0272320066644342,-0.0285699451110466,-0.0383729027239213,-0.0111492127832862,-0.260466872114683,-0.0186467059889762,0.0316156890423225,0.0243875924044837,-0.00882395672245318,0.0607622698697377,0.046371870668255,0.0222267042030908
0.0171895464881657,-0.0232790490261308,-0.0395924572068492,-0.0116850292935215,-0.213008277283332,0.0126358070274825,0.0357396865989217,0.0200512408684649,-0.0148592112411787,0.069258518396806,0.11194436802134,0.00941560826173889
-0.00356539253930495,0.00569960763169911,-0.0402419531188691,-0.0203912974904926,-0.149569835718133,0.0406655006438472,0.0306162452235859,0.00900640244097195,-0.0148093469727058,0.054765282811827,0.185556199550993,0.00704459362193802
0.0248512797033462,-0.017752530109528,0.000500564967502084,-0.01203837561765,-0.0448196388022855,0.0245888454230726,0.0104224331885802,0.0183544721048605,-0.00670743307374649,0.0638964649388523,0.308193742378605,-0.0119451141153811
0.0367535998432576,-0.0193612699900078,0.0166111783830453,-0.00705885284324402,0.00871958104748508,-0.00307358092837262,-0.000569151741745565,0.0246587674522758,-0.000148202676591673,0.0438068002902658,0.340596370946037,-0.00830383195918527
0.0404090952215791,-0.0155380270316705,0.022032728838711,-0.00548201161276802,0.0308155091616275,-0.0502959353802498,-0.0068674095473863,0.0319553245188412,-0.00121322305179005,0.0406145236010245,0.312239511271194,-0.00274649129171729
0.0278033346240907,-0.0211329864978161,0.0100015121524921,0.0252200676400243,0.0243133919771731,-0.160201099960523,-0.0102073363010996,0.0120463662548599,-0.0154789497316668,-0.0220429868560363,0.198296787562567,0.000947648828619443
0.0240375976432967,-0.0118213218572505,0.00485961721033671,0.0319385354159413,0.00208524365782051,-0.239911172498462,-0.00682165806036215,0.0333182048033446,-0.0208618824070075,-0.0408707686846137,0.0582103091282399,0.0014948322745223
0.0136559798502802,-0.00231049163201536,-0.00238391133551847,0.00586362488953285,-0.0239304931607949,-0.301425242933791,0.00313662316604581,0.0523418025324306,-0.00646619586386225,-0.0222469218705979,-0.0224655674524323,0.0229825575046079
0.00736829341119799,-0.000343022666330801,-0.00883165901328779,-0.00415202972833099,-0.0282057608480251,-0.262318139135414,0.0116939976117493,0.0924205898184099,-0.000411295101587982,-0.0012992318222576,-0.038126466009488,0.0150599728106477
0.00990699775477518,-0.00603025815765494,-0.00825557669877882,-0.0310738834119111,-0.043692509329537,-0.124968974728295,0.0142234272019388,0.16021659842869,0.00721627747234151,0.0567352364373864,-0.00610293900779041,-0.00287737442369899
0.0438366437145449,0.0146975284130855,-0.00801510950680586,-0.0462226989003529,-0.0488589698713068,-0.0635457033960566,0.0107768233326237,0.205224917165864,0.0193820566817962,0.0771191119323923,-0.0160280993645888,0.0224749608954241
0.0505945174496161,0.0105817933683133,-0.00510072528316052,-0.0379767640944881,-0.0386702979831549,-0.0385389784563709,0.00895983961118946,0.227722833717843,0.0245288616006684,0.0654987841529318,-0.000365391671140188,0.0193519263057764
0.0564450104390699,0.0179243087334117,-0.00862429526751286,-0.0247020244144085,-0.0358271980259207,-0.00666964593091072,0.00550056837366357,0.241673691233269,0.029459834985218,0.0360032792211077,0.0105895727961783,0.0225561264756809
0.0401110715301988,0.022330185075448,-0.0185704234618779,-0.0209337159315931,-0.0305626076237912,-0.0079624385160329,0.0153968588809022,0.228684127390626,0.0295546555873441,0.00220495929148967,0.00831427741583384,0.0330487688002869
