0.00188742867894866,-0.0127169232388272,0.0350860041937657,-0.238141487747276,0.0136450334289605,0.0331033128245098,-0.0104046026824743,-0.0230598192766744,0.00887172894506978,-0.0279002212207227,-0.0201413097372717
0.00138644289356988,-0.00777432302223153,0.0388094189569198,-0.241647745781282,0.017337205883422,0.0353236560034071,-0.00954648747662113,-0.0198352606540368,0.00786344631750581,-0.0313267765976233,-0.0190218010401596
-0.0054163875244327,0.0034596586788722,0.0319921709674401,-0.228176756644509,0.0167938282885269,0.0215514791280054,-0.00592533753623044,-0.0158341107379318,0.00108651764146638,-0.0322725807057444,-0.0161302822992645
-0.00995171777763787,0.00598451347637981,0.0292511165892655,-0.224172763975498,0.0205105972689087,0.0196315816176788,-0.00667212406627568,-0.00973814105216226,-0.00631231435392898,-0.0305465874208933,-0.0216444299259258
-0.00638551159800314,0.00131798581037051,0.0177887704018484,-0.210042996906332,0.0210000278797823,0.004532319206498,-0.004627958988236,-0.00877857468259714,-0.0147431089903062,-0.0336698337758553,-0.0405579815146144
-0.0143022299478131,0.0108948246379328,0.00722392416223677,-0.203913458183312,0.0123684817478811,-0.00693009429271084,-0.00289187416881905,-0.0137888865657583,-0.0150938734727362,-0.0294492137755961,-0.0440536573352687
-0.00924786023876542,0.0129155375082054,0.0015547311388155,-0.183939848521397,0.000953275009031619,-0.0197106192015567,-0.0036260939576945,-0.0119305881874717,-0.0173042663557867,-0.0275899890458342,-0.0593440051623617
-0.0192645239076848,0.0156767070082767,-0.00351394043873901,-0.174443440974368,0.00145361302712604,-0.0273650664475122,-0.00317177490479043,-0.0104079208893075,-0.0131688126700678,-0.0244413098195527,-0.0788173803794688
-0.0192812460519518,0.00987349061571217,-0.0156080851100131,-0.157729372750832,-0.0128778216207805,-0.0375966863731212,-0.00177470640134999,-0.0148483001667378,-0.0173821988777702,-0.0244224164751027,-0.0912603402521726
-0.0207778393282329,0.0143507493063804,-0.0196477499144243,-0.148002808244062,-0.0187262716669257,-0.0458020917593162,-0.00348757119993538,-0.0111129440943103,-0.017684075996036,-0.0204026213415003,-0.107946355540713
-0.0159448919655035,0.0217749145370465,-0.0233801373599837,-0.135002233465781,-0.0235794113209913,-0.0502235683049526,-0.0042783025658366,-0.0148123735898848,-0.0115239191097991,-0.0203262742638922,-0.116928665643844
-0.0211920874517949,0.0239542103905928,-0.0219953388273308,-0.124508795060604,-0.0201141972888546,-0.0566759266728757,-0.00391779507998067,-0.00771895919404974,-0.0135991826936865,-0.0196565175267085,-0.123178817237359
-0.00572598071455357,0.0089658937624966,-0.0217057060950476,-0.108445897162387,-0.0265518509868762,-0.0518852896751292,-0.00709389586659591,-0.0042978780097848,-0.014045726776996,-0.0261028014812884,-0.138619867540647
0.00389789980934883,-0.00551135997265359,-0.0145531032025476,-0.105778871540086,-0.0187909937805448,-0.0368625071943313,-0.01067478855032,0.00566174209232959,-0.0136606418754907,-0.0317427667007357,-0.155179251673301
0.0223515461116177,-0.0179303659489023,-0.00447906490540881,-0.0854114813757428,-0.0258143933676067,-0.0303833308684025,-0.0181827666285829,0.0142973510893269,-0.0129672498669252,-0.0352999781746163,-0.165543307310943
0.0216197165477424,-0.0220141076669399,-0.000422733329190012,-0.0752034436139741,-0.0254303065269123,-0.021875010611678,-0.0203183114741689,0.0311796665658104,-0.0123074330205171,-0.0398063285620987,-0.174460577377125
0.0164731733661315,-0.023691334691884,0.00959366172326385,-0.0655125798521359,-0.0148609649882176,-0.015620388807801,-0.0194992499962511,0.0334287956638332,-0.0112393714548777,-0.0441406273505746,-0.185959126321511
0.016713566800416,-0.0244498146661623,0.0176716770572802,-0.0544722084426988,-0.0150214605774815,-0.0136474103302255,-0.0200436357559069,0.0427607623486739,-0.0182865703407521,-0.0423419840364462,-0.198296657286957
0.0200908124223883,-0.0332073887428379,0.0200230221132027,-0.0531560909372247,-0.0132951895620669,-0.00549914476289347,-0.0203500129162991,0.0447781884680188,-0.0204649295028163,-0.0449174765743216,-0.204337005168306
0.027279310836607,-0.0405333307753206,0.0372062310976502,-0.0595675051115774,-0.000620547338761305,0.00855023002523998,-0.0244065112358293,0.0436298993024217,-0.0190696267273272,-0.0450068217218009,-0.205658987862637
0.0291108613267749,-0.0489446265839485,0.047894538641629,-0.0625131099086945,-0.00368770309488293,0.0289192528553374,-0.0213117691720018,0.0476952045855627,-0.0229678679234572,-0.0434577083229805,-0.211634652260334
0.00135183690443823,0.0142482436147533,0.0255078656078308,-0.157493386059583,0.00233977810521855,0.0214371919045106,-0.0158133833637681,0.01426369279046,0.02536901479925,-0.0510437833614161,0.0617951423998345
0.00400044848582818,0.0191207884195719,0.0348233268768875,-0.154591896539707,0.0046317708773529,0.0209271731444837,-0.0156207328981603,0.01760560264745,0.0173826884837086,-0.0532472829469196,0.0606328955327464
-0.00933437024363401,0.0325984255997002,0.0244656713692597,-0.145350717908908,0.00607339333221638,0.00515871232688382,-0.0109814782772081,0.0203209931989253,0.00948771913207698,-0.0494076501927587,0.062097973496212
-0.00189318650853854,0.0296370122934477,0.0228377573687598,-0.141480695137602,0.00252421119225071,0.00285079775526026,-0.0109088881674402,0.0208522754577809,-0.00168101441743272,-0.051117404630131,0.0559522833302922
-0.00661054729456179,0.0325171151378742,0.00815664012710209,-0.127159330015956,0.000238013604720481,-0.0145960822983582,-0.00862793215467585,0.0232394421865799,-0.00270219305250141,-0.0524201174162683,0.0421072875630865
-0.0164160006779106,0.0374121322216692,0.00628231038247959,-0.112575039651584,-0.000675621696636807,-0.0183351590244308,-0.00857873230210168,0.0283448784737349,-0.00832326652116645,-0.0512644047106759,0.0289912286201087
-0.0239427196240126,0.0523379341852981,-0.00662772783865882,-0.0941432233794611,-0.0125951177927238,-0.0385769048564967,-0.00690779438889789,0.0264806903863678,-0.00527912018205503,-0.0473177394319583,0.0248776975398132
-0.0278927355338979,0.0473639107742937,-0.009004258727469,-0.0830436460209893,-0.0157366155613324,-0.0470939874586099,-0.00766633453156181,0.0266250599167318,-0.00607456950296408,-0.0437227644859902,0.00319959465962264
-0.0238725363741077,0.0479921669616448,-0.0213603438552851,-0.0658107367590148,-0.031193175660971,-0.0596908937656334,-0.00455128721660766,0.0214890364404461,-0.0123473327646583,-0.0417930505956333,-0.0116040817142016
-0.0288436335460913,0.0522441927509836,-0.0311436429838174,-0.0531896476125198,-0.0362643383738436,-0.0699818216939576,-0.00411806870145201,0.0213820252841461,-0.004850465708893,-0.0417433830834564,-0.0284537198024916
-0.028107508877603,0.0564346581452687,-0.0327117811004779,-0.0394031343908669,-0.0405157017397337,-0.0747419947773589,-0.0059196169468448,0.0226576100279942,-0.000458874907512221,-0.0380232737983864,-0.043886480165677
-0.0270980597274515,0.0537327402966982,-0.0302746227293027,-0.0299014865945466,-0.0376240318749154,-0.0719461626214299,-0.00644845818162487,0.0249814983960899,0.000437606855222294,-0.0413653930127166,-0.0550998465603353
-0.0172641761901171,0.0462991566404434,-0.0292628921095431,-0.0180782178235047,-0.0431587898121771,-0.0702784496783967,-0.00919121996665998,0.0231824377064031,0.00217633906013361,-0.0447875240133504,-0.0691409322990777
-0.00897602595632253,0.0331566054135088,-0.0146589109212589,-0.0135133161796522,-0.0317871422847929,-0.0543558646014951,-0.0119026046926452,0.0317385538898484,0.00153800143545955,-0.0524013601084121,-0.083505349996854
0.00116039844609515,0.0268879070488133,-0.00996798654323583,-0.00456644333978173,-0.0322684601662872,-0.0428073664896834,-0.0160684611913587,0.0365657534358143,0.00386491895386386,-0.0562059490541881,-0.0960633358044271
0.00215475142433221,0.021871955706572,0.00840623990075328,0.00548001447422614,-0.0284210148173982,-0.0291528057834523,-0.0212975719006871,0.0537419303222189,-0.00369594940536184,-0.0553876193540564,-0.108192861408584
0.00468905614064598,0.0119548268658306,0.0133418977164522,0.013132805252308,-0.0195083817689705,-0.0191512557785984,-0.0219142329550318,0.0576940382465849,0.00132542829940646,-0.0635791194582928,-0.116570755857335
-0.00238143700691909,0.0151034321409925,0.0354725672842745,0.0258340535354525,-0.00763282802030871,-0.00835805632145393,-0.0247920969029838,0.0761403568410289,-0.00487898786674391,-0.0631007383869024,-0.122571788415034
-0.00803514541202425,0.00801477492649685,0.036601353888026,0.018169668646099,0.00289112863355149,0.00148112480603112,-0.0247148002458569,0.0748796327129873,-0.00422647923832147,-0.0607962761915302,-0.136131452913095
-0.0047953717137968,0.00312658207514743,0.0444097023035521,0.0146841684598942,0.0142203747416392,0.00968770720307863,-0.025840910904991,0.078447664480305,-0.00406552367240514,-0.0607818468955331,-0.137254269241377
-0.00729950877093771,0.00592476075009781,0.0699037769860111,0.020031121173797,0.025669036725082,0.0239248521631611,-0.0286525368308462,0.0840835123000064,-0.00547438153311239,-0.0618916429955046,-0.133257751627635
0.0108178759229144,0.0119364886614971,0.0217396503739173,-0.110080486449595,-0.00126551637357291,0.00824147306632276,-0.0212799394954256,0.0352902498091899,0.0242401735830542,-0.0575003231667727,0.100292546736848
0.0162050264936808,0.0169495328795294,0.0286378471145868,-0.104860893280897,-1.19828126245464e-05,0.00846213003127468,-0.0185926184793842,0.0355087704757184,0.0135272834103096,-0.0611276782420903,0.0997381821252172
0.0027207583263703,0.0353157164377927,0.029920254859477,-0.0939609193318826,0.00721670284884332,-0.0027033047801752,-0.0156628177821941,0.0386298697597813,0.00412751020934002,-0.0624050096644227,0.106600278956553
-0.000772484075690757,0.0388123065035555,0.0243074981615911,-0.0888230241149289,0.00500204565043745,-0.00786135419111679,-0.0145098928605178,0.0386698667838552,-0.000869761505542702,-0.0620343209281165,0.10081712543553
-0.00673472143202728,0.0411949753173737,0.0083962537786233,-0.0736933481398773,-0.00260976118531154,-0.0253827906228412,-0.0114685429492078,0.0392881211779635,-0.00671061547174004,-0.0612584167501285,0.0867902230938325
-0.0159985143774486,0.0483975354891554,0.00251215346035372,-0.0583098824160627,-0.0082770852258778,-0.0344166232441759,-0.0113483770191751,0.0396982845348902,-0.00885958444062294,-0.0592840858663393,0.0781019465075474
-0.0214433201651642,0.0526229080931919,-0.0111250162951879,-0.0425730206541391,-0.0139867071269943,-0.0521683397689336,-0.00885327835839114,0.0412720303327,-0.00633931522020454,-0.0578701183667575,0.0670427752586035
-0.0279160228615107,0.0523648665808445,-0.0127649950967878,-0.0231855243358995,-0.0136801655065318,-0.0607161136230695,-0.00871866192541559,0.0365866548388459,-0.0126106823591541,-0.0569342277125692,0.0485137164621404
-0.0299009056306815,0.059932821216884,-0.0197382872662398,-0.0114843592345508,-0.025225002487444,-0.0759604749206419,-0.0070435081360943,0.0287973237532826,-0.0105379858143407,-0.0518619286660747,0.0333027328681523
-0.0291247854249532,0.0631614275018312,-0.0159483117626066,0.0062936745577022,-0.0272080638187994,-0.0841176812979161,-0.00825383175087036,0.0269338759469933,-0.00812313728870837,-0.0513714048950041,0.0155126711693899
-0.0267295132205166,0.0595781867822967,-0.0217242003560605,0.0217178150842907,-0.0329000693510801,-0.0903596041895068,-0.00777714022771385,0.0227073531453808,-0.00497359724723994,-0.0495514959172508,-0.00820103170872399
-0.0312487529983408,0.0616388223888206,-0.0160448014072092,0.0314200034948044,-0.0275149780338083,-0.0884964094811616,-0.0071974113793692,0.0205577269605639,-0.00329138274375472,-0.054154871469513,-0.0162609320124508
-0.0307901124574878,0.0651839760590598,-0.0148018136291092,0.0361862973862108,-0.0265372411415559,-0.0810407044355408,-0.00952138234105234,0.0194083316509261,-6.22691508778087e-05,-0.0550397185727876,-0.0280893144226101
-0.0201522982794849,0.054288797321708,-0.00931533933109494,0.0416162853624078,-0.0262196392313516,-0.0708468097837684,-0.0141728778597233,0.0251021710632381,0.0017741053523664,-0.0585800322316617,-0.0412697799486825
-0.0175880594811084,0.0515756641454845,-0.00545807816992133,0.0481481796932164,-0.0248791414274738,-0.0573748018543175,-0.0155177054276947,0.0358250651417581,0.00370380877157217,-0.0624565706391669,-0.0525562593709148
-0.0144193044476552,0.04917432491025,0.0100626263598426,0.0567547941082698,-0.0169128640005415,-0.0344049421970807,-0.0191960952863914,0.0503981949874137,0.00355028012496914,-0.0695543994512753,-0.055986450504406
-0.0147498347509284,0.040889655355389,0.0197108923842562,0.0629292440792181,-0.00753342867443197,-0.0157862890168586,-0.0195648659373848,0.0613820571946022,0.00177299240324727,-0.0765652954058063,-0.061252089055522
-0.0215087267987687,0.043958579412124,0.03758375379829,0.0747600588943129,0.00866650432756033,-0.00772982419478484,-0.0225943980215761,0.0741872034683098,-0.000623355531388075,-0.0781101412058834,-0.0634991257717059
-0.0167471640200838,0.0309774819772364,0.0504304034338249,0.0687328315816793,0.0189752954747203,0.010852452111655,-0.0273727561433199,0.0875696070366504,0.00418020327298017,-0.0783530584339472,-0.0774704190797409
-0.0197418433287692,0.0285206634940492,0.0691277364851479,0.0657923215398078,0.0300571829886947,0.0236551451108117,-0.0271880224808041,0.0911017368390928,0.000842908896033255,-0.0744581016312523,-0.0787479717583633
-0.018447918331084,0.0246582178343848,0.0733862648552806,0.0650862281703729,0.0362764617433052,0.0273417379336028,-0.0283461947573472,0.0906014833192782,0.00393040228381105,-0.0752479628395581,-0.0842474002684128
0.0282767796495116,5.70595405830696e-05,0.0203354553245452,-0.0768864432311771,-0.00973647027608368,0.00421826707213259,-0.0244289752338115,0.0426587716342566,0.0217701556471861,-0.0620160528114248,0.126271359184743
0.0274211096109453,0.00269266356742526,0.0307281325856488,-0.0658179311978662,0.00224730283184957,0.00266760704706784,-0.0220229404703125,0.0495395590524875,0.0155289815006141,-0.0689629990229815,0.128078377442896
0.0170354582512423,0.0136265472714369,0.032738285846353,-0.0528390203769975,0.00593941513538623,-0.00744768639375835,-0.0189716755340835,0.0472946750105008,0.000824060516649707,-0.0681896619582062,0.128120787923337
0.00602506136312724,0.0231714903057584,0.0257865467471868,-0.0494483789223606,0.00497282195803741,-0.0144962263723952,-0.0148595232388523,0.0466541125382557,-0.00825201753787768,-0.0665397850367277,0.12302593101457
-0.00305676824539745,0.0289370537872186,0.0217956489636497,-0.0300789389484022,0.00516782025379037,-0.03249236470442,-0.0143979803108964,0.046051422419148,-0.0169413879116189,-0.0639459504372616,0.110227875767521
-0.0155148492997582,0.0377003563832892,0.00897455705549601,-0.0116037646583373,-0.00332073685909059,-0.0522585948452969,-0.010489076233489,0.0472544306233046,-0.02234349438866,-0.0584242158633789,0.0930684992985777
-0.0216007668549866,0.0388630258772791,-0.00183696358853345,0.00104083246597922,-0.00502985007736358,-0.0663977513712932,-0.0076778972074073,0.0344655658974371,-0.0225967370965574,-0.0576604459048023,0.0807096599952283
-0.0233127061342096,0.0425213301494758,-0.00902225596147715,0.0118091987532105,-0.0152705119444058,-0.07433001986132,-0.00935217225635616,0.0263944902984444,-0.0188220886594131,-0.0551766063513962,0.0676042242921651
-0.0307298083102257,0.0537745632168516,-0.0164438741929875,0.0281612186259688,-0.0277486240574617,-0.0850393572936611,-0.00786595208679588,0.0286375877061379,-0.0255110495700961,-0.0495253698820994,0.0503717822075779
-0.029640617770489,0.0552396312957031,-0.0142675116041581,0.0416817531851956,-0.0193526787808797,-0.0951494958616808,-0.00908969465711113,0.0160525698256151,-0.017312851925416,-0.0511095307577457,0.0317834637088801
-0.0292444319876076,0.0567137668254505,-0.0164834874342469,0.0523406828394105,-0.0244035188137154,-0.0931755480019841,-0.00736667436898822,0.00953953592692338,-0.0134712104354341,-0.0537357943592662,0.0165746764427943
-0.0255261619154527,0.0588109865410416,-0.0118922021563789,0.0671477676614525,-0.0242148070777986,-0.094085054489949,-0.00804828183601082,0.00369382768374344,-0.0149790512838686,-0.0568415369188035,0.00193001099922036
-0.0194122809983272,0.0568581752761844,-0.013989713931784,0.0694153089718115,-0.0272916054683361,-0.0827282269141393,-0.0102310862530755,0.00259612547187497,-0.00806616243226655,-0.0621238022572454,-0.00353847231808116
-0.0169067547683704,0.0543575155836325,-0.00565887337711083,0.0762464941672322,-0.0241346864894661,-0.0709158213482659,-0.013151430005542,0.00647234255210065,-0.0048360946316614,-0.064298239661645,-0.0147267598618101
-0.00949852853765331,0.0530072771397926,-0.00218267844639388,0.079490712740342,-0.021350489167745,-0.0535105445481238,-0.016919760715112,0.0162619124357561,0.00301930131681405,-0.0700436910015961,-0.0222435220187208
-0.0100043791577607,0.0508134636972968,0.0159755432165386,0.0881317438341262,-0.00944140936996525,-0.0323778644548566,-0.0200296127393902,0.0289551593070446,0.00634615132640582,-0.0774196158132165,-0.0242621628875147
-0.0154016427821917,0.0437071258213396,0.0269082013196369,0.0885566929710238,0.00302087334046562,-0.00915068774725845,-0.0185399601000653,0.0379717725213959,0.00301378110533358,-0.082004059811813,-0.0287454709581531
-0.0184530986205867,0.0417415385337272,0.0368375129507901,0.0920111437340516,0.00938860141631407,0.00595249607985698,-0.020195691607686,0.0583774720828459,0.00438918264629145,-0.0845583660895242,-0.0332628140525773
-0.0160974892730377,0.038791545026941,0.0474529977744684,0.0916319499048422,0.0143736291940896,0.0179120525162058,-0.0241884923209718,0.0691400196579174,0.0031067582675952,-0.083625461290928,-0.0389257159824969
-0.0185663335575706,0.0297196779554954,0.0640284639573627,0.0853656978959718,0.0270888228164834,0.0330579226290807,-0.0231709961172982,0.065235609496217,0.00445625596255152,-0.0812147408992783,-0.0473089079944317
-0.0197314516878159,0.0258345857068128,0.0724885110500545,0.0857919510773575,0.0355233295060066,0.0374629918336841,-0.0240155133246592,0.0740710664840187,0.000329046477056076,-0.0785961804264948,-0.0500131241952598
0.0362123486020395,-0.0398704873030664,0.0238950727445961,-0.0530166743934852,-0.00217677675039126,0.00401675849825415,-0.0252790333006975,0.0452108054122313,0.0195918378897117,-0.0641734881033339,0.127663511636529
0.0314709311664624,-0.0313216449744353,0.0334631420981965,-0.041363165075761,0.00306643219833628,0.00209174099971636,-0.0223966411253775,0.0485053475209541,0.00620044357784155,-0.0662390464894369,0.13148735942877
0.0196356892363053,-0.0196338287286429,0.0348617074757471,-0.0294030124600683,0.00379792286282802,-0.00798024550819133,-0.0205553422764717,0.0538695982133558,-0.00688526675665613,-0.0627850275125581,0.131206677958803
0.00737191891201772,-0.00441386394309781,0.0250437513014679,-0.0222947027051415,0.000795823147048565,-0.0204923027374651,-0.016736106031286,0.0510924012774361,-0.0170135414872077,-0.0596741013648642,0.12470058145546
-0.00283916399134978,6.0100220244527e-05,0.0155963771182896,-0.00259770423402549,-0.000729013613605442,-0.0419373761978646,-0.0152031383558883,0.0444999530666839,-0.0301695110628239,-0.0557098290296131,0.108720836567389
-0.0118959453888533,0.00366328077005893,0.00512383729047031,0.00518757125409231,-0.00715509347805452,-0.0529507593635333,-0.0112674143122657,0.0378980885637465,-0.0336311439668894,-0.0502607613791839,0.0962061334623018
-0.0159027322156923,0.00449257737385134,-0.00764381061029717,0.0184198204146643,-0.00670525896218245,-0.0673417492017654,-0.00883603765749728,0.0290277780164533,-0.0335067308721729,-0.0506051440275145,0.0815831766644554
-0.0179566832510714,0.00994369856050087,-0.0177283026311557,0.0308334252508819,-0.0167348560773198,-0.0801135291059267,-0.00605296036531808,0.015455228668217,-0.0335961079768437,-0.0475396933082501,0.0654534102067843
-0.0226091264128837,0.0188143486812868,-0.021882438825594,0.0410930839053056,-0.0237236347516366,-0.0868128713346603,-0.00539152713762719,0.00627721997070039,-0.0359927476415186,-0.0441277686521404,0.050866589125134
-0.0210343243468701,0.0339508906435367,-0.0179224623177555,0.0521160884081614,-0.0222901042065003,-0.0945556814203669,-0.00709381932628282,-0.01127540420376,-0.0269348338895486,-0.0461724773889634,0.0367469215912473
-0.000827284207243617,0.0409917664980563,-0.0120988249291479,0.0539698597250653,-0.017174394602756,-0.0981994856762221,-0.00760974930828222,-0.0525265945493366,-0.00675981012226962,-0.0529450425599419,0.0205364982443874
0.0102725311206326,0.0469341657354736,-0.00158871825325495,0.0586803582509272,-0.0148581306335298,-0.0908306836707601,-0.010105750483307,-0.0679209592993983,0.00470957950882358,-0.0570659367559044,0.0109387734458552
0.0120840460357779,0.0502007660920237,-0.00198633292810628,0.0659528727818156,-0.0118221674908101,-0.0845842044725889,-0.0152284586980069,-0.0667851289096142,0.0104071206376381,-0.0609215843589126,0.00276901163490503
0.00930873055822567,0.0508056649272855,0.00819816325215659,0.0692530703999406,-0.0080219459304499,-0.0648574064691903,-0.0162855197517321,-0.0593399454088673,0.0108214418551076,-0.063920115386804,-0.00681782205466443
-0.00711025060317403,0.0439728950150896,0.0075946797941998,0.0829650887992866,-0.0152815036234361,-0.0422535839796852,-0.0158148562707888,-0.0142115373020872,-0.00413196494520803,-0.0653358412976914,-0.00948650351017289
-0.00153111619196894,0.028680152311096,0.0170367762202325,0.0826207580291679,-0.00594854169963744,-0.00887798055911419,-0.0160355646461235,-0.00347274446322845,-0.00315797189047742,-0.0751998580975038,-0.0164413847177209
-0.00390049699367893,0.0230997639460712,0.031870727729045,0.0848807503627447,0.00838745974125517,0.0163057766777136,-0.0183816423940299,0.0134899070102776,-0.00109893560605383,-0.0827074246838029,-0.0156949544171281
-0.0108280141060836,0.0194245893222653,0.0427391556778182,0.0813393198786563,0.0107509235529317,0.0383775161134731,-0.0155976539725252,0.0195497670240234,-0.000402524898139711,-0.0819911463590052,-0.0247350729214827
-0.0108198721769412,0.0197768691898144,0.0531943279118457,0.0790361495670013,0.0190646837307898,0.0530385637177744,-0.0185974289138414,0.0322818466097905,0.00710921271183701,-0.083262741229825,-0.0267077513335686
-0.0101903697807567,0.0156823090905514,0.0611406481921438,0.0806777845585179,0.026017283660593,0.0597927035815387,-0.0190478348773614,0.0376033803486353,0.010396220206528,-0.0830468779144784,-0.0336212280914204
-0.0113289851880154,0.00437226842318499,0.071487099856077,0.0662941936796298,0.0273489210512189,0.0778715527014397,-0.0163720334070745,0.0371050898359854,0.00501512009429898,-0.0781022913432278,-0.0375548007408939
0.0352923809123233,-0.0637737276997828,0.0326636331880017,-0.0239644479044597,-0.00116682241471119,-0.00110192222435122,-0.0263999285319071,0.0450164300901323,0.00992241463231649,-0.0528589219508197,0.110616738127637
0.0311453674489972,-0.0655634629188434,0.031769135149682,-0.0227592761508599,-0.000692588095207823,-0.00196568120978106,-0.0251193381175188,0.0461472823539029,0.00429749922411401,-0.0532192675823148,0.111430190490902
0.024273038258128,-0.0583768677077125,0.0346162647315293,-0.0179912701810984,0.000276073148832319,-0.00358590896841051,-0.0224187973081122,0.0450639337372634,-0.0111595540807539,-0.0503729933633058,0.110292404064939
0.0144891519621436,-0.0433163874035005,0.0246003374305692,-0.00768582788546646,-0.0058760726392806,-0.0180497713093646,-0.0190736748656884,0.0410710879691286,-0.0228833522787678,-0.0478453455285342,0.10504551231063
0.00337860741670184,-0.0388888920481733,0.0136255701971156,0.00587601952830861,-0.00758117944742961,-0.0362747573977354,-0.0168422641310983,0.0363690401401157,-0.0388749690547599,-0.0432140673136486,0.098591491904488
-0.00684359876048481,-0.0386128570333327,-0.000485371488262301,0.0163450940713075,-0.0117336982555664,-0.0486000437733888,-0.0112080632544262,0.02457590904948,-0.0486133457704526,-0.0363528350251321,0.0775906961908981
-0.0127294441891372,-0.0310747165826867,-0.0188242408437857,0.0246124895885397,-0.0163486245035622,-0.0659492052077696,-0.00624062650998297,0.0122566366167752,-0.0456286303922308,-0.0351165483180607,0.0655015876343963
-0.0138063630274636,-0.024521841102508,-0.0182577978004485,0.0290814853355193,-0.0251616579724959,-0.069104943578436,-0.00552299709989767,-0.00507562949519483,-0.0496953910360304,-0.0290483804206532,0.0531473461039424
-0.0196477844590709,-0.0124943626981034,-0.0203956304987888,0.0416879197258607,-0.0259351283576444,-0.0800379072745428,-0.00552040894491847,-0.0163936229428291,-0.0506409597957019,-0.0274759781006998,0.0412690388633664
-0.0133321314391082,-0.00168248716052581,-0.0152553858240864,0.0377301586630743,-0.025810765074026,-0.0756988988986281,-0.00296550439846725,-0.0512928173164211,-0.0396417477110208,-0.0308572390760811,0.0268807815904948
0.00560063086630793,0.0134456217614832,-0.00768659814270263,0.0410237139668079,-0.0198604149350591,-0.077934836838741,-0.00550210013203414,-0.0889407556268716,-0.0155959118025673,-0.0391310997185045,0.0144498893704766
0.0184732105788951,0.0163549295755493,-0.00284758001951559,0.038081497126864,-0.0228111345339437,-0.0679419741830336,-0.00786261364171648,-0.109041955295855,-0.00490814380060374,-0.0402955229584113,0.00179976736984597
0.0232347962243041,0.0208733329070334,-0.00509212853236144,0.0429298378507899,-0.0195461606289406,-0.0582612007523414,-0.0102373958302896,-0.108443579354265,-0.000877379098600891,-0.0484128874559183,-0.000778408980126198
0.01287206398073,0.0255147486549986,0.0042075828471599,0.0514090520542837,-0.0112943675118444,-0.0424914767664027,-0.010318871889348,-0.0909729919424627,0.00599943748460403,-0.0547779154873664,-0.00309288877508177
0.0142052837156554,0.0268022030442499,0.0152754573944431,0.0595198409211302,-0.00496372040750423,-0.0221712645026196,-0.0146559170132939,-0.0727778802236772,0.0079440195601578,-0.0624349521184342,-0.00355002096914516
0.0129286346375872,0.0176362870218006,0.0200985523039668,0.0614503102593022,-0.00376856255603982,0.0104914123516217,-0.013490774285836,-0.0572488110046361,0.00061419292445808,-0.0687535785368751,-0.00710719950864025
0.0131054006231133,0.014633604038176,0.035092806311748,0.0674386482992674,0.00407843404268532,0.0307769768369146,-0.0164035694083447,-0.0409701273256101,0.0055273381614369,-0.0759440271946134,-0.00928568324657096
0.0049184161908099,0.00152088914570027,0.042491942472398,0.0617809495096778,0.00546840375784497,0.0592414595995734,-0.0134764434423121,-0.0193489134997369,0.00454074094324532,-0.0775876268132998,-0.0129189323727832
0.00196889478336812,-0.00026985204864471,0.0519219201757434,0.0623083007955939,0.0154584380102906,0.0735520422371114,-0.0130851874615597,-0.00501986545099861,0.00276502968538821,-0.0804455628034753,-0.0163266817229183
0.00262210496043102,-0.00749738281066083,0.0623259756745726,0.056464018368486,0.0187679470238043,0.0897147902222192,-0.011604471782359,-0.00345299583238913,0.00778859552234191,-0.0802389548137218,-0.0215532751010839
-0.00743194995688959,-0.00279444844246012,0.0632063699868727,0.0591144155236095,0.0221648994656476,0.0869547198885468,-0.011353064276574,0.00553582315238456,0.00534678537960433,-0.0744626157496913,-0.0268837456789513
0.0275553913167404,-0.10022622048196,0.0235801066083617,-0.0034742262479665,-0.0122801687983841,0.00119863785300195,-0.0194320006690589,0.0481721104000807,0.0090412695055223,-0.0446533273128713,0.077295876666046
0.0265919288582869,-0.0953786825725767,0.0294765046477665,-0.00657190267199793,-0.0105575495761002,-0.000146405197273722,-0.0274222296147918,0.0452181444487222,-0.00400310893166715,-0.033911890497949,0.0802492844046339
0.02321684891969,-0.0912784765399163,0.0253305137194947,-0.00912984602698066,-0.0162808054418298,0.000536578811088502,-0.021651677052818,0.0369308289133019,-0.0213425945680506,-0.0307428599430974,0.0832827652335066
0.0194643186110929,-0.0809755195201193,0.017467333966612,0.00179715491380566,-0.0178920268633399,-0.0135878501529422,-0.0199116320420585,0.0323350840846002,-0.0393811981672181,-0.0304747936230709,0.0799779124253174
0.00720506708904844,-0.0789969510612397,0.0115250297266013,0.00542776875760991,-0.0185333280300279,-0.021281293299779,-0.0159954796704959,0.0190446554917914,-0.0523189221847379,-0.0231958785775339,0.0693196933254211
-0.00630042052955978,-0.0753985896260153,-0.00227910683252518,0.0119598292266447,-0.0170405270938524,-0.0368697887100001,-0.0113304703664267,0.00916155312577353,-0.0531098694902254,-0.017500388808053,0.057444097647273
-0.0168758869967644,-0.0661717057098249,-0.0159698642722626,0.0142628382519568,-0.018090098592256,-0.049970576596139,-0.00449688975629569,-0.00683842022936764,-0.0546780765527927,-0.0133076200470961,0.045937351184
-0.0182271133193975,-0.050134122438255,-0.0195835730675346,0.0252485127345274,-0.0236246146736694,-0.0600984786424041,-0.00548614380410057,-0.0219550279026231,-0.0603826375088691,-0.010701112239391,0.0368664353177295
-0.0248991705899498,-0.0391705687400268,-0.0240575404052834,0.0305271387488544,-0.0272683528494134,-0.0648753265109852,-0.00199325955396055,-0.0334822785001509,-0.0586921282001581,-0.0120551339349445,0.0286322870713376
-0.0219999593287947,-0.0267484468823832,-0.0144041456860163,0.0265248499388936,-0.0244528056240848,-0.0615065270252993,-0.000862349851703992,-0.0664065633767002,-0.0481410219266984,-0.0122850333257289,0.0189480909824572
0.0130991545916381,-0.0040651919503161,-0.00025375850846149,0.0170434644434008,-0.00996239359048646,-0.0646135621677739,-0.00629058821625655,-0.135426814049367,-0.0131742621136652,-0.0205571674991978,0.00710707502578711
0.028581623191063,0.00168271557639708,0.00671504161311022,0.0123286940994879,-0.00832996898001986,-0.058238791637265,-0.00800684569660147,-0.164388583612689,-0.000584214563745022,-0.024819414761222,-0.00550306358677805
0.0379098309131484,0.00539092929235308,0.00617158179409149,0.0171380753245132,-0.00978431077280597,-0.0436444515589519,-0.0117030555857132,-0.158430287975033,0.0089459655399667,-0.0345054027293164,-0.00597970948070962
0.0293657151763687,0.00176491873858991,0.00979645306405955,0.0257519045662787,-0.00712161019110762,-0.0244634652764281,-0.0115470446082865,-0.141612241471163,0.0116161700955911,-0.0418345672073155,-0.00896958012450534
0.0163781544926633,0.00649541360055836,0.0144560841483411,0.0347924465034787,-0.00466954910786718,-0.00300972608596364,-0.0117889086482656,-0.108168418639177,0.00315557575617149,-0.0487467429489295,-0.00495435919815639
0.0162532976076964,-0.00115571682048966,0.020729226660044,0.0330587326496691,-0.00437246479566841,0.0290408477435714,-0.0102477087779019,-0.0945698593514671,-0.000718522743257665,-0.0557722295113644,-0.00358716443085128
0.0200490203174187,-0.00425094898284407,0.0302549043459711,0.0401768938946117,0.00034280406382337,0.0481634026719138,-0.0112125908923573,-0.0744534805160415,0.00133870199837103,-0.0651094922882537,-0.00257988908309857
0.0180518474398745,-0.00814337261137846,0.0359951024667995,0.0398138753478405,0.00961479539586165,0.066692093816244,-0.0107356432396335,-0.0632599820202354,0.00806347256680967,-0.0721781752850197,-0.00691605386021379
0.00813222875837587,-0.0107691387003786,0.044836512707576,0.0461603387030571,0.0113062872122305,0.0859840029285451,-0.0109428909971586,-0.0300046069490125,0.00639279331142261,-0.0741111653452679,-0.00792667377413938
0.00568744246339811,-0.0189721800294378,0.0526451588257074,0.0469231959492639,0.0144310294114676,0.100055340507016,-0.00761925707705128,-0.0210574803575889,0.000247626933974929,-0.0743066325712388,-0.0150558291306482
-0.00699445516757145,-0.0160502674960728,0.0563703450471314,0.0513832997133995,0.0183893589320977,0.0998228741455038,-0.00655904111378002,-0.0102442040356537,-0.00609821879481838,-0.069353408067482,-0.0192590434627801
0.0198088687248423,-0.125930658014208,0.023355296464137,-0.00368154312932757,-0.0132882122803079,0.00450111730138957,-0.0193774718315046,0.0356057315668997,0.00914083376795868,-0.0239708107795852,0.0507355073748524
0.0113862778141966,-0.123190104831873,0.0215709800880993,-0.00505658232317786,-0.0158336232103572,0.00691590754781002,-0.0184204608539238,0.0319591633903761,-0.00301565142812126,-0.0187255618829183,0.051416266221854
0.0060658005659209,-0.121016830448006,0.0182893747267572,-0.00297147163334891,-0.0192900993558894,0.00149864610297674,-0.0171628690703287,0.0255527181148227,-0.0233630133423459,-0.0109594249902209,0.0450330954393957
-0.00266947357269012,-0.112319912813781,0.0112956208971488,0.0031343329389365,-0.0211417457916065,-0.0116301518777746,-0.0144419046475981,0.0228412948465286,-0.039523958551294,-0.00798479337163571,0.0445935574844013
-0.0159541141647309,-0.104675285309653,0.00554858992312943,0.0045388673508474,-0.0211255411074339,-0.0193917519621248,-0.0123636653372965,0.0134211719586578,-0.0533128568029748,0.00097190009831308,0.0397043192750207
-0.0246100198498022,-0.0955854880633069,-0.000665431832210775,0.00901850628717364,-0.0160292155919454,-0.0299596336313104,-0.010630894210956,0.00563034369099333,-0.0602375625878069,0.0054351509337584,0.0323912795675435
-0.0328509080830876,-0.0794418717841322,-0.00687632220433568,0.0108101409000555,-0.0200069093793982,-0.0431331274021404,-0.00678947969833822,-0.0102907257807459,-0.0657218334481808,0.0120865137550234,0.0264740696951132
-0.0397912099705132,-0.0586282526478131,-0.0126010780112857,0.0164354911327589,-0.0180012829451424,-0.0544440211420322,-0.00591108355165161,-0.0300806978857747,-0.06632303832166,0.0140642891997589,0.0206414808757805
-0.0461222015752293,-0.0447330216387997,-0.0178008092368966,0.0208842715200591,-0.0184930952024964,-0.0580605078977958,-0.00403952931597436,-0.0403830728290368,-0.0664977008566894,0.0158255442886416,0.011832278473092
-0.0388943853540079,-0.0311667880131101,-0.00827186053137523,0.0207205602253114,-0.0177392558079408,-0.0542934155840669,-0.00389031601411748,-0.0693389821842083,-0.0591559701038763,0.0131609092166844,0.00274578555163418
-0.00842739302034977,-0.0155783164705353,0.00434231420803251,0.00630177983211747,-0.00833173342733863,-0.0521016524294065,-0.00694550920402,-0.131881278201615,-0.0256919830140596,0.00402283179105641,-0.00329379147907936
0.006494666997239,-0.00674821502371037,0.00632014704790753,-0.00304269611441111,-0.0108779251116641,-0.0410574769028579,-0.00933605875406503,-0.16060739105614,-0.00586338378135013,-0.000859371740374729,-0.00871082515883643
0.0208119854085022,-0.00205913373516416,0.0110601757093918,-0.00404096319748875,-0.00171588489781662,-0.0298948531714867,-0.0116509439409005,-0.174357767982078,0.00712161224629626,-0.0110742056141765,-0.0110683337247912
0.0168836673305246,-0.00196589355925334,0.0116358792399804,-0.00117090749212458,0.000302183275925186,-0.00735566941842332,-0.00919467618648452,-0.166700103166909,0.0120054462480586,-0.02122641842117,-0.0100094551663089
0.0125217054034119,0.0034373061371898,0.0204192734922092,0.000759115236263037,0.00434242566006132,0.0176492675385958,-0.00846935306498149,-0.154733032178465,0.00894230517444913,-0.0291007926487213,-0.00684968456703453
0.0134029250181874,-0.00474364058704391,0.017672327931628,0.00916130231340733,0.00976727124346411,0.0399423191288127,-0.00842981180440903,-0.130279239601483,0.00757658252621326,-0.0450498218393413,0.00136043305425691
0.0242534269448781,-0.0150515084783388,0.0239224910357482,0.0160587456339673,0.00472525554910988,0.058445363764378,-0.00908475916423137,-0.113033135351278,0.00519295897011313,-0.0524131190866266,-0.00196997615334212
0.0277979849429728,-0.0141765768152231,0.0370321147453696,0.0161566091775295,0.0117250037401259,0.0779602653508108,-0.00887112996326242,-0.105450251314921,0.0154301970705134,-0.0607794526240783,-0.00135840728906589
0.00713109870878012,-0.0155059177315971,0.0371752679806256,0.0302485734322237,0.0132075976937988,0.0933118270482294,-0.00859158495026451,-0.0555306877365392,0.00790616905542092,-0.0631447214989135,-0.00510269688354217
-0.00570341634891962,-0.0214280867644227,0.037808298277282,0.0406482045021541,0.0117474973594042,0.10714658622445,-0.00263724422895099,-0.0180452153728962,-0.0095669029741764,-0.0655213206629186,-0.00797860131110267
-0.0162861400302697,-0.0169984395793422,0.0357280031198032,0.0464235941334831,0.0108468958182286,0.10511057962091,-0.00180895810387946,-0.00807050054908059,-0.0158346278798153,-0.0621271253723523,-0.0113533264574517
0.00708782258086383,-0.151890655052277,0.0166041394486113,-0.00777784082677802,-0.0208291984542765,0.0199868535781731,-0.0106319040336793,0.0290947543977527,0.0130781055638388,-0.00932424129555885,0.0225379263574264
-0.000253148875314083,-0.136263716589557,0.0159148089278527,-0.00339628383052602,-0.0176307258182887,0.00715950726799233,-0.0165711390763334,0.031692402576474,0.00158393282816935,-0.00109097486901447,0.0261223672982901
-0.00878191317282947,-0.132710849197994,0.0136356377445499,-0.00431243695406673,-0.0132222147139462,0.00118767153513526,-0.0163358076264748,0.025047746342421,-0.0142944563268365,0.00674594155178215,0.0230108439912723
-0.0192581244530892,-0.130795054149458,0.00628938576557691,0.00373327536732904,-0.0145964289092786,-0.0136975873766488,-0.0142615878759318,0.020753070426941,-0.0308816671317883,0.0131250128942306,0.0167210116989079
-0.025981755813668,-0.126355698198276,0.0034077159613112,0.00372582739488342,-0.0162280633161007,-0.0214162681473369,-0.0115247889909476,0.00221974272336287,-0.0408808258137293,0.019901851759314,0.0105153951543446
-0.0330433852147736,-0.105177524356392,0.00307938888684212,0.0030499215700513,-0.0137910418151929,-0.030315314703815,-0.0129871543798662,-0.000135505857547367,-0.0481636415614973,0.0289973781751295,0.011322294617528
-0.0491648840426368,-0.0793515061033602,0.00257003641399449,0.0063654816872182,-0.0106066424930526,-0.0405336997783761,-0.0111657503641751,-0.0125419734160607,-0.055306436150254,0.0339919005600543,0.0119963514251378
-0.0563996396248275,-0.0537075671645945,-0.00435203051281841,0.0117850185235017,-0.0126523936208793,-0.0503792904316002,-0.008664085598799,-0.0226700587631911,-0.0622680026247337,0.0385495344428759,0.0043162367663101
-0.0601831746463764,-0.0366458811142361,-0.00224354231640715,0.0125028545324652,-0.0124564410975512,-0.0465744740592092,-0.00829960558470999,-0.036740751073054,-0.0667718161369001,0.0400371521550154,0.00151553189958665
-0.0560230258106778,-0.0268842949764149,-0.00582319344131529,0.00971517327413901,-0.0204054566565009,-0.0450019685954983,-0.00813460766851231,-0.0624961586997057,-0.064840393710377,0.0391491574930007,-0.0047923417482484
-0.0260703552321807,-0.0127198714247934,0.00734961590326021,-0.00580319956641447,-0.00682722211353598,-0.0418678859374808,-0.0101500870762827,-0.129507310504868,-0.0308385915814351,0.0297482279899765,-0.0114885216039335
-0.0123703337170093,-0.00201691568418212,0.0130169275988194,-0.0121661805291856,0.000488522112974134,-0.0368825703949455,-0.01135607527171,-0.156426470665636,-0.0126009744189058,0.0213821359391261,-0.0117930381644618
-0.00407733199463413,-0.00186229773412158,0.0150823042371195,-0.0154278525423928,0.00953702230609423,-0.0221370896701523,-0.0107435080655083,-0.170865164893876,0.0021802146438326,0.00818677305014954,-0.0111594355141316
-0.00505156614302102,-0.0038765811217004,0.0114946391658992,-0.0123969878315078,0.0047464678440731,-0.000181100421450295,-0.00828978336201546,-0.160333786404248,0.00421855307776977,-0.00178317736854387,-0.0124405453218027
0.00147554648483631,0.0028197003572749,0.0223931168506806,-0.0126476104032784,0.00998391956419223,0.0250631021466942,-0.00975987871936749,-0.159555517791911,0.00555223575577041,-0.0118442258475287,-0.00494053711479189
0.00129132286521841,-0.0084382606579776,0.0196833615011253,-0.0108525418996818,0.0151660974648113,0.0509926308047073,-0.00663990187529529,-0.152660004236345,0.00426980342882022,-0.0273291695260655,0.00362675349055899
0.0177240526326388,-0.0063132583249543,0.0259117097073699,-0.0104074134595013,0.0164955663932013,0.0697907263971058,-0.00777777161792322,-0.149343742981728,0.0131897705198879,-0.0384193943657336,0.0035243941575546
0.011739105562237,-0.0140308831977521,0.0247186747216612,-0.000610489305747087,0.0148254345275039,0.0931838253250708,-0.00556057328386445,-0.113077272910754,0.00966720187497534,-0.0477678968123961,0.000203156095945545
-0.0202334427328815,-0.0240982076999292,0.0151477781333203,0.0213584858342055,0.0030015076522108,0.111433446440464,-0.00185757208261068,-0.0350607831459955,-0.0147453869361459,-0.0470505501513239,-0.00296427676426893
-0.0251870139422935,-0.0248829086257616,0.0200717738787701,0.0295774423403232,0.00803019455159918,0.115092166586405,-1.89072753177116e-05,-0.0205159302207933,-0.0149453301004271,-0.0506581663794368,-0.00290591314679465
-0.0279212157695061,-0.0217932073208292,0.0250916066523127,0.0378304385252484,0.00758581075330441,0.116003699796221,-2.91446001569468e-05,-0.00897577739988773,-0.0257738208685023,-0.0493734683024804,-0.0103742303305174
0.00222296688509961,-0.159076232909949,0.00679950530098681,-0.00507419875762648,-0.0222331907605532,0.0189316797016019,-0.00344061568518579,0.0138019729863312,0.0308989880914143,-0.00612194880519648,0.0058493757450757
-0.000163648960792312,-0.158152925194742,0.00909129947193428,-0.00146257610877584,-0.0156275424060219,0.0116483867860424,-0.0104549970729571,0.019995145480202,0.0246519895970801,0.00403741383129736,-0.00206277183508566
-0.001018642367906,-0.148325948984325,0.0121613525745706,0.00253729525922769,-0.0160797254143371,-0.00280693137594093,-0.0179048550346453,0.0234692376302543,0.00513804224350986,0.0174438465925265,-0.00173510382519046
-0.0191761446274186,-0.136897798906148,0.00578181031999003,0.00722242779014223,-0.0175046496766325,-0.0146816005130473,-0.0144457258415345,0.0172688500665058,-0.0111024738501138,0.0246909963097124,-0.00566895532373751
-0.027993207929327,-0.139910441543916,-0.00960148433946384,0.00822808771988897,-0.0208790893069368,-0.0254905839983689,-0.00952296770405519,0.00795411432374222,-0.0234994548511257,0.0291317413803768,-0.0157738854289156
-0.0430388247419468,-0.113537228230375,-0.00360763997639516,0.00603285484271353,-0.0112261959700358,-0.0343124764772305,-0.013993410536206,0.00241000363009827,-0.0307641680699107,0.0436372199516245,-0.01437851387178
-0.0603596489123067,-0.0745265892844603,-0.00212547375192038,0.0098046075595396,-0.0134374568399699,-0.0493408900447848,-0.0184641187264268,-0.00406316452902765,-0.0439641606265401,0.0583126419243416,-0.0111972379428511
-0.0644939305440119,-0.0414223372332388,0.00405938041743674,0.0135786585542011,-0.00983108509732539,-0.0527575861729813,-0.0176176387301207,-0.00747630091318268,-0.0559369554565123,0.0614674254062524,-0.00884111391095284
-0.061469546330346,-0.026804162807219,0.00782086421121938,0.0138776419056102,-0.00954802790200059,-0.0508203122070683,-0.014776867097863,-0.0238219667477196,-0.0572990318038266,0.0581345510306437,-0.0101749846108786
-0.0716842593215621,-0.0179770736258269,0.000500834584977986,0.0084568424243696,-0.0184731706629024,-0.0397656229708603,-0.0110312316837027,-0.0426007392340696,-0.0597069959224442,0.0577900349937186,-0.00981332594680054
-0.0589918898176363,-0.00251268639442438,0.00961933515474436,-0.0029221493982063,-0.00896342756853412,-0.0322718429712858,-0.012977547125646,-0.0801198709655578,-0.0454544457279055,0.0536650623075038,-0.00966090750755685
-0.048707449516431,0.00454016679178859,0.00715959912682739,-0.0102694624962141,-0.00955661927866678,-0.0234867453012422,-0.00930017088741612,-0.105359178593848,-0.0358632074122561,0.0437253224145717,-0.00687590334953651
-0.038324149622904,0.00634440694252436,0.0105431044470206,-0.014123261154417,0.000961422417644565,-0.0078024286881083,-0.0109539628962658,-0.123760780336438,-0.0198384537061039,0.0306222675514941,-0.00508788043047955
-0.038881985234747,0.00421812658831195,0.0126005525245995,-0.0141391597190955,-0.000357014558642433,0.0162483062580224,-0.00843839320326955,-0.116008420829181,-0.016231384474391,0.0205104066190359,-0.0033026740290847
-0.0252006763295205,0.00677706629808241,0.018039643088228,-0.0210536578545321,0.0106466919617881,0.0347013369738079,-0.00853448749264008,-0.140526477701767,-0.00186530893078911,0.00857333639925683,-0.00496556922029371
-0.0128262469309055,0.00359411300314798,0.0189152707794495,-0.0230197636849601,0.0180888098340819,0.0556105897424157,-0.00706369567976149,-0.146649093758953,0.00532483990261501,-0.00691075407738128,0.00185656308896766
-0.00744805512045797,-0.000323099942899679,0.0184418591930656,-0.0200139466627534,0.0218305181894494,0.0729352188898697,-0.00806476289358597,-0.139214425875868,0.00551010243692238,-0.0175519035735545,0.00487764060941104
0.00602679214332617,-0.00669198474468352,0.0131921040056434,-0.0186116077195214,0.0203362143607423,0.0915680985035434,-0.00667428918618591,-0.135647810467097,0.0170231375729424,-0.0305914647382051,-0.00358675438203171
-0.0352869786404048,-0.017037971737785,0.000252366543156459,0.0104921519856689,0.00200329175663309,0.112939114200931,-0.00153930143694248,-0.0346542201263801,-0.0151687398418481,-0.0298914200551941,-0.0031139396543434
-0.0468456306033454,-0.0231548701308186,0.00095228864158278,0.022402483606843,0.00150458639294514,0.12039179494965,0.00254144090226284,-0.00588810284051674,-0.0277173235864085,-0.0324148552375378,-0.00348537110307839
-0.0462834562637617,-0.0223094330680305,0.00694499585108752,0.0312646653013524,0.00126847565018016,0.12176862925441,0.00265859768073437,0.00668512729589996,-0.0352067247667302,-0.0334753713989151,-0.00958956219032865
-0.00722964916462571,-0.156867028562997,-0.00859962719321741,-0.000512474814805116,-0.0217417132011096,0.0127637116666555,-0.000763413994244704,0.0129964571963962,0.0545303227452757,-0.00108957745360641,-0.00931972605865094
-0.00360695388417977,-0.162199968106895,0.00346711435942247,0.00480230996258326,-0.0156901238445402,0.00788173974905215,-0.00775223670262112,0.0191577434899981,0.0468665697418925,0.00826296498701861,-0.017053271388389
-0.00748675171482801,-0.154983656537383,0.00279125226934503,0.00749071808011178,-0.0177234075959894,-0.000688633605439874,-0.0144215415187216,0.0265446903800314,0.029647937829838,0.0247747112571696,-0.0249590864134059
-0.0237377951815313,-0.150875706839049,-0.00250118629376121,0.0104094146708996,-0.0140795019748042,-0.0139361965573981,-0.0121713196760027,0.0246150979601244,0.00857792231737229,0.0351360123703662,-0.0318660421756221
-0.0301386181106821,-0.129374209316628,-0.00123244612568314,0.00966923166521564,-0.0102687061746804,-0.0270615875235534,-0.013612642005414,0.00800515391392066,0.00155164953082498,0.0454827323455377,-0.0355692689006213
-0.0382126009189979,-0.0910520965709374,0.00321718507337734,0.00318986050357525,-0.00906734332724082,-0.0391226215416991,-0.025416081266665,-0.000370170758484255,-0.00761089603719449,0.0642423435292886,-0.0259141767420355
-0.0541512848081816,-0.0563566397048634,0.00690283907322931,0.00639755175372969,-0.00717671604838932,-0.0499368841606605,-0.0248709486279377,0.000444027286094364,-0.020591849386374,0.0733422509360432,-0.0201667671788395
-0.0550894019207184,-0.0302484821218278,0.0115143735661577,0.0104050383996966,-0.00535828933739559,-0.052147285851116,-0.0234004293056465,-0.00165803526259686,-0.0322270834313124,0.0733851153194944,-0.0144619635122747
-0.0614317548438344,-0.00278692002615,0.0138949725924028,0.0107545588842698,-0.0050020540315611,-0.0470898146490885,-0.0216617208576704,-0.00344368865113115,-0.0375547787386098,0.0737208267628342,-0.00996185336852223
-0.0745681814630597,0.00368365696352754,0.0127478124182872,0.00491990916414668,-0.0109619070246483,-0.0348584723870866,-0.0183998269202745,-0.017658987035504,-0.0461084657541174,0.0748142252585152,-0.00819486410360153
-0.080029249058999,0.0127705524800301,0.0084581773843323,0.000584348516038093,-0.0138242092951018,-0.0249133878683738,-0.0130947549077848,-0.0289881418901695,-0.051703110470143,0.0701991314469889,-0.000464299396096105
-0.0755345786341333,0.0214599594636564,0.00491318631551465,-0.000951255777098337,-0.0196579775931639,-0.00692214058670076,-0.0111302892940728,-0.0343752743489222,-0.0463624839467436,0.0602497314325354,0.00174418858745239
-0.0736686710341119,0.0220862576428773,0.00409469485922271,-0.00628413516859751,-0.011077037787678,0.00980291152384738,-0.011822210291093,-0.0474765236351868,-0.0349062277861639,0.0490279152435981,0.00585012157615075
-0.0745334967676505,0.0178405237676793,0.00273855042766905,-0.00883116448083508,-0.0131563698201558,0.0307822066442368,-0.0109592723989824,-0.0526673093622275,-0.0323845413772018,0.0407132451920164,0.0076105066840798
-0.0556585442645049,0.0134686885417393,0.00886780241759337,-0.0179502742316728,0.00163447290778118,0.0450759646237101,-0.00864055144704697,-0.0890076895939401,-0.0164812104717609,0.0277014777396445,-0.00056799303556753
-0.0451971645199432,0.0136055497111724,0.00970376808498735,-0.0157510340669535,0.0041966351523302,0.065634913686843,-0.00766165383161437,-0.090645105383096,-0.0131196358026094,0.013924617001182,0.00682626312591598
-0.0291461317480833,0.00819489811331079,0.00676705059631343,-0.0177591052266635,0.0111126601430689,0.0810959416653333,-0.00735834582353407,-0.0979818657637426,-0.000714904944891097,-0.000814898385271455,0.00540008804130665
-0.0405282919303946,0.00092427044872116,-0.00713166755546368,-0.00377802294550265,-0.0011835799552755,0.0998704168571277,-0.00357493904081433,-0.0551583903840775,-0.0091823118100674,-0.00924741570926458,0.0038108343783527
-0.052668240106406,-0.00283231371206073,-0.0166855787158031,0.00835848211911256,-0.00687045446945723,0.114869195771905,-0.00333661842047374,-0.00816809015566474,-0.0198477029432709,-0.0136129372444747,0.00638142193910734
-0.0600985041198127,-0.0104534934486376,-0.0245467974990068,0.0217011631942918,-0.0177303419140313,0.119370772446003,0.00177286435070205,0.0163231212660054,-0.0241482345258701,-0.0194744516786119,0.00177548254280436
-0.0670368509058256,-0.00719252925195758,-0.0212518971308992,0.026771578074177,-0.0118513329108178,0.118385389222437,0.00219947919851963,0.0291683945412106,-0.029810744557727,-0.0174081596969316,-0.00147084429522762
0.00165083717511255,-0.125062213601214,-0.00920538095341142,0.00143865783797718,-0.0124659179598804,0.00405444569744446,-0.00599305070088187,0.00449050389120432,0.093946980082991,0.000997536386234259,-0.00783353376040103
0.000708660619833755,-0.137579756153064,0.00099052065543627,0.00566053586925441,-0.0101094464006756,0.00199138986217513,-0.00685663950567948,0.0154830366474854,0.0853363734530902,0.010369899158992,-0.0218124696487479
-0.0125994059246161,-0.134151517393408,0.00114129199466483,0.00864405287645233,-0.00838938778476974,-0.0018194953553607,-0.00859726687489088,0.0175461844729149,0.0672740457418579,0.0220765744464639,-0.0286806832565357
-0.0248458433823704,-0.12497572138151,0.00428713878179365,0.0118801669524763,-0.00494080899223261,-0.0151567563045688,-0.0123955081827389,0.0201392059370489,0.0458914968381597,0.0388979242468927,-0.0354195285871927
-0.0442314929040245,-0.111939608804351,0.00544772488977755,0.0155652155731,-0.00345654085506816,-0.0228112116320508,-0.00797553885945359,0.0268444028752937,0.0250893039623801,0.0525538727560371,-0.0450963977996042
-0.0585801943869561,-0.0681570652053511,0.0230718621099274,0.0122267659832956,0.0036016006396617,-0.0399290896205661,-0.0279619114389973,0.0200624926854063,0.0102868473082616,0.0787360677060171,-0.0308194942249453
-0.0738010873391786,-0.0343062046091379,0.0231488858816591,0.0113076037147144,0.00090016399726773,-0.041126435488412,-0.0291661264932677,0.0184599320236291,-0.00300557864526323,0.0868215304506772,-0.0223068397358828
-0.0726907409383044,-0.0114451190089527,0.0310928877559651,0.0143072863429697,-0.00375543410724574,-0.0372839376848127,-0.0307789789178722,0.0193519766777935,-0.0165477460542699,0.0900836643310454,-0.0173778530878515
-0.0769759663838964,0.0200183298532976,0.0310819051074956,0.00883156460852971,-0.000550298643826152,-0.0371826945885129,-0.0294522150107617,0.00330920998523951,-0.0173652390910896,0.0914691529759755,-0.0105017635103062
-0.0886848470445832,0.0329572927642317,0.0297569244758732,0.00738571719906453,-0.0112394094978275,-0.0259503514340269,-0.0266581528187719,-0.00250342951359271,-0.0276936731319645,0.0899617491093483,-0.00537374740989902
-0.101612833312417,0.036313718808183,0.0132042791504043,0.00548016544541589,-0.0211213520116793,-0.00906345480724603,-0.0193751985636909,0.00701010376750323,-0.0382564090048047,0.0851758026968651,0.00120570467236327
-0.10464742116214,0.0508702052905037,0.0153910159749297,0.00258153233638281,-0.0208250620154181,0.00480452413039149,-0.0188491641335501,0.00567833659065792,-0.0358046267764244,0.0814107648554641,0.00733261143177054
-0.0992139854526969,0.0525699952652556,0.00784132201163744,-0.000546371052202362,-0.0214587753550434,0.020229173117654,-0.0184294212821481,-0.00533968545370422,-0.0265360144219933,0.0672347591941787,0.0135032323176962
-0.0955983900175251,0.0480863688027097,-0.00206017863298504,-0.00585359419754378,-0.0213540522363167,0.0398255526902074,-0.0116698463305393,-0.012439119676321,-0.0218700713047804,0.0534746054622941,0.0182357222241082
-0.0906241014606852,0.0358737798847635,-0.00820047915945318,-0.00500386869545677,-0.0194830722225027,0.0586300874665297,-0.00899829856624287,-0.0123599415925813,-0.0263987942462867,0.0434547372425841,0.0157411549838467
-0.0835359755851865,0.0322570785996715,-0.00786426193470876,-0.000182620311059376,-0.0216596150733842,0.0790204140081192,-0.00931778309679935,-0.00910387526165688,-0.0232928333109361,0.0311645199158963,0.0151754800438541
-0.0746676634455337,0.0203573729747099,-0.0120030841927359,-0.00357336913649764,-0.0132098365883272,0.0977360151148699,-0.00585723344469064,-0.0128334373098146,-0.0202673278259637,0.0191424949274932,0.012599717212034
-0.0565822567337772,0.0212447726073316,-0.0202969762826183,-0.00702821777390563,-0.00667795342243187,0.108108132353513,-0.00653088931566123,-0.0259295643459972,-0.00445706030680007,0.00503630303706619,0.0116343213185932
-0.0675468031095057,0.0135951518240516,-0.0334523936922572,0.005627539579688,-0.0129727691561253,0.117026058855845,-0.00476051620916257,0.0124129683632132,-0.0150573495678353,-0.000889129636894265,0.0114119355375959
-0.0777870827104317,0.0100206500613811,-0.0441544306098467,0.0176355529080604,-0.0178702121630922,0.117319019359647,-0.000773357241956222,0.0355868580864224,-0.02096864482338,-0.004624611678939,0.0107721742102204
-0.0732427211024481,0.00813488016382142,-0.0458838629485074,0.0243374699652572,-0.0162023779430128,0.11425880238607,-0.000720336570442348,0.039474417333992,-0.0213188010018022,-0.00663205627337781,0.000673571765770028
0.0139488847243406,-0.0912698146406658,-0.0126010811028629,0.000289967108799701,-0.00577827512067099,0.00201371680589662,-0.00477063072863697,-0.00915468802767765,0.133658169711764,-0.00462909121605324,0.00147746464458833
0.00803946566012259,-0.0963573963972202,0.00571794791277989,0.00537461153097504,-0.00330077610913582,0.00156918751973441,-0.00925734868863297,0.00419322389609277,0.132999879038739,0.0100221914245387,-0.014688882168631
-0.00972546808474412,-0.0839308435651381,0.014728827775235,0.0150290491515831,0.00043728987945118,-0.00948803069458264,-0.0140408591775281,0.0192800063754204,0.10220594137856,0.0282972186225182,-0.018603642349445
-0.0281213191063364,-0.0727216355513609,0.0268367938808945,0.0160079461189084,0.00542325004302538,-0.0190554173033345,-0.0187005378432273,0.0291142181310585,0.0717814707981112,0.0529837242733271,-0.0304533122356447
-0.0438497090882443,-0.0440375336029216,0.0340843784842349,0.0195061128633639,0.0146774116595603,-0.0348520760214681,-0.0265838446959062,0.0307376116906683,0.0627808043884052,0.0678064004066302,-0.0256782006232931
-0.0614068714046681,-0.0223670850742733,0.0422711584777179,0.0195169458500018,0.0195238718102393,-0.0408733008330658,-0.0356468512142911,0.0283219876214856,0.0470920458836823,0.0849564173627638,-0.0227838495182543
-0.06594856781457,0.0100234684926059,0.0437860451818266,0.0150192330733871,0.00794481291024785,-0.0377673766350024,-0.0399481431331257,0.0297419209431868,0.0350584109349196,0.0924695559538642,-0.00982643890003458
-0.0726838300614047,0.0331038553988726,0.0534616074414016,0.0159181052608071,0.00663310468410444,-0.0301422541234041,-0.0393062202200894,0.0301830677492765,0.0154706610532597,0.0971121544378713,-0.00170314835346339
-0.0705314049372647,0.0486089362526827,0.048434215531589,0.012644763407234,-0.00112523738365985,-0.0254872250160333,-0.0361389980831689,0.0137699323228169,0.00914297535166655,0.0964006909265247,-0.00243915125647124
-0.0770710438787958,0.060305798862537,0.0397587455324164,0.0119248685810614,-0.0116807449540749,-0.0172481894490362,-0.0339631303291507,0.0109144917474603,-0.000161215820569732,0.0919572067235007,0.00131625025748091
-0.0936704675264301,0.0747883806835819,0.0288535043311833,0.0122585936454158,-0.0188732467286588,-0.00443884223216404,-0.0292139204612034,0.025937490094835,-0.0133582775053198,0.0913820973493184,0.0128962449174348
-0.0934300530305824,0.0813922543030613,0.0131705050288459,0.00783425995069158,-0.0289601388860763,0.0112574888613426,-0.0273623927217178,0.0280123510811656,-0.00996866727666938,0.0848978906764965,0.0129137706264894
-0.0950422413545891,0.0780321689396263,-0.00046886080423256,-0.0030266805433185,-0.0320667684557671,0.0341115494268364,-0.0228902751247507,0.0152516423948079,-0.00674999568934647,0.073925711011327,0.0198640480111004
-0.0936825137480486,0.0698586171172238,-0.00674239438141666,-0.00865423127022053,-0.0277298080652038,0.0545947733219562,-0.0179232687512438,0.0143905373874254,-0.0104165423558868,0.0624527631444924,0.0268236857765446
-0.0903029835474249,0.0563573424685973,-0.0174647643925361,-0.000529736898371129,-0.0288362116329778,0.0677061260609116,-0.0147144107512808,0.019565612305126,-0.0100743395442755,0.0490923366953656,0.0240039895557208
-0.0803918730259791,0.0433792606260861,-0.0264828346085141,-0.00194370661856423,-0.0334815794031951,0.0843737972843537,-0.0114573260757793,0.0163727117399072,-0.0104089489741966,0.0376946961910098,0.0220932053000699
-0.0684257588167027,0.0300752176423282,-0.0345150556174034,-0.00194529750321368,-0.0287853105474968,0.100361820625624,-0.00788863344172342,0.0154977584126435,-0.0113116750732269,0.0237334136259057,0.0188475757251095
-0.0658999612656165,0.0211453315754418,-0.0533190310322086,0.00133411612297991,-0.0298662361606559,0.10574385115084,-0.00508425504081969,0.0181149154507613,-0.0123891842452422,0.0122094902150598,0.016056391665906
-0.0642226978611122,0.00846776383071562,-0.0639051086693778,0.0102827457454396,-0.0288455901930443,0.108834491855673,-0.00115739659960722,0.0319400181989442,-0.0198953807959638,0.00344943010574242,0.0115603136119524
-0.0675281552873487,0.00074341688011269,-0.070848597653687,0.0176108691931914,-0.027632251486941,0.111806262300712,0.0022939956004959,0.0447434545542143,-0.0201690318596771,-0.00201324224148441,0.00821724592317733
-0.0615506868620791,0.00178990556487088,-0.0670195989598866,0.0213342321944744,-0.0247137764736843,0.107830053702535,-0.000595266058336158,0.0442861159718445,-0.0190887451868687,-0.00298825475644837,0.00204389779439628
0.00669004487668541,-0.0467089596584635,-0.00619920696349447,0.00819480191511961,0.00560628042813634,-0.00497908851637268,-0.00380514442851183,0.00771427503417736,0.172861878303162,0.000151690751170177,0.0078057977941473
0.00496958949731263,-0.0403732558556778,0.0124821947622722,0.00629046130639037,0.0063241991656979,-0.00445740914880221,-0.0118546179955334,0.0129806896245365,0.171710272447361,0.0147123645650956,0.00381664715204254
-0.0157775949838413,-0.0355535933406905,0.0164334892100979,0.0193014282064382,0.0121032462083951,-0.0162057068680911,-0.0165080831573883,0.0277735954690721,0.140442211606381,0.0297544283703356,-0.0056069340571827
-0.0274471634485828,-0.015826347157389,0.0358014455449092,0.0168556522652151,0.0186589033536524,-0.0268732783084461,-0.0274044727801992,0.040233481609008,0.104972541460559,0.0583084167462967,-0.00611721585457897
-0.0321846602531019,-0.0143989326523941,0.0452254555801487,0.0226889500134917,0.0265535532932041,-0.036542835777568,-0.0276957640933972,0.0340473018254266,0.0867023044230249,0.06629760319884,-0.015673958088786
-0.0424227340878669,0.00966195874931721,0.0498638109300623,0.0260615843347569,0.0233713989114988,-0.0438948107146059,-0.0361137433298838,0.0320841521036375,0.0732207443256308,0.0780461248877756,-0.00921665362992201
-0.0399522587461627,0.0315340876454904,0.0577728471327323,0.0210109438868857,0.0110460023197996,-0.0339380224200967,-0.0420449705382427,0.0282647196469407,0.0548995372219483,0.0856428768369028,-0.00129945743599863
-0.019647011820227,0.0462059108612522,0.0596996468874418,0.0169845508394827,-0.0160988595384546,-0.0152889993337222,-0.046363786067576,0.0207051926895635,0.0321781466920005,0.0834194346160646,0.00897626501319516
-0.0116305380727857,0.062927501139852,0.0466297428886204,0.0158721053835088,-0.0434681904408531,-0.0106619147862159,-0.0455825503448368,0.0136917347748474,0.0146414619291465,0.085657889089212,0.012347479802839
-0.0151125993518524,0.0726390759180039,0.0367022880671627,0.0144825697516799,-0.0478832548609709,-0.0055080610274466,-0.0453355389496468,0.0181456142169594,0.00232739097367908,0.0842073075629504,0.01565251669213
-0.0212604733219809,0.0827398553587992,0.0252580240796837,0.0136114491867667,-0.0523590301339185,0.00801488936015243,-0.0426062695352809,0.0253012541964508,0.00149791113199039,0.0794866837526518,0.0171100313108922
-0.04299185356762,0.0819053927129962,0.00166684339919732,0.00206028484661039,-0.0402842924777829,0.0119611817670861,-0.0331553304421461,0.0183405471257983,0.0119205144920882,0.0763348997689305,0.0150464977036527
-0.0425218154314662,0.0853618493449004,-0.0101148154057706,-0.0023239527549073,-0.0363252625390979,0.0246886240612837,-0.0302599601520963,0.0151191241006185,0.0153851522126531,0.0673963872636416,0.0207657673567667
-0.0426144494710962,0.0711737697416171,-0.0313965514524931,-0.00986983978320102,-0.0372822158269524,0.0450557557940138,-0.022224141230959,0.0133223756793283,0.0179261745794782,0.0521715255611108,0.0236190622230827
-0.0445556462528362,0.0590027565435595,-0.0421306043097136,-0.00960726205193321,-0.0436498645086086,0.0660896298444779,-0.0184316805969335,0.0294035428273998,0.003740572444071,0.044206891553043,0.0257987545597098
-0.0476386286704258,0.0401236446648776,-0.0496887349553283,-0.0142392868429558,-0.0360928473193332,0.0836315521674344,-0.0122508790681266,0.0202065275510218,-0.000917949698061539,0.0334185387659096,0.0223499546894088
-0.035735038041014,0.0315047240079645,-0.0652373472364437,-0.0119107827579639,-0.0350407758669524,0.0906303868230845,-0.0101372074144476,0.0206728024161952,0.00228642764783261,0.0222605655190992,0.0201491495749599
-0.0314722305600593,0.0192426287712631,-0.0817539792028794,-0.0043576417201862,-0.0336644115758429,0.0902681620467531,-0.00531305687192342,0.0209957087514386,-0.00393212106778314,0.0114503832394587,0.0179612535426648
-0.0312779068116688,0.00658429494908414,-0.0904237559867469,0.00427883847568237,-0.0347738439570724,0.0938561988934511,-0.0023414443839777,0.0255592374673741,-0.0128188934589547,0.00376953740035647,0.0135867299329486
-0.0266367701016905,-0.0103181877092035,-0.105015143475218,0.0158884429855152,-0.037343503348257,0.0914742134055849,0.000185629009338671,0.0381874880700257,-0.0145109316127372,-0.00692521156813425,0.00555994983950487
-0.0171254608181257,-0.0206144215356426,-0.103152425845466,0.0285368363260659,-0.0336408615509153,0.0832478687765309,0.00179626501292112,0.0381190985439199,-0.0185574236988356,-0.0140260345437916,-0.00453230411103447
0.0129331318193966,-0.0173335993663281,-0.00638338727214934,0.00188488690653386,0.00683087587642964,-0.0113549383068413,0.017478397152608,-0.00380400403266313,0.200474306024955,-0.00311475279510103,0.010983851063257
0.00376319943696221,-0.0134925676060608,0.0108683833852663,0.00770786008784187,0.0193193292131078,-0.0175795853978825,0.0036527120459039,0.00312015667061484,0.18523242083262,0.0129180232589318,0.00705559335507073
-0.00433732020591754,-0.00641348592755726,0.031875448042342,0.00864798849586994,0.0253723521545671,-0.0206002349645681,-0.00884380619064713,0.016506561650666,0.148823592224569,0.0351124949885911,0.00338474233497573
-0.00763756835472424,0.00075501829351074,0.0408999680774086,0.0122711443552146,0.029908101802364,-0.0321925666878878,-0.0207050587876831,0.0211548411475661,0.125502981274234,0.0498651440425186,0.00116880520486549
-0.00936225648689187,0.00863155551243859,0.0499998209650591,0.0159154015074472,0.0309754554636756,-0.0387705461598732,-0.0281577659197453,0.0278292542709506,0.100929470944078,0.0646898487411855,-0.00380272361329815
-0.00914727493552114,0.021077867418116,0.0594047430015736,0.0191623723172937,0.0224053983799402,-0.0329305071797464,-0.0322611104953093,0.0267380347856078,0.0807904170877446,0.07278716181966,-0.00181824197281642
0.00425505984099832,0.0331652664005212,0.0592342295066647,0.0180616533368954,0.00427006135100492,-0.024040081573895,-0.0373895518986133,0.0220075812563312,0.0605437473086861,0.0721454496933534,0.00778827636501858
0.0281213598339666,0.0446570389809715,0.0583322281265238,0.0137555476007601,-0.0323061744068616,-0.00943795349644333,-0.0405870367137948,0.017141307717633,0.0272924902717903,0.0757151021645504,0.0104836603616998
0.0453242122161663,0.0603781054291315,0.0511767442502294,0.00907184927298823,-0.0502202395597524,-0.00537693518520343,-0.0442942589570346,0.00373437303186063,0.019628064626047,0.0765828345078499,0.0110394978300064
0.0396768188333837,0.0725348915048866,0.0268015706914861,0.00255906419195927,-0.0559200739586064,0.000285641539007761,-0.0445428722129312,0.00448490204024699,0.0194518160656518,0.0727924923403972,0.0174509848645556
0.0289747126119646,0.069361050609949,0.00947356678291296,0.0078117202722963,-0.0629118644027285,0.0116334069860327,-0.0399096625241995,0.0269913051819172,0.00766355641150294,0.0688931203858449,0.0139780057173303
0.0264575911586285,0.0751683207362729,-0.00776002523464241,0.000710426625296572,-0.0684044421595162,0.020755293007179,-0.037066326051568,0.0189595402656781,0.0118694815943197,0.0647873260495381,0.0154023829787381
0.0230117871050003,0.0580452343380052,-0.0296840005440828,0.00230104800008277,-0.0597051279312739,0.0303384639979084,-0.0324340501563417,0.0148134554421379,0.0139556900911405,0.0507890987007006,0.0116231460077865
0.0277062833082726,0.0477296006850973,-0.05255716071901,-0.0103456781587404,-0.0633716220313136,0.043068976131182,-0.0272968037662439,0.0102913415424026,0.0132044790230003,0.0408770703435769,0.0188415202523987
0.00814936798013609,0.043451206635079,-0.0650989659553956,-0.0150857006332442,-0.0481827633362625,0.0538239981006465,-0.0242706327661811,0.0164177567925151,0.0148966421078748,0.0384038369327889,0.0150031338049169
0.000113741014440101,0.0330881916557676,-0.0829528685733084,-0.0231337845351816,-0.0394203008866164,0.0679382440960076,-0.0179544384305138,0.0115856181627994,0.0177034047217893,0.0279270900893552,0.0148549267946153
-0.00477812848696345,0.0301118526488549,-0.0957138363947916,-0.0250045874997344,-0.0348639670357874,0.0717240592473692,-0.0143548849330668,0.0113692412652741,0.0191932649832596,0.0253197560021232,0.0118833377520852
-0.00900948833709882,0.0220203431090747,-0.108986078143221,-0.0151465330471851,-0.0340613495525201,0.0723883745186683,-0.0102072061912725,0.0246695292418151,0.0105904436988454,0.0168879196091265,0.0155599275014324
-0.0012314924617008,-0.00290829734238005,-0.114945306458821,0.00148168596902371,-0.02940177314843,0.0733976561044251,-0.00670402058006758,0.0271404109851362,-0.00408492707248946,0.00315504554412132,0.00695059557769421
0.0014956901613535,-0.0197575906170109,-0.131161509207909,0.0162074276533522,-0.0359321498908411,0.0670023712707069,-0.000468772948423595,0.033180426680341,-0.00796983391191122,-0.00888281147596656,-0.00383681944902872
0.0115644363537505,-0.0344256360552369,-0.129398507750121,0.0301137461429833,-0.0350917824990994,0.0630311522443084,0.000882601269993322,0.0380361800642033,-0.0117834722442055,-0.0159961616474153,-0.0166125539857833
0.0198647401060177,-0.00265572992566702,-0.0019505620665646,5.8376917476875e-05,0.00388953022835294,-0.0248628834545226,0.0433706535729316,-0.00846935371803915,0.196381069165867,0.00223657267968601,0.00426956896997212
0.0173450830480671,0.00567200350059529,0.0123648614710237,0.000361444333306024,0.0168313570751634,-0.027578966400136,0.0207312542781409,-0.0069173226967383,0.187907755938704,0.0163471934045349,0.00713085841589354
0.0051176991758576,0.0108632623970939,0.0264697976880986,0.000398428387953163,0.0212825213658907,-0.0215530515634665,0.0150200868356899,0.000356564105408803,0.145756639046938,0.0308078949529397,0.00696319453500313
0.00910026128865049,0.0131951225759834,0.0419537905674782,0.0058029116043134,0.0208551008581925,-0.0228333828874938,0.000733583327318594,0.0120364176912506,0.120631274528558,0.043764605536089,0.00428567315489945
0.0151020130715318,0.0136048356849735,0.0551808981610121,0.00853962162648417,0.0215105589720719,-0.024094047668117,-0.00644217648251452,0.0112165868849395,0.0958711841123012,0.0554275311396196,-0.00150926148806201
0.019169606596981,0.0139384333780249,0.0593027604352802,0.00803034614959065,0.0153082860285421,-0.020252701473628,-0.0114333943505188,0.00776978846195467,0.0749057688247026,0.0615594146782949,-0.00500208527322628
0.0466668199642918,0.0210759190551424,0.0602164710499875,0.010760449063642,-0.00767733844893778,-0.0164154076023709,-0.0245188802836315,0.00893369100235602,0.0570052075158713,0.0650544976076032,-0.00130428414282421
0.0855698945862596,0.0345990321165212,0.060912184721609,0.00994814643736163,-0.0576137948754307,0.00273004436752602,-0.0333613376024922,6.03225486421471e-05,0.0209995573669213,0.0647834119233571,0.00664436542828485
0.101836701953547,0.0486886699261259,0.0488742139519751,-0.00182212626537074,-0.0739452521294834,0.00936415859698539,-0.0372126415159162,-0.0141854096559627,0.00788947550077453,0.0646382571873931,0.0146287890359913
0.100688330343456,0.055652613001018,0.0307189346500578,-0.00727439042793072,-0.0771379287165189,0.0164902826058313,-0.0398972418491498,-0.00879027336251,0.00368647101268609,0.0644434167750648,0.0143802108804695
0.0943187616209603,0.0504203220451732,0.0124342544919092,-0.000350740862429104,-0.0812002378757914,0.020232475477583,-0.0394991358075766,0.0048872751275628,-0.00272609283070029,0.0628737146416401,0.00703063598528076
0.0863051134342384,0.0416394480797027,-0.0144600052468719,0.00290174788248609,-0.0715672579434577,0.0128673936434021,-0.0322843394804581,0.00017469262706067,0.00421411997584301,0.0525595769282292,0.00183745792138799
0.0800237563776638,0.0334179642144256,-0.0359949979635064,-0.000112001400851798,-0.0578299741194459,0.0169360563072079,-0.0279845924229606,-0.00674562032467248,0.00865219079200318,0.0420780888404409,-0.000856484576651008
0.0903354009603796,0.0211626672497184,-0.0567813590432784,-0.000139624209476442,-0.0629391617289424,0.0253102640307651,-0.0312578145306378,-0.005987190110302,0.0122313566437503,0.0328761891107168,-0.00216719618142303
0.079766365080014,0.0178415848715484,-0.0711186118419525,-0.00932916328414455,-0.0559056579235721,0.0446339206742594,-0.027808096716128,-0.0013208468909812,0.0117183018865521,0.0270525936688349,0.00158008103492825
0.0485073877853431,0.0212824335841831,-0.0872613419746473,-0.0162518922831617,-0.032719870145706,0.0443176967268532,-0.023334172239724,-0.000829538209138881,0.023320184310896,0.0252912828961989,0.00372829029478782
0.0210990117061573,0.0284413451050284,-0.106035792576674,-0.0274364884417189,-0.013178456418168,0.0523154032194395,-0.0203089078426513,-0.000817589154331726,0.0388422228689053,0.024224953604417,0.00380885593712796
0.0105650388932207,0.0213342983843608,-0.129632395743452,-0.0163496293779801,-0.0221407711107299,0.0489835600568746,-0.0131754383553557,0.0121120108903131,0.026561034677747,0.0176205753843557,0.00537088562142962
0.0247082907116752,-0.00324388180143448,-0.134867683891016,0.00468284007696045,-0.0221284647091325,0.042256283255392,-0.00984978003504773,0.0151919082810041,0.0155576751894426,0.00349714690437505,-0.00596611276691
0.0108866643971661,-0.0189550087879916,-0.155339885775815,0.0147054355525123,-0.0167566938546028,0.0353103070341053,-0.000358733092762316,0.0341978279959122,-0.00432324854002313,-0.00127361193264595,-0.0125852724784398
0.0276815162385378,-0.0370336724347842,-0.147509706922738,0.0315419866536047,-0.0207413939720248,0.0324948926635834,0.000498318543976689,0.0327555251295492,-0.00963967567321755,-0.0118602300611797,-0.0241340993407356
0.0151275207944419,0.00696150460389245,-0.014813317851975,0.000896016755966054,-0.00892535376834145,-0.0256697412409963,0.0926018470861583,-0.017445125667341,0.181400219867482,-0.00723437012999304,0.00581346650427357
0.0079288710959614,0.0109853104991546,0.00370213889882197,0.00102947477567723,0.00269686376851756,-0.0218794309034696,0.0720474266771984,-0.00836483805815718,0.159240683103582,0.00877145708582104,0.00199238516341784
0.00703233008447266,0.0121854139530688,0.0287234480751276,0.00401269627308179,0.00493063345389121,-0.0153511537578642,0.0631061174989318,0.00707975974170084,0.111497939358014,0.0254991112129049,0.00537578240803743
0.0108087085930684,0.011670066194022,0.034051818452243,-0.000198449347710037,0.00743765613695673,-0.0153656564580858,0.0442994006069754,0.0108453383960402,0.094577465585515,0.0372802175414248,0.00273572490615892
0.0198273812459057,0.0155040948432467,0.0496016346926769,-0.00416870319005488,0.00309763810544047,-0.0120883543741852,0.0397855594662891,0.0084649181360207,0.0635128368401763,0.051287890262572,-0.0033962714138497
0.0334565277687109,0.0121897779714824,0.054349506916957,-0.00666090600559917,-0.009430222354747,-0.00582185108239638,0.0356764243236884,0.00692448011088508,0.042247098161017,0.0582784455344795,-0.00878655442371131
0.0607323082247275,0.0131680636650887,0.0636050159650447,-0.00242893403984667,-0.00728549978525092,-0.00596357088990904,-0.00900840290259904,-4.06546644543693e-05,0.0401926145952484,0.0645659414389698,-0.00609535230260624
0.0997309687392351,0.0220951182088108,0.0539776796920371,0.000275400151104222,-0.048109571204433,0.00637117010778484,-0.0200603061873971,-0.00757291247605743,0.0132906920641571,0.0603917521760403,0.00139722409914283
0.117673130137819,0.0321613041364218,0.043116890074369,-0.0039459314157211,-0.060398655403235,0.0112061470378791,-0.0306957812337086,-0.00963700903308065,0.00476295206687315,0.0597839639080342,0.00719904035555519
0.126626637573106,0.0383561695124901,0.0293571585098563,-0.00427112806317911,-0.0795922191057835,0.0177421435125093,-0.025942720519231,-0.00549511066118178,-0.0163222771528254,0.0593566529837521,0.00758112961721613
0.126472416368789,0.0306975096951397,0.0152116935993934,-0.00112387330869496,-0.0775468635445905,0.0205959304141844,-0.0249625930052331,-0.00324186844680437,-0.0185006973473615,0.0540891254833395,0.00450266593459521
0.132891970648797,0.0264826135363511,-0.00761325641938921,0.0084767834117967,-0.0754944868731174,0.0183812994403307,-0.0263938245047366,0.00368211673555811,-0.0174137095411778,0.0420892020206841,0.000340135895785111
0.136373618424873,0.013226175653546,-0.0368178304866641,0.00417090081370741,-0.0612001711916679,0.0134017215313938,-0.0323421378950162,-0.00642177011796301,-0.000227406308524549,0.032977912466264,-0.00539343449156321
0.131051615602225,0.0169974286666579,-0.0493246534547947,0.00763311012227132,-0.0567112910549487,0.0198593034190525,-0.0339315511519161,-0.00425964622597481,0.00467338200489804,0.0237836064154989,-0.00365348440943601
0.109728136855789,0.014801059475069,-0.0625211532239155,0.000887054506204223,-0.0384003895842427,0.0314694158039563,-0.0325778933735636,0.0117837395680855,-0.00872971777567468,0.0221399438601744,0.00383318720089546
0.0653915471726685,0.017709734122836,-0.0680771905421173,-0.00360202453658407,-0.00457097706985032,0.0356930051685021,-0.0278922666334556,0.0121106218831982,0.00485807111971739,0.0246708624310391,0.00333007867929246
0.0251921169636394,0.0313846621132463,-0.0872718092502538,-0.00897901838149845,0.0268763443220433,0.0348222111420683,-0.0253865718300703,0.0167932003407325,0.0285278881820823,0.0250575943129348,0.00218996844349414
0.015432024334721,0.0275306205324608,-0.127855386164028,-0.016336672116583,0.0210419038426727,0.0243606416158072,-0.0143154327874881,0.00176394826100074,0.0359145595706936,0.0190867012710948,0.0016763126166562
0.0257042600105795,0.0124843062086592,-0.143990152718465,-0.00498181939754896,0.00735589538988764,0.0174176083912574,-0.0116864963783329,0.00230211047575389,0.0275014917334993,0.0111809733417325,-0.00874751098159982
0.0271372406274111,-0.0166056453040052,-0.172558693378989,0.0188777382976147,-0.00562553983579409,-0.00107792767132256,-0.00167776174107335,0.0270741301754345,-0.00407693456799896,0.00539085549069169,-0.0238434637405361
0.0356203107275079,-0.0369122416964204,-0.170230505073085,0.031703502532856,-0.00399305103433145,-0.00147003050452579,0.00275011071834602,0.0284402853898376,-0.00342019642103085,-0.00776551873545516,-0.0332173194495189
0.00673301320561818,0.019411422763827,-0.0292921370297149,0.00623319341363679,-0.0117880964040348,-0.0339451565109924,0.131328799432696,-0.0335806176367028,0.18744035422527,-0.0226763150249749,0.0110380548997416
-0.00390337325485594,0.0184038373235735,-0.00558036263854549,0.0026325046831913,-0.0177011415180365,-0.015252115277814,0.141927133900049,-0.0177867313028323,0.136483522651768,-0.00657108464904279,0.00473764249263385
-0.00703858244844592,0.015742765895694,0.0255031993718519,0.00345161332959544,-0.0136648571767404,-0.00629731022554999,0.136640148132693,0.00515205340181948,0.0639393198715896,0.0132045534439934,0.00815247359265529
-0.00521153422001652,0.014757720640132,0.031306957743444,0.00132944337880883,-0.0154628379569988,0.000979363689854203,0.121241892895401,0.0184697985696667,0.0383268220387176,0.0252526610321124,0.00288319484977995
0.00708865560892125,0.0161225347766284,0.0433937602076304,-0.00344001755105508,-0.0164081107837013,-0.00301127042092825,0.103883132192779,0.0215570108342388,0.0105558633845082,0.0441522970840651,-0.00495419178062897
0.0271277869060754,0.00988082943498972,0.0445663502256382,-0.00607379651253702,-0.019289731428299,0.00164627302876604,0.0717243938717203,0.0162441623613126,0.00859982832238879,0.0525053767116889,-0.0104944545053759
0.0426265218655804,0.0154180118783596,0.0561950255575377,-0.00171538169771657,-0.0209050889036625,0.00352408221081762,0.0440504428102872,0.0214386309812083,-0.0107591460551207,0.0626067333774193,-0.00690484083351631
0.0853211713251967,0.0230251532069908,0.0569531332110284,0.00512448985522918,-0.0522160307378199,0.0123367966946267,0.0315953514388632,0.0159716526953929,-0.0392691719109955,0.0571088998564745,0.00157265440126386
0.121910442334948,0.0223596695236155,0.0502116757804485,0.0001889020285229,-0.0486981686199445,0.0131132976565367,-0.00988105620332334,-0.00297276420895802,-0.0180949297226326,0.0551950573723543,0.00486141439807679
0.136450402273283,0.0268238059478071,0.043903362757687,0.00751906874185529,-0.0531507074297666,0.0145181643130177,-0.0207602645117216,-0.000599934116046311,-0.0280322710651667,0.0516312875068938,0.0072892299629383
0.14246281599838,0.0192112804963599,0.0252506452352445,0.0144789059617776,-0.0536056827366403,0.0140273374512598,-0.0244511668965924,0.00512485557872368,-0.0335708648003354,0.0459545969340454,0.00284175479511478
0.151201976628143,0.0112447393391349,-0.00485950718224122,0.016212061074721,-0.0631699029061489,0.0133427523963981,-0.0161340421432252,0.00754369547511127,-0.0375335171410718,0.0359525331036984,-0.0050121350103762
0.148079358336726,0.00486381562293381,-0.0261968261797902,0.0119621343011286,-0.0431206937903995,0.0108159240531067,-0.0269645752079948,0.00630572281593154,-0.0208401662867587,0.0288714577040535,-0.00614100539874942
0.141986983204449,0.0122722995829537,-0.0290913790193758,0.0202336329200343,-0.0308130972653351,0.0144161568190562,-0.03032177580248,0.0134214749269331,-0.0243349609536591,0.0230105710614929,-0.00413535424451685
0.114336192424616,0.0195166713327841,-0.0213466385791737,0.017433836555653,0.0167724254192648,0.0226788126192402,-0.0418018332426024,0.0162787504906774,-0.0114752056428761,0.0209193392709855,0.00387884608355427
0.0528882466564787,0.0250440214437842,-0.0442220883293584,0.0157549935778545,0.0620841792959339,0.00838157781231004,-0.0295933866869161,0.0170488549561899,0.012943259907017,0.0193054653949997,0.00666845284495859
0.00979573880912762,0.0462000497402452,-0.0471419499736129,0.00486391285119359,0.0990218376647436,0.0181136755123523,-0.0266494440237523,0.0163745194462379,0.0255884474271091,0.0223218091299688,0.0157345769117509
-0.00103913608976612,0.0421104980710178,-0.0917184541466129,-0.00142223842473189,0.0807611327983903,0.0148757816548131,-0.0179295542975167,0.0162525435432895,0.0305856817308955,0.0191491558723428,0.0108273140480279
0.0116827308034566,0.0203041940547085,-0.132899639258042,0.00646302557645629,0.0566976545044447,-0.00465772706095363,-0.0131590513751017,0.0143472324358464,0.0220685226676454,0.0157041209526133,-0.00579715606182299
0.0261521164004096,-0.0206266012511257,-0.191060931406429,0.0233520338537509,0.0301693595289027,-0.031179451287074,-0.00135811193066135,0.0274742063950855,-0.00379225519936731,0.00542343189435128,-0.0262448943186822
0.0304076283957625,-0.03493472445749,-0.192555380561709,0.0282796192475046,0.0285353213606906,-0.0399252478617256,0.0019770266117885,0.0266863620927616,-0.0163659925678543,0.00368946791324622,-0.0323400967239985
-0.0160785368741895,0.0257777783009688,-0.0348122347675585,0.0159800538308442,-0.0261387747659365,-0.0260999799008973,0.195663871593177,-0.0131600872351528,0.10547385418641,-0.0298747930136583,0.0149923127835598
-0.0132201261589125,0.0259786800181323,-0.01649604412183,0.00884217182783653,-0.0172682609442132,-0.0177007975015915,0.173395311441435,-0.0157488983949247,0.110737383317125,-0.0194526353302754,0.0154100941893521
-0.00714089305590438,0.0166913657995722,0.00616408172419313,0.00589357612460258,-0.0192044571662396,-0.00554283939326584,0.164312702420956,0.00328870120180267,0.0502455234733269,0.000968156491515756,0.0106569157656539
-0.0105923893176737,0.0127351441095621,0.0260448190383343,0.0065474992290728,-0.0209555863369528,0.00220248833780568,0.162769872475259,0.0263989407711019,-0.004281421662751,0.0201955601757562,0.00370626497508165
-0.00577077236568235,0.0157760996504996,0.0379332719056409,0.00294473340690134,-0.0240489899465109,0.00519192594992179,0.152250014334535,0.0322107084934134,-0.0293131305613411,0.0352391506242841,-0.00518336045478136
0.00957236530670257,0.0137658183575235,0.0430459784860807,0.00237878302860307,-0.0283985083025249,0.0150109702696782,0.133428419584561,0.032779918300101,-0.04488056193316,0.0404394026133463,-0.00849640043582986
0.0278861833924892,0.0167825172789898,0.0573839154826944,0.00100273170048617,-0.0178693532717653,0.0104014492950897,0.0998872859588086,0.0399128662348142,-0.0538255848622782,0.0541035016319029,-0.00700081162877676
0.0717952763396963,0.0073138842357144,0.0567176406076401,0.00576232383415011,-0.0123548841970382,0.0106049760252984,0.0444798832119314,0.0230256437957091,-0.0434612079552585,0.0520054988463259,-0.00413912548876426
0.0956414473569295,0.0116009842493994,0.0519121345574064,0.00891985550229008,-0.00583719984834532,0.00404714665686024,0.0106238156138389,0.0151227352620748,-0.0401302625064926,0.0544167312121663,-0.00132429801702783
0.115712808506972,0.00682261039311417,0.0411860537306187,0.0155043033108074,-0.00988858870390369,0.00386137737756858,0.00400216255113646,0.0143468558562893,-0.0534310251853885,0.0478763918778018,-0.00368496012119368
0.122809211585334,-0.00335135774450464,0.0185188754408929,0.0189412665686289,-0.00745850623404533,-0.00519365858656722,0.00258873668812782,0.00861479875790057,-0.0581508579980647,0.043934124499384,-0.0122959271250721
0.152380366501639,0.00214637108658098,0.00216941503867099,0.0140725968570958,-0.0289036005962849,0.00523709800484384,-0.00719655603035139,0.00679474505274391,-0.0527079815953561,0.0329049689100394,-0.00284075824910182
0.160146582264711,-0.002735758421697,-0.0187144948547023,0.0151964172215612,-0.0109868424439133,0.00136922843891751,-0.0239977805299414,-0.00153786772271161,-0.035855704772195,0.0234807357791271,-0.00433840107363134
0.141132900779215,0.00629071079986366,-0.0125179170031132,0.0224496028372833,0.0183631888564015,0.00694499885865738,-0.0279681544307474,0.00872760425777121,-0.0321318560189468,0.0197267268105424,-0.00250634759304434
0.126694346813696,0.0213964014294619,0.00993651150635845,0.0167973913530174,0.0637970319938893,0.0234292616905664,-0.0479363573918731,0.0100515115848176,-0.0194806955053023,0.0164200853489982,0.015441703075046
0.037059861804955,0.0327634355741383,0.0170095957221334,0.0103388882477238,0.156291308512927,0.0179803751396022,-0.0352123707025938,0.0147510069487737,0.00177278516455827,0.021563917476245,0.0198487864947145
-0.00564964533844558,0.0447767714613048,0.00693150663362012,0.00172190288566112,0.192493742339898,0.0167292266978473,-0.0320943753346244,0.0195584843215189,0.0159093161641249,0.0243860373773591,0.0228382821711103
0.00637614328272531,0.0358792060471884,-0.0693260559365376,0.00951310869901089,0.129304299664942,-0.00175704697785249,-0.0207714097842984,0.0141281720607927,0.0266440211046183,0.016439836059881,0.0097256662642249
0.0034120091929086,0.0302312941729422,-0.122660331500772,0.00557731921434057,0.106334659921423,-0.0211386181334824,-0.0111003864507128,0.00765052202658221,0.0307371305479651,0.0109215190741197,0.0054610378725489
0.0137115211072149,-0.00673598824073608,-0.184887466708213,0.0164119350586216,0.0821776890822441,-0.0537727406815581,-0.000145882644237174,0.012567816324196,0.00300170026558628,0.00771117889041439,-0.0144772191695789
0.0375326301374393,-0.0318805316554766,-0.194616424053665,0.0210478324824501,0.0676675964170135,-0.057477350120879,0.00311339442560983,0.0048883221986105,-0.0156980613846937,0.00153281413540151,-0.0272897813278753
-0.0140735392018032,0.0143730190554055,-0.0527976855723228,0.00681813378668904,-0.0306706500087809,-0.0144182481485613,0.222181581175779,-0.0258468860288872,0.0777296204084082,-0.0412365304075082,0.0153835390711822
-0.0029495549539148,0.00544128380564309,-0.0306615072929735,0.0116523411664261,-0.0312111617449922,-0.00424519367223302,0.207126871159343,-0.0137976273756764,0.0406617512476879,-0.0280332521587407,0.00544362658665114
0.00131080397550538,-0.00140373412454197,-0.00708850157606323,0.00224638939069206,-0.0252192411969456,0.00319907578549437,0.195952483657627,-0.00181691065724099,0.00204731802054861,-0.00809700681851875,0.00367142491269163
-0.0082067820066201,0.0075460562494884,0.00199588402343129,0.00353292292091923,-0.0241083038915063,0.00333416056613787,0.192048089201068,0.013241379162111,-0.0149253341208172,0.00209925620387582,0.00571965438777655
0.00907494767698436,0.00645469422612778,0.028605808085344,0.00259255090032775,0.00268857286614006,0.00604278124524311,0.145408427843368,0.0255688997857255,-0.0293766520691904,0.0213595522397245,-0.000983115052185336
0.00361842997782878,0.0129644176781106,0.0551930862381745,0.00475901870770399,0.0195939675066406,0.0132419511534026,0.129468997104512,0.0410062925516453,-0.0561542758115431,0.0330971431927988,-0.000447422832015754
0.0121410596387425,0.0186549833179368,0.0549316482363224,-0.00448554414487704,0.00559332028101208,0.0142726247161818,0.126240395082635,0.0404889594639013,-0.0798619257581249,0.0477608883982258,-0.00103567343982464
0.0217063020455748,0.0105356669441487,0.0568310099416874,0.00453870192455748,0.0241654094455017,0.00545680735024157,0.106809396587666,0.0419493041446636,-0.0929610794292177,0.0533517656627861,-0.00920049670556596
0.0388747721010786,0.00567247353555003,0.047320023926304,0.00551820791279801,0.0301541557043465,-0.00019038940966719,0.0869895435761504,0.033781761950257,-0.0857536920571302,0.0498039220417358,-0.00894492809721572
0.0672454591091315,-0.00489885044279324,0.0253923509771786,0.0109361282671928,0.0340749766408357,-0.0170956285201624,0.0581088506275264,0.0168098209382359,-0.0860102477138046,0.050181154835428,-0.017158355037551
0.0794041183199582,-0.00741409979940548,0.0159539325762934,0.0110615651981924,0.044083542459448,-0.0135320865700104,0.0485455951643965,0.0123242236485869,-0.0822836125696858,0.0449942000862997,-0.0204982155085838
0.125004661620845,-0.0121552423502957,0.0049013446072922,0.0115130184205071,0.0358763229717969,-0.00388629052848468,0.005290922607079,0.00274450247263357,-0.065780567944218,0.035013845487674,-0.011885937159146
0.133498885412619,-0.0119924284832223,-0.019540810062814,0.0183971178895691,0.049719587523472,-0.0187528666368211,-0.00969364767009431,-0.00177973453794609,-0.0525520075913006,0.0248475987329226,-0.0112509713624769
0.134093046006384,0.00014007586365909,-0.00247657313456748,0.0200882072914433,0.0562488132805101,0.00339821372056536,-0.0175786431114363,-0.00113682258047867,-0.0445463755950974,0.0179631501945994,-0.00316941837853624
0.087230675975498,0.00801388050276623,0.0212558721332154,0.0164007381863415,0.132745619100726,0.012499635877163,-0.0308285010117796,0.0114523904932565,-0.0258676087590237,0.0186138935123016,0.00954841702825021
0.025706295736902,0.0185862057887011,0.041805057979096,0.00316513375105701,0.202411163460276,0.0215542998732694,-0.0270027239405637,0.00803588739819535,-0.0158635740417379,0.0272241451545163,0.0132730487955731
-0.0204323079103965,0.0355507634771328,0.0377219846266988,-0.00828401693843182,0.25615156853553,0.0197304271826195,-0.0288773323857913,0.0112491466214123,0.00324045176176891,0.0292049204717689,0.0243302307156806
-0.0273328722870619,0.0404057915241459,-0.00521733123899076,-0.00736391808615816,0.236918114770804,0.000477190289672524,-0.0219985647097235,0.00390975808662424,0.0147297615027241,0.0247156759577179,0.024278100351493
-0.0146433050487859,0.0346519353606394,-0.0632851097007868,0.00189882752295387,0.199698417378057,-0.0248829693743457,-0.018774558767839,0.00244981896501221,0.0202429234172626,0.0175940563790931,0.0141950353564351
0.0202827057133694,-0.00790750767557682,-0.170584533320442,0.0155676247106978,0.12639235323655,-0.0741069511999978,-0.00421736158310374,-0.0051973874028711,-0.00198922014221259,0.00826218650885936,-0.0143108879209946
0.035605650599014,-0.0252399484119087,-0.192840180132182,0.0157483017123929,0.110372496120511,-0.079460501345141,0.00287098881476745,-0.0138108905082696,-0.00311273973128037,-0.000279045548521467,-0.0228829924542921
-0.00662938173820605,0.00334240640570341,-0.0601377882827436,-0.000616734239194084,-0.0382360985027832,-0.00430818817670934,0.236814992682023,-0.0359461604314791,0.0414208644529827,-0.0428126665666562,0.0108786797574774
0.00134357535355797,-0.0101879903964907,-0.0452709960031986,0.00132206646422902,-0.0345582398478677,0.00293729073469018,0.227558079133955,-0.0235681412252454,0.0109701760524064,-0.0324250345467602,-0.000952899263298336
-0.00757607532044511,-0.00941817600239487,-0.0181643018140138,-0.00569138678603383,-0.0101826614783265,0.0137078301039665,0.22230629955054,-0.012158658407443,-0.00973040766845562,-0.0212313142155447,0.000972007150322614
-0.0110209003764675,-0.00308096292752044,-0.000852311840334525,0.00158557623860366,0.00377067061880696,0.0128021447926735,0.201793233306976,0.00994476067389642,-0.0312239061958243,-0.00871658212320508,0.00427476986594643
-0.0166628967090855,0.0103767192550597,0.0414069156667147,-0.00425281898550191,0.0341430746621072,0.0204154510465266,0.179628967759345,0.0317715270851664,-0.0575935006717934,0.0122571720166799,0.00551688198384691
-0.00784935917325361,0.0153750491898756,0.0580857396071489,0.00446461888814566,0.0335818762506352,0.0247559725815425,0.163141496172494,0.0460366878073931,-0.0850601983813103,0.0196658560956245,0.00423211141182552
0.0052595716387699,0.0181475906367686,0.0712279890284393,-0.00263367095176618,0.0487267649964344,0.0257365868539964,0.127457736993931,0.0435956105974906,-0.0885678582647261,0.0353560604298262,0.00417883548661438
-0.00753997184560107,0.00445345645393856,0.0688993886323279,-0.00298484519592406,0.0789921425286018,0.0114144155834092,0.12414235034725,0.0405496962943181,-0.114529086845937,0.0486244272300844,-0.00913150578716708
0.0178816520953791,-0.00879290628464092,0.0289236822762152,0.0060993816658065,0.0586732781762422,-0.0169543809648918,0.123794072896896,0.0279791615249145,-0.140305141170006,0.0523082235737087,-0.0242547920062911
0.0433917581417054,-0.0165229928194646,0.0217957673152404,0.00566353800577638,0.0625605066899527,-0.0181887845202449,0.100139830611446,0.0173845754416139,-0.136687008648225,0.0522177540413227,-0.0284749628732605
0.0474104427548079,-0.0172821365960854,0.00345485821252766,0.0047599582164264,0.0630611532566672,-0.0188518447950264,0.0969631165654251,0.0173409663332174,-0.137276572398116,0.0501544538729851,-0.0296050504887945
0.049702606781765,-0.000382034309695457,0.00460155831291391,0.00784988662033534,0.0690487375833711,-0.0160914135741591,0.0862755126062052,0.0269744863274356,-0.120760514839581,0.0434459907839971,-0.0166689648508095
0.0749880908181631,-0.00324030645997198,-0.00253283391276657,0.0149546418789236,0.0965577875883493,-0.015443786584685,0.0376607914357184,0.0167778716615203,-0.0782811637290902,0.0275282812280793,-0.0106934123264307
0.0830029151035264,-0.0056081478038942,0.00122322714287554,0.0116665416216072,0.116216601401946,-0.00352175305998813,0.00380922725939781,0.00394548792868726,-0.0465873776720755,0.0261173534358673,-0.011624974497533
0.0688379366576139,0.00756767392847553,0.039596368994988,-0.000630409888677388,0.160178098389111,0.0274604432065831,-0.0191754757607813,0.00195269615274479,-0.0405570255384439,0.0283457355948785,0.00688801066146067
0.0291334591971165,0.0158800051454017,0.0398491400065695,-0.00711186385647595,0.203595213588317,0.0266150808729832,-0.0179129359879802,-0.00201759608236195,-0.0199659529494477,0.0295932966858883,0.0124933822820027
-0.0235231174367022,0.025353285939082,0.0561910693920505,-0.0235053253276244,0.275699218132347,0.0300969959842975,-0.0173075484114885,-0.00861281729497205,-0.00920929360858194,0.0361393565466636,0.0177122621920828
-0.0162358615023326,0.0244777785271187,0.00873693846437285,-0.0167833848507103,0.248649184968075,0.007832739012473,-0.0171584674908596,-0.0109616040917724,0.00591507841036896,0.0289417805780039,0.012052922588082
-0.0126984816553825,0.0143924700676998,-0.0419300717658136,-0.0117967525348352,0.228530374225048,-0.019172365537817,-0.0144053641132306,-0.0154459514334155,0.00963697304381057,0.0213853692226268,0.00741523822067852
-0.00508991062954808,0.0113063690674805,-0.109480365390718,0.00628322867769712,0.181622357181008,-0.0563463366495397,-0.00505969483362338,-0.00139315704121786,0.00122339033935607,0.0118445543666976,0.00503459629111302
0.0114373674089659,-0.00661403118454808,-0.143375741050541,0.00702343743188219,0.164709823224215,-0.0702723281833224,-0.00143976058781499,-0.0134578527047672,-0.00527904075042082,0.00674330747535328,-0.00556337869333411
