0.0397801338977561,0.00408508787922853,0.0390465751449549,0.181275990226219,-0.00712385674246006,-0.000200676305419704,-0.0714514738265787
0.0395465191916573,-0.000111284515016258,0.0380725684543363,0.184966163953299,-0.00767520050870601,0.000904704358316512,-0.0714602170878432
0.0381144156879614,-0.00929972685372897,0.0365712367647898,0.177893906824254,-0.00408314624255352,0.0030588978895712,-0.0716400462782719
0.0392581452403679,-0.0125270225110758,0.032733244148593,0.178051658160866,-0.00558813358987278,0.001015069523076,-0.0702923040220784
0.0328619056766557,-0.0210435063020278,0.0244732601062361,0.176108958168801,-0.00691822395546277,0.00139585009866658,-0.062350564788033
0.0373711572746351,-0.0190063644916222,0.0228902890276665,0.17648024465833,-0.00286881312020383,0.00222565351898044,-0.0617548765830495
0.0308135800941747,-0.0200000529468683,0.0193029670217412,0.17285726507185,-0.00487199373402646,0.000591302311473564,-0.0480031074691178
0.0254192233321959,-0.0130649323631339,0.00770495567573111,0.176465546056229,-0.00816984137257265,4.42759851382833e-05,-0.039582708955491
0.0228548866155051,-0.00982737522726446,0.00316438967252762,0.171618996085478,-0.00164106678547332,0.000477264645121985,-0.0328686048373638
0.0197036298475557,-0.00732358471354204,-0.00244862219066164,0.175427419016977,-0.00627957698872821,-0.00212917701931682,-0.0230160479085494
0.0172588521116732,-0.00712754269350688,-0.00913354195052934,0.172438169615625,-0.00894660322027708,-0.00273104898594631,-0.0110425850256806
0.0101298027256022,-0.00862629912034088,-0.0128497638784293,0.169481598693007,-0.0112787848991034,-0.00335634389312867,-0.00624451162824759
-0.000700512519716849,-0.00816941251853241,-0.0208333949109597,0.164046585693902,-0.0135511423392765,-0.00605471694165123,0.00758926830046262
-0.0096694368595053,-0.00646633727221885,-0.0322721809551041,0.166533668221314,-0.0219661825604603,-0.00913461631948081,0.0173549062683796
-0.0243290903909465,-0.00565286039065882,-0.0344696207301062,0.15739756907941,-0.0276642877563532,-0.0158925279162621,0.0353843670460382
-0.0342972096063446,-0.002984220875702,-0.0454929526946084,0.156487201973571,-0.0323290986499717,-0.0179985284553083,0.0402517952424281
-0.0432908430014339,-0.000955148078672552,-0.0553572610282211,0.154745438086362,-0.0322946852026313,-0.0173048235445406,0.053301255016737
-0.0488844995089484,-0.000647290799332655,-0.0576908754995866,0.154801222918113,-0.0355371140641387,-0.018742806988411,0.0663334794658967
-0.0508601681759965,0.00111266944903272,-0.0617823005714181,0.154651594232453,-0.0357999051561677,-0.0189345102061814,0.0699930886744571
-0.0536326554200453,0.00230264305966807,-0.0589995523567394,0.155722235006808,-0.0409577466670685,-0.0221251483112003,0.0781961761609184
-0.0503496768600256,0.0116757717055389,-0.0599115517542469,0.159762695416826,-0.0404757126330534,-0.0186176256121647,0.085373284627286
0.00786825656388179,-0.0211147426306493,0.032496607055989,0.099755901319907,0.00658436544700356,-0.00442134477903484,-0.0932046060695393
0.00586094244809227,-0.0287057257995712,0.0364378718718656,0.101032998868498,0.00722266738046798,-0.0045171601407385,-0.0853787719755487
0.0092011815054754,-0.0353593311484549,0.0348007579750691,0.0967488175212061,0.0102328775184434,-0.00204593383713666,-0.0887441461988393
0.0105408863124248,-0.0424938041342371,0.0365827687305477,0.0972274970290369,0.0117322257536935,-0.00266705393978907,-0.083300401784372
0.00453637181465006,-0.0461784032791224,0.0262746745412286,0.0951668013579899,0.0107525996853573,-0.00182645666765244,-0.0806828994178767
0.00155983912732988,-0.0446129891440722,0.0175402229462012,0.0940369985316319,0.0127091337051301,-0.00323759243568731,-0.0710151784647744
-0.000167290601668427,-0.0446202317729602,0.0139759486670169,0.0886071195517669,0.0150187811811751,-0.00266841191400735,-0.0668295173593286
-0.00724237206680627,-0.0382757819252619,0.00763773926931169,0.0911271315291885,0.0128768928802563,-0.00453231261676733,-0.0551024563614462
-0.00662366251533535,-0.0389507147251878,0.00449580495979306,0.0881927928783897,0.0166930516606344,-0.002595256868315,-0.0439828911354708
-0.0128691775560146,-0.0341065391712743,-0.00798746250908224,0.0894966722831681,0.0142924965618782,-0.0025942683244678,-0.0365703224335818
-0.0176847392153132,-0.0297067718706668,-0.0152437765554658,0.0888545167658604,0.00897840634145934,-0.00482006906691121,-0.0230184348055369
-0.0241797208353526,-0.0288551045185293,-0.0237730634363896,0.0873085084686833,0.00753401426924158,-0.00541547554988541,-0.0130898988864175
-0.03128663768444,-0.0268003449374363,-0.029586506770597,0.0853210088918948,0.00647741211184907,-0.0077236922560793,0.000645960418509025
-0.043034467916653,-0.0267401669140692,-0.0388654928986536,0.0861245487528848,0.000630493349695063,-0.0097880042156996,0.0143355743808356
-0.0488336057080867,-0.0244510604814139,-0.0481039670125833,0.0850677652919605,-0.00435451847571152,-0.0132856960329796,0.0273225629050065
-0.0577650599087205,-0.0214301902519495,-0.0512085350374151,0.085571487698963,-0.0101136051631535,-0.0189890193133722,0.0428260776711642
-0.0684158401833931,-0.0196794417381356,-0.0634518944635916,0.0814426885864671,-0.0120378823828488,-0.0189467463744411,0.0496713405647258
-0.0793196090587488,-0.0194105492983874,-0.0669833497987899,0.0783475320343227,-0.0169187711256214,-0.0226137504037767,0.0643252825083325
-0.0768763496279064,-0.01208049516704,-0.075706472977195,0.0855177887041028,-0.0204903515463305,-0.022914531962424,0.067045383849058
-0.0790487448799241,-0.0130032731307871,-0.0768145986969366,0.0851222475589806,-0.0262754107301643,-0.0239064265919247,0.0692364338481999
-0.0858655064533123,-0.0121586192034836,-0.0738180211526873,0.0809221088452897,-0.0263190169587489,-0.0262426397031482,0.082382711070372
-0.0134855904552042,-0.0376590165778405,0.0378190312982524,0.0501071595587852,0.00912953013862622,-0.0105456947237749,-0.101857733197852
-0.0128818200460921,-0.0479570645704987,0.041272841685684,0.0489713322521057,0.0122161472942961,-0.00824213220315268,-0.0925166194292442
-0.0128182904407254,-0.0594564893192821,0.0415007288635354,0.0430627372644559,0.0184079075033264,-0.00694227569271479,-0.0906755588723482
-0.0111246912476072,-0.0615297446926342,0.0382837800049886,0.0435473130828186,0.0205400154006056,-0.00669556659777296,-0.0882920570980226
-0.013418944388745,-0.0638039551352296,0.0307283783324066,0.0416728384911636,0.0232529046820645,-0.00549196030684305,-0.0850466631386202
-0.0154168848481325,-0.0616960760034713,0.0245926327550185,0.0384937701302373,0.0270636160309606,-0.00657412720475964,-0.0778983885459962
-0.021447247037345,-0.061616924032432,0.0165006078986937,0.0347314095419496,0.0258568956815306,-0.00529180358245998,-0.0752118776101388
-0.0267285467501879,-0.0604984627293927,0.0089174737112716,0.0303447208660645,0.0304184180089268,-0.00677313189130824,-0.0585028281016775
-0.0276087219641661,-0.0567094761928318,0.00698115595688315,0.0326503268060618,0.0312143732663438,-0.00582489521896565,-0.0464411821956798
-0.0373977707932129,-0.055036965426181,0.00116275389822072,0.0309005980970039,0.0291651921741928,-0.00746166635033233,-0.0270749408895533
-0.043232427802066,-0.0490834353310169,-0.00923151925212449,0.0308399668535587,0.0264493417321394,-0.00756088680466154,-0.0107891051511889
-0.0495451226789918,-0.0483458569577431,-0.0169990888075592,0.0287909746368004,0.0295017559364155,-0.00695556115833029,0.000368269873305769
-0.0490937612157357,-0.0447436176408703,-0.026833354379006,0.0315878620003396,0.0275244976594603,-0.0090336994893159,0.0114447497658981
-0.0566231123713211,-0.0419548369084734,-0.0339160798950363,0.0323054745641889,0.0215590892258366,-0.0130264231671288,0.0219697795311753
-0.0613652742667741,-0.0384739690669896,-0.0462470199817557,0.0337238856517966,0.0165557490377704,-0.0139961685046423,0.0302753631207619
-0.068699637204946,-0.0376141787950813,-0.0567788267830413,0.0302606072963856,0.013089589670623,-0.0168819380317793,0.0413409015524153
-0.0754313665459937,-0.0359012216203099,-0.0679327773875915,0.0269296156879565,0.0120785132351468,-0.0169680057435203,0.0475783569658315
-0.0861915601421177,-0.037798401479615,-0.0730786610107794,0.0206217209575044,0.00814882342322946,-0.0205607164677344,0.0588219716563366
-0.0940647076329202,-0.0298533394076793,-0.0812290678017842,0.0279622436390021,-0.00475807536055632,-0.0246045610299368,0.064857211015733
-0.0952137924590019,-0.025926939328991,-0.0776588123756386,0.0289810243463822,-0.00752602968595105,-0.0245397303281178,0.0732228527068669
-0.0986893946956655,-0.0241202420145937,-0.0809033394286033,0.0300221200496709,-0.0106979657989889,-0.0254318530703085,0.0773985911825454
-0.0264080789508536,-0.0471554811824321,0.0459622166262827,0.0129855009619541,0.0131939460633104,-0.0135884653380745,-0.103651161448706
-0.0361952855752224,-0.0581360441209011,0.0444930435382165,0.00560776163564738,0.0142005642491977,-0.0116937969704975,-0.0966991751942272
-0.0345678460562126,-0.0670858847146132,0.0469793554709381,-0.000361413902375773,0.0231540520614811,-0.0106494602099375,-0.088762268876181
-0.0285609000530992,-0.0701911890792094,0.0437773074788194,0.00239384957059023,0.0284282255941911,-0.00810761878399805,-0.0878640262886974
-0.0341766735501489,-0.0742995403281191,0.0406061017140771,-0.0026888444500127,0.0318502833031946,-0.00985190293220505,-0.0765954350480974
-0.0361336362190696,-0.0728042923670826,0.0334844862648003,-0.00340220308724079,0.0340677841051693,-0.00827092106758345,-0.0686388713074241
-0.0372414995299318,-0.0717906663036008,0.0271555685641823,-0.00730576187462533,0.0400419059254572,-0.00659723063585873,-0.0607468958512102
-0.0376953402558352,-0.0658840955843589,0.0219063142809393,-0.00665735804481075,0.0425202532578792,-0.00853331050989741,-0.0505791850818012
-0.0359452560844134,-0.0634500202680952,0.0161950714025049,-0.00423331378522865,0.0442795185353322,-0.00877865488416122,-0.0378076835331161
-0.0460721234740243,-0.0631786456810034,0.00756162839219236,-0.00675635440179022,0.0420820837051419,-0.0100717449172287,-0.0185518879801962
-0.0478467220422047,-0.0582071021066866,-0.00284374946156013,-0.00588802064042594,0.0447495118113914,-0.00810803485544842,-0.00458188000518259
-0.0529522723422169,-0.0597547010674876,-0.00902322756550433,-0.00822632043715013,0.0467796893264086,-0.00894192463716117,0.0150462746772643
-0.0530492860966691,-0.0559985712263385,-0.0190938564905602,-0.0075080214767868,0.0461055730482716,-0.00991728128679303,0.0197441774344354
-0.0582488676201696,-0.0512553673887875,-0.0278376478926806,-0.00710423391355542,0.0426174204360189,-0.0123354925262177,0.0324764062435702
-0.0623670050188555,-0.0484302664406821,-0.0417010468140494,-0.00582153933906336,0.0348605309317093,-0.014844121434647,0.0389446488601049
-0.0727447585037666,-0.0461989136955523,-0.0521412912389174,-0.0104144555676467,0.0318933842257559,-0.0170319568266672,0.0497581102890836
-0.0742220291898631,-0.0418249827461279,-0.0630454031279123,-0.011000070853776,0.0322024066614841,-0.015480964487378,0.0544320625738669
-0.0819585435237333,-0.0381915834092583,-0.0725378863949237,-0.00979628144996965,0.0245580630660336,-0.0169518383425481,0.056790456340853
-0.0851431626085447,-0.0357554576243261,-0.0751736189527658,-0.00698055129967353,0.0177367686677144,-0.0208132311075329,0.0627908289299516
-0.086706232009223,-0.0270105213724325,-0.0759999562673906,-0.00319633005426254,0.0157590692909178,-0.0194600044695691,0.0728583765899605
-0.0903595752015131,-0.0271820787247089,-0.0753728236667725,-0.00369014592933097,0.010350759355976,-0.0209270699483598,0.0754267817802758
-0.04796984970921,-0.0425482096629401,0.0471620449419318,-0.0157888770991163,0.0148770330903185,-0.0151655164397459,-0.102442692127926
-0.049300908999268,-0.0524295631341714,0.0507062250124473,-0.0224442145685069,0.0212063689157523,-0.0134908090780919,-0.093689479852813
-0.0486773098419491,-0.0585384204575371,0.0530482455010399,-0.026206975123774,0.0259941915403128,-0.0137309938195223,-0.0889328209813543
-0.0412054775921454,-0.063411662837663,0.0498607779967529,-0.0239644562031489,0.0320507851422581,-0.0118876452347184,-0.0855904131975229
-0.0425802042298486,-0.0680393286328389,0.0469482419852284,-0.0289117800987335,0.0390361836761215,-0.0131891340346884,-0.0738051972886055
-0.0388860112485399,-0.063693983180235,0.0429676072385407,-0.0275623425142807,0.0431007385906769,-0.0107437705016525,-0.0687616067515026
-0.0415644593867199,-0.0649244891428457,0.0335491211333946,-0.0311841279486839,0.045564702531506,-0.00952903909425378,-0.0614839114311857
-0.0393231562204715,-0.0618924756945999,0.0289090259282008,-0.0307042444834122,0.050482866005585,-0.00758205200573715,-0.0484669641112214
-0.035739120959787,-0.058973798450997,0.0244242160026704,-0.0282042685457481,0.0548391900090935,-0.00777493343958215,-0.0343311763463422
-0.0386203870507842,-0.059935871744489,0.0182758261275545,-0.0264734233657738,0.0565180520250108,-0.00884980216037555,-0.0116575274075082
-0.0396848313941909,-0.0616776766467285,0.0142695083547194,-0.0236913764216885,0.0579620284036296,-0.00657766471855835,0.0183939285343032
-0.0420015604401547,-0.0600408392961572,0.00953675668208012,-0.0224329755394832,0.0570007521810891,-0.00721876916799823,0.0399199621806777
-0.0449351332713269,-0.0591112376625587,-0.00226316181444586,-0.0232500183170739,0.0542325174649425,-0.0118547390927411,0.0482135306871935
-0.0459471400974681,-0.0529478974246095,-0.0133443362103301,-0.019776960480659,0.0530526642776771,-0.0124561749891638,0.0591657394783306
-0.0503254735714217,-0.0448710720345272,-0.0292843912074512,-0.0224602712200596,0.0513021930140804,-0.0137864246373046,0.0496091981161722
-0.0533922608354813,-0.039192891725224,-0.0454944948891659,-0.0230266743765649,0.0490821041186243,-0.0127516393105522,0.0549055426334467
-0.0610656561106488,-0.0365812091507996,-0.0574486117358421,-0.0259920198652091,0.0449282795414556,-0.0143035660446903,0.0576304478478845
-0.059159200780369,-0.0241289181312771,-0.0654814784111584,-0.0192870581004184,0.0446245240404803,-0.0111248597005471,0.0644787866375324
-0.0645029701575751,-0.0197582935383526,-0.0726807414689857,-0.0165969413735681,0.0353670885358568,-0.0132411453748874,0.0667225729565082
-0.0703410360605531,-0.0162597140178844,-0.0770119355818365,-0.0159696479936365,0.0294575555108964,-0.0135002586161496,0.0727993864404112
-0.0630174622386782,-0.00610167563667653,-0.0726609591928806,-0.00740813483423777,0.0299019512259093,-0.0106717008222579,0.0737497972599382
-0.0615336137332884,-0.0318187247342008,0.0504590560598681,-0.0344771625808322,0.0149625701936358,-0.0186829694465073,-0.0823006138846544
-0.0608322478050089,-0.0328546524876226,0.0510241928236058,-0.0357182910003889,0.0186258035475289,-0.0180320895943819,-0.0841983850045106
-0.0540754793891912,-0.0381020175829122,0.0546964721454308,-0.036433591344028,0.0254509847996473,-0.0169731553703672,-0.0779755303412287
-0.047069125351763,-0.0445468796157288,0.053568420409869,-0.0363973370517099,0.0332712674792215,-0.0155994932862636,-0.0731673531159981
-0.0433456623797408,-0.0505295700442797,0.0544046325461143,-0.0419721593502954,0.0417641158292013,-0.0162225505633147,-0.0698872339873008
-0.0365853732331628,-0.0467769767702413,0.0478156605906645,-0.0408388396727803,0.0480806976817953,-0.0130368289512837,-0.0600449353618251
-0.0336918986685967,-0.0470082447840079,0.0392576247847082,-0.0405516485600651,0.0514385494400523,-0.00907838457198724,-0.0569220685127309
-0.0251725882212908,-0.0420661716581097,0.0419470624796109,-0.0364013911836142,0.058344065525546,-0.00885724149576318,-0.0403065057746008
-0.0247078159276677,-0.0432304874618492,0.037581332893397,-0.0370113960943194,0.0629781022951786,-0.00973219943150053,-0.0251508120683612
-0.0163018567850433,-0.039336368633879,0.0334494434876076,-0.0280504019576165,0.0707091922902376,-0.00529571370226611,-0.001138241396179
-0.0182345921622512,-0.0424674869920861,0.0272118716253905,-0.0255141043023837,0.0706162506451145,-0.00462594427080896,0.0289477258590238
-0.0131039618822934,-0.0368730351794277,0.0232080930397767,-0.0188824580317938,0.0701239352688642,-0.00507581709932694,0.0477773933709638
-0.0130686104322325,-0.0405336512992791,0.0109417635286894,-0.0205477592619709,0.0697908965070555,-0.00660411301807069,0.0527187192989012
-0.0223764137097777,-0.0354043205588822,-0.00482443167842576,-0.0221797521935047,0.0666931124351752,-0.00615695795377287,0.0561812050408815
-0.0296274094196976,-0.0355382773393866,-0.0169680521603657,-0.025275996819163,0.0621227440049827,-0.00967573071021475,0.0620606945427696
-0.0257277859518795,-0.0294985971715161,-0.031293662627929,-0.0256548739821003,0.0643650616113983,-0.00825332401417627,0.0637672791376821
-0.0362041436604576,-0.0259283393562948,-0.0419888344622252,-0.0275136466151145,0.0595399027385307,-0.0100767016932007,0.0704338617735085
-0.0374101093031544,-0.0120205307741424,-0.0529377692407919,-0.0225676024284898,0.0566936526297355,-0.00682623156830607,0.0644447517139974
-0.0415787613151998,-0.0114100558570047,-0.0606621977724143,-0.0214038999642435,0.0516433006112855,-0.00647379764680403,0.0669329987671251
-0.0427343336620594,-0.00183975391615768,-0.0637764440719287,-0.0168516772940727,0.0487495669233171,-0.00403354318992303,0.0716327345546341
-0.0436843902386468,0.000897488788035969,-0.0663164173442224,-0.0147777906913649,0.0445106925358285,-0.00501116160162308,0.0721488603140605
-0.0731918211880162,-0.00477982380563369,0.0368908225745592,-0.040580205261801,0.0154939707590856,-0.0135490091437616,-0.0726076885761288
-0.0633609707647452,-0.00752066705260184,0.0492632151787788,-0.0401310994814645,0.015790878894623,-0.0229395495523481,-0.0685485279066518
-0.0479113402036806,-0.0118777290180236,0.0561100191517778,-0.0391209610013751,0.0269511845576347,-0.0185240874490845,-0.0681994919999688
-0.0415643483054122,-0.0250833451377467,0.0579904405001467,-0.0424997587737482,0.0353024698332738,-0.0189927202873815,-0.0623429931104811
-0.0316130101367269,-0.0227289897714003,0.059000014324709,-0.0412388957548768,0.0450216115389415,-0.0172758034835648,-0.0554059494757039
-0.0287765658241109,-0.01938751076793,0.0526575000183844,-0.041715945372922,0.0483970812139686,-0.0144419925194171,-0.0537997242940196
-0.0200479455573211,-0.0182037761087781,0.0473090227133747,-0.038175290133382,0.0543921793358157,-0.00897774972184002,-0.0494970894205179
-0.012699885858461,-0.0227287466660379,0.0470172499454246,-0.0380073628333064,0.0613370077528572,-0.0108689847112722,-0.0330499319909067
-0.00888597583268031,-0.0213493740217869,0.0409648991127792,-0.0349687942184752,0.0682692365415184,-0.0075250745455908,-0.0242055236614306
-0.001274133458299,-0.0167631285480783,0.0409763579068584,-0.0280125442846106,0.075264198745875,-0.00476941322422004,-0.00131641691556744
0.00475828813544414,-0.0249051066572607,0.0422545292371361,-0.0211926957023989,0.0742277393593181,-0.00503805774061657,0.0416292781087883
0.00928882196126671,-0.0237537705190969,0.0394657881283051,-0.0139206375360892,0.0755323940692678,-0.00441929054623108,0.0641572570624885
0.00662458068868315,-0.0248249328764099,0.0262194454751349,-0.0151896279864348,0.0720845217728764,-0.00633733065437079,0.0680159648138886
0.000116569140343634,-0.0177106097879347,0.00961390871346004,-0.0181046711662582,0.0728035092013179,-0.00580976913379827,0.06821629134425
-0.00318185563999311,-0.0177539361734455,-0.00550302841336285,-0.0203526369051686,0.07235359962378,-0.00669741606959269,0.0625230772057199
0.000649658908180001,-0.0117460302450175,-0.0168438253283118,-0.0199763973473429,0.0748651241837617,-0.00430811669001357,0.0616798594959989
-0.00861739231178,-0.0126921429551478,-0.0279566049043217,-0.0236232066161578,0.0699699950040471,-0.00430391762134654,0.0639829455637875
-0.014148357446483,-0.00834008218590606,-0.0424337974633716,-0.0222580049614306,0.0654733006761033,-0.00288094392652868,0.0649155299873789
-0.0226682450479546,-0.0012186202093814,-0.0539387901074042,-0.0223061925995756,0.058530704219065,-0.00336090884138336,0.0609377182114918
-0.0237577015746319,0.00360914832235514,-0.058179874696564,-0.0205836780353694,0.0578407245288726,-0.000408840925072536,0.0654005127894116
-0.0252207147695651,0.00646273708041539,-0.0601350401598855,-0.0200269227163692,0.0565387895845295,-0.000835357074535734,0.0664008287455606
-0.0700164843291767,0.022737136376418,0.0375069222522681,-0.038310850363178,0.0119098532107178,-0.0152319134133512,-0.0617401171602884
-0.0589389240216774,0.0241247395714874,0.0409067968064726,-0.0373089726031915,0.0195025663739922,-0.0156040203474385,-0.061726874925324
-0.046856790429343,0.0207852204647643,0.0476605683846123,-0.0357466340625884,0.0270979868161342,-0.0166955867385841,-0.0558904765572011
-0.0399507107111262,0.0123217107393098,0.0515456693624271,-0.037346440947028,0.0351393547946422,-0.0161782001048923,-0.055331712372854
-0.0274568871588917,0.0123178860986479,0.0547277008842611,-0.0359282396135473,0.0430696827573451,-0.016412822893221,-0.0520072993015716
-0.0216511451790889,0.00838747338899461,0.0525719877758832,-0.0358011664700062,0.0459535157998704,-0.0164208149904562,-0.0467364281499175
-0.010396002680124,0.00665345554441726,0.05562063961437,-0.0316770516810492,0.0527588093335344,-0.0138721719641876,-0.0387798771195243
-0.0010215170208589,0.00178345564148047,0.0525884758802806,-0.0304723076970197,0.0598448831009066,-0.0137401105170013,-0.026584068239784
0.00627939289351762,0.00174658432504806,0.0461421540630714,-0.0273481457575627,0.0636193668649641,-0.0124526179454585,-0.0170675894354506
0.0129497496082536,0.00186165600315355,0.045812087144782,-0.0219944200562204,0.0703222985747024,-0.0106963337788689,0.00734284576904328
0.0195456356982885,-0.00123012583955176,0.048252056279294,-0.0141972672768648,0.0725394268231081,-0.00846452332980691,0.0398357083212237
0.0278878701920828,0.00353703670517613,0.0431751399382622,-0.00639075780318523,0.0737816728205715,-0.00764854952669577,0.0547805799491696
0.0272028422531921,-0.00125333101336334,0.0339948645963859,-0.00680478400945753,0.0718296643190502,-0.00764903618978375,0.066898673540998
0.0274495621248141,0.0032641255176356,0.0173013484910721,-0.00826602772131951,0.0754346754763329,-0.004037459556771,0.0662850782231485
0.0302023121198465,0.00382807486442053,0.00606455495194966,-0.008040953976031,0.078703931850749,-0.00265300232118282,0.0694204182974801
0.0229863274055071,-0.00080072423547933,-0.0123981067318272,-0.0175272917377859,0.0789784679513314,-0.00193364449166856,0.0590539687904751
0.0164448666079742,2.80559208183937e-05,-0.0194230628435674,-0.01968220111007,0.0754065926118312,-0.00170345006968639,0.063079091334735
0.00973426241649278,0.00284485902175239,-0.0288291483732456,-0.0190621063757722,0.0713955962465695,0.00041624703720508,0.0689461863215879
-0.00195957314037554,0.00866946715903077,-0.0487524307925196,-0.0208927463440357,0.063215327232124,-0.0010897940754867,0.0575491777537588
-0.00660521883285989,0.00920109623587566,-0.0594735523358054,-0.0227313052650486,0.0616519473398337,0.00284063966147175,0.0498071127450815
-0.0062800009756854,0.0105302343377075,-0.0627761985932949,-0.0225731231355335,0.0617671960772888,0.00229063235469308,0.0489530762188597
-0.0635605166842235,0.056441656423959,0.0267915856694681,-0.0305549900738113,0.0114219554071815,-0.00746663670295652,-0.0573837043613658
-0.05779697179621,0.0476956679245136,0.0338459377670172,-0.0321597741711549,0.0108465512156757,-0.0154267151855699,-0.0559779116596232
-0.0472334440809435,0.0441095027092693,0.0393338678530785,-0.0314908248029929,0.0160879758952259,-0.0174205394116253,-0.0535058407097658
-0.0422077619457467,0.0402630157978915,0.0432022911893229,-0.033922236698889,0.023456724283352,-0.0180398381204309,-0.0509747483241198
-0.0309928986713955,0.0408640439223281,0.0489057639468523,-0.0319890771143319,0.0330911197229593,-0.0167262703959241,-0.0429208711827372
-0.0202971181708607,0.0347294596743362,0.0540284174109792,-0.0282807040640601,0.0316621789655083,-0.0196766837525689,-0.0385411103895728
-0.00866130620981475,0.0296660359715264,0.055737847433392,-0.0259636058983141,0.0407357562248611,-0.0193454002904372,-0.030493257430543
0.00441680296326349,0.0228186430269817,0.0527817167069692,-0.0210694177179198,0.0447692909266019,-0.018257200704869,-0.0189449761290361
0.0171583462735864,0.0205745924499431,0.0516495490437105,-0.0176050771700125,0.0521206142098494,-0.0181152162304142,-0.00636344792916079
0.0301070694462819,0.02205263073953,0.0512001624726287,-0.0117818659863839,0.0620132287925814,-0.017071557105614,0.00644022691133086
0.0374369240138702,0.0190438135989678,0.0528946251653863,-0.00475859447977452,0.0651363731351163,-0.0138019690669896,0.0400785733480421
0.0399489097496936,0.0156016010779856,0.0492361691636694,-0.00182392649272519,0.0661579510198339,-0.0121136365265972,0.0540367465201021
0.0391901673729132,0.0148608205938634,0.0368888893146471,-0.00286857665539132,0.0690876261711144,-0.00896036997188697,0.0598330905774429
0.0408162063616891,0.0194101777013973,0.0204221543420279,-0.00244584581326954,0.0725322817956406,-0.005480476211217,0.0578348452845468
0.0452039998995235,0.0157729232116083,0.0131267975642313,-0.00437051280449894,0.075944107014804,-0.00520941735786469,0.0650621945645609
0.0456973230762825,0.0153266870285204,-0.00242977491610757,-0.0123192418272474,0.0845679086642637,-0.00101110550248472,0.0569505798191594
0.0433710397918487,0.0115640006538286,-0.012016196477535,-0.0117617609787085,0.079647720572214,0.000204123517557297,0.0647279008993036
0.0351742734142177,0.0156870267959252,-0.0325829850012258,-0.0137316209205782,0.0751802466990048,0.00229162417587186,0.0571544371258842
0.0238102101677472,0.0253390118204922,-0.0552713099370424,-0.017896532756471,0.0689569349650827,0.0020116550297875,0.0316707155756824
0.0148320055428085,0.024732435660481,-0.0614092377141732,-0.0220795793991659,0.0664052994357617,0.00357885313022627,0.0315467868442881
0.0128909408979368,0.0217235665896836,-0.0627701532141171,-0.0211705811858823,0.0651072314967701,0.00234238333633391,0.0390767698615414
-0.0652347156677776,0.0735533920538972,0.0140015135900407,-0.0294609082406145,0.0102916366595013,0.000283780336185973,-0.0519080361898707
-0.066319584349108,0.0725860698895661,0.0169522458612167,-0.02960849148533,0.0016436297957631,-0.00847051162860173,-0.0471207897413743
-0.0593434881651987,0.0630062603855791,0.0324813018490113,-0.0303752545317568,-0.00103610735763392,-0.0185467414798513,-0.0417387128254888
-0.0486847044039368,0.0609803457492615,0.0351709602355387,-0.0291274142314203,0.00962085702578081,-0.017766668162905,-0.0394918094492435
-0.0395089445487432,0.0609066123027267,0.0336501928962818,-0.0272183012852867,0.0174728912386699,-0.0149932009037663,-0.0413049075454635
-0.0268483380685155,0.0575552954609021,0.0411101507084513,-0.0231458184987525,0.0159247196838731,-0.0214515165993277,-0.0337469659964875
-0.008789921859914,0.0504689662962096,0.0508207860759566,-0.0181128105175288,0.0206329020910015,-0.0283576845508811,-0.0236184664600485
0.0045445262132197,0.036034244079933,0.054276881220598,-0.0143651686179467,0.0232374727385831,-0.0286564036923943,-0.00970343832787757
0.012958977966839,0.0302162989106718,0.0544330069199343,-0.0115637235764476,0.0303448356417926,-0.025245008839507,0.00351466385222534
0.0317910406938943,0.0379512294717672,0.0498022815263285,-0.00647085359146818,0.0466307977344836,-0.0212495094705902,0.00549885570718124
0.0432659738472049,0.0346231034850059,0.0509867282529376,-0.00117678533410763,0.0510082251683995,-0.020536530266928,0.024470517859442
0.0527668819473662,0.031643825035728,0.0465603530350995,0.00150927662690255,0.0596961866653405,-0.0145241658631916,0.0311635196991539
0.0533443887040015,0.03010718132145,0.035036501805716,-0.00017029842189331,0.0627653686242355,-0.0133802493509224,0.0390961389424011
0.0544698436804107,0.0348598970930032,0.0215563697681767,0.000283098799222835,0.0665377536371801,-0.00944447817230168,0.0380774836810872
0.0593636102947672,0.0331283829863555,0.0114254847595837,0.00144452610305389,0.0700123415921253,-0.00664446138072239,0.0511979946082158
0.0607150201074202,0.0276743970910536,-0.000187012344844569,-0.00344670797402562,0.0736162154191835,-0.00288892606263716,0.0523888521667136
0.0598117036563495,0.0242956697205814,-0.0117219236449855,-0.00773667978818077,0.0747281203953162,-0.00296887504089321,0.051138603820739
0.0565398741633058,0.0258403917755858,-0.0307314318623704,-0.00607389329838967,0.0705661098364653,0.000565260552304024,0.0543761977214462
0.0425056405644434,0.0367988576625935,-0.0573550191183607,-0.0126774016237081,0.0642447922564015,0.000607522458277727,0.0195463320060546
0.0353438362126577,0.0372448577758753,-0.0651811218156744,-0.0178201945080513,0.064408263845257,0.00304194256294918,0.0130282496920646
0.0299092313278146,0.0337959229068125,-0.0669996845112103,-0.0182748057636315,0.0617831362503649,0.00244547189359023,0.0199806815239546
-0.070382661988455,0.0891927719417983,-0.00472054941950468,-0.02751275410563,-0.000215429925091434,0.00320712879452006,-0.0535967559762094
-0.0764373714952171,0.0883563148664491,0.00405646614019994,-0.0293578935435991,-0.00880475179927023,-0.00508528969900577,-0.0432263331409175
-0.0673178090123155,0.0862240021686096,0.0127841721932381,-0.0262398751169386,-0.0151060325307499,-0.0145797229454271,-0.0378825957473168
-0.0582724584123011,0.0827635873844377,0.0179178984384805,-0.0252629256740439,-0.00900623279464348,-0.0157657946480154,-0.036920395339514
-0.045623128061621,0.0771984520833482,0.0257723265711869,-0.0209315093591572,-0.00642658418611473,-0.0186882516543832,-0.0249045810031343
-0.0240513151826779,0.0689555767847188,0.0422825308402333,-0.0143947468116793,-0.00898925194431445,-0.0321893869261951,-0.0180780797432712
-0.0108225858373218,0.0590603321013919,0.0491409086662656,-0.0106365890493955,-0.00552241074697266,-0.0337431603661917,-0.0117255368300961
-7.90918405710254e-05,0.0443531945592494,0.0530138055914023,-0.00976632252585521,-0.00156447589146444,-0.0330711721900985,-0.0019939785104554
0.0133601379933359,0.0372863588797388,0.050762692629541,-0.00548913593683466,0.00252277247139676,-0.0316187347924195,0.00511310618689117
0.0308919207229176,0.0442438501155241,0.0501643270456207,-0.000681236057404327,0.019406074639525,-0.0286640956988983,0.00712410057518103
0.0455520165509675,0.0423592010561299,0.0476276372293436,0.00023005912375053,0.0330325611938181,-0.0231205702025361,0.00569998633440868
0.0542679951677028,0.0425366913123172,0.0360977720114203,0.00293171031173882,0.0393873792921028,-0.0193647095706754,0.00880723851065858
0.0579082114016,0.0437881448765142,0.0237305498765641,0.00171785564606425,0.0452725801039486,-0.0180246740512258,0.009327596542089
0.0640462765360199,0.0497831647801028,0.0133781545425638,0.00166261329840213,0.0543521608210275,-0.0158597079223267,0.00902769485733152
0.067132291870035,0.0474376816351041,0.00481417327715499,0.00373079107722391,0.0586017793466401,-0.0104187835620506,0.0273304312066738
0.0695852010686374,0.0420848561033485,-0.00578263528703717,-0.00190665005842138,0.0632320859428366,-0.00759011983991854,0.0294798837995453
0.0674962946932855,0.0379082044065476,-0.0202195567552821,-0.00388290861853088,0.0616291695498671,-0.00485242171297761,0.0325503806591138
0.0625800418855939,0.0429098119926789,-0.043084035676515,-0.00727772405721682,0.06072592414578,-0.00209318142532192,0.0161728724779202
0.0570007844992241,0.0440074667476723,-0.0607794809075163,-0.0116004387143869,0.0550035433016585,-0.00342505685205574,-0.00165466003929598
0.0482749768540135,0.0483117947317923,-0.0732267604370557,-0.0146672571181692,0.0561771356313745,0.000985253942159111,-0.00892896109719581
0.0447344355802841,0.0461463235355036,-0.075989731636608,-0.0151448949218931,0.0521002930899122,0.000204030431094633,-0.00797734148138212
-0.0758005767215501,0.0889008042172975,-0.0153875067409578,-0.0269595358074228,-0.0212875808323568,0.000764639001942643,-0.0443252882264309
-0.0833723397180693,0.0943850779031274,-0.0100446389123796,-0.0253073270441255,-0.0291587774748546,-0.00165241174297241,-0.0364129835032213
-0.0744132011216097,0.0955519755089853,-0.00564671114455383,-0.0239288935656911,-0.0260924461002063,-0.0062041515405925,-0.032357097919767
-0.0657217647893437,0.0920695319526266,0.00599082883054941,-0.0217309383700472,-0.0269104181464634,-0.0135075587608977,-0.0256937842521191
-0.0554659271844827,0.0915981269417342,0.0099105823615921,-0.0161475211194822,-0.0249734255290493,-0.0125618146573869,-0.0198318898635753
-0.0361456587674312,0.0824205251568387,0.0371332185467913,-0.0125302049929932,-0.0279171083672292,-0.0351848412177447,-0.00764798862883835
-0.0156588094695105,0.0757318023336817,0.04167537750372,-0.00746557216123574,-0.0208002796497903,-0.0380073625779837,-0.00422923817219396
-0.00300589336473694,0.0660711768207476,0.048628258170789,-0.00483129553155013,-0.0172831835499969,-0.0402733093013682,0.00703141887236817
0.0151039144754078,0.0574137129819498,0.0495000669704617,0.000504824422575514,-0.0116785285795167,-0.0388022056908637,0.0145701741759169
0.0310350450521612,0.0599126180185292,0.0484680331112622,0.00475175753407155,0.00457885674902513,-0.0362499254289614,0.0158649540765433
0.0468967540454097,0.0626103055462834,0.0358020764836964,0.00577908418780248,0.0162877985518708,-0.0296940624027661,0.00103324644759394
0.0558893334794318,0.0621460190255931,0.0297537249410399,0.00834450400371997,0.0200643396468072,-0.0282666370055165,0.00295451972351657
0.0614378460499168,0.0608434992944707,0.0167813412281936,0.00685637655709556,0.0285959941788188,-0.0256666667981773,0.000344068501997708
0.0690900709510089,0.0608701041514201,0.00221650765287575,0.00573179663204701,0.0374123859406446,-0.0172542597892574,-0.00613588275878654
0.0730493502301785,0.0602684117720324,-0.0104038563193231,0.00237772324507757,0.0432155875898175,-0.0141322825187645,-0.00755401682643429
0.0723603237300228,0.0606255759480844,-0.0237309074322572,-0.000216000129949168,0.0470524299777783,-0.0128934599884854,-0.00375550616533337
0.0737307865698241,0.0587791632900629,-0.0377687443824687,-0.00241262431619048,0.0487514190218529,-0.00818738072537586,-0.00459123010775321
0.0749145574042565,0.0520357512569981,-0.0527171937684687,-0.00343785493890497,0.0460622784782232,-0.00627238221016162,-0.00177639620816177
0.0685426620992976,0.0523254549731597,-0.0696619958924608,-0.00840703180597382,0.0439540522358141,-0.00610615439627199,-0.0186182197854502
0.0626210041373844,0.0527052520521697,-0.0811325061930555,-0.0135507711951112,0.0442318371610207,-0.00342778191396964,-0.0293407620447213
0.0571954873252013,0.0496557795696066,-0.0868009596392353,-0.0137507566931064,0.0396046254376741,-0.00367351871223181,-0.0233155847484567
-0.0763877573335923,0.0847787949062525,-0.0278989222615674,-0.0273448065737641,-0.035521181772769,0.00573989643844274,-0.038449191230945
-0.0864637786625541,0.0977672264079163,-0.0224189835640697,-0.0228147519888765,-0.0480740493432754,8.04129850715341e-05,-0.0249293422356679
-0.0791520801560353,0.0919011287092072,-0.00901470095582756,-0.0233840103580664,-0.0482350390445153,-0.00921812553933741,-0.0173529069514249
-0.0673241458485681,0.091594209044105,0.00719946912483068,-0.0158894204571342,-0.0516209124063702,-0.0185330418945989,-0.00596077031210295
-0.0600682348356494,0.0844268299505642,0.0174329145447834,-0.015297962230917,-0.0549963670581264,-0.0288241633963006,0.000232861399621828
-0.0456502621583936,0.0834361841841209,0.0292975696864279,-0.0129019912091316,-0.0523228173587294,-0.0405213677868481,0.00747355865016963
-0.0239398339801805,0.0763540828962961,0.0387994102921144,-0.00598895256849049,-0.0476640765368995,-0.0454416392815989,0.00940988238179017
-0.006858913637962,0.0676531453283135,0.0468321656919821,-0.00388913439060914,-0.0393182270095789,-0.0461220619685384,0.0184095808579865
0.0111403615990545,0.0635128306914308,0.0467007716583682,0.00163019651438469,-0.0295986571172791,-0.0428069489879828,0.0265820807504304
0.02575900969752,0.0614202430316815,0.0416447782821481,0.00531120459775742,-0.0167397791872464,-0.0408370118229002,0.0244271666691088
0.0419172558674505,0.060278696150363,0.0337889077435949,0.00549207366558179,-0.00786313348577211,-0.0374007563794141,0.0111892455119286
0.054494184832613,0.063007000260674,0.0184295120868243,0.0108920946642423,-0.00438045295245315,-0.0346009637072837,0.00418908343040988
0.0702948897758728,0.0675296351108786,0.0047248864281228,0.012321237599911,0.00928305874682432,-0.028593596583406,-0.00592875489610659
0.0778110717235664,0.0652188768169932,-0.00599204311510165,0.00944954269845998,0.0176309864963556,-0.0228796511607437,-0.0145806136107912
0.0741403341860628,0.0651383697057188,-0.0231471860800807,0.00254513369425753,0.0229177939908904,-0.0190936448026374,-0.0188845847621389
0.0780257569540958,0.0654182439460391,-0.0342537122886359,0.00116979941618948,0.0289193298885282,-0.0146433791785086,-0.0216923592047058
0.0786897107482354,0.0599313825788015,-0.0485769170353707,-0.00230718998214451,0.0313611862558803,-0.0100986680961018,-0.0233921090654021
0.0797530930631261,0.0559930259316676,-0.0649283737363856,-0.00588026953925643,0.0355784997204189,-0.00721241559111303,-0.0327006658463712
0.0738993092229136,0.0507130445374582,-0.0768238526887657,-0.0118536969907526,0.0360752693392254,-0.00408337438063299,-0.0391564642542851
0.0672336778524156,0.0512134160456168,-0.0881317286317766,-0.016065362057035,0.0348365038995696,-0.00103808590573527,-0.0449769093665288
0.0621743110453864,0.0473690276339867,-0.0883108625173698,-0.0156028731596472,0.0306277252681913,-0.00381481620329771,-0.0370864744335898
-0.0876998100593347,0.0866293065148672,-0.0423097994289599,-0.0265433229248854,-0.0621831113801277,0.00861765598207843,-0.0340147329477196
-0.0882213387558252,0.0936229320812954,-0.0299597524852241,-0.0210951608560447,-0.0714834834772252,7.00991592209612e-05,-0.022519793929423
-0.0843509568147959,0.0892271138484887,-0.0229608592991573,-0.0234403270193919,-0.0692869478006503,-0.0094279867495049,-0.0162495661956054
-0.0685134124211204,0.0805979629941765,0.00481370904496611,-0.017224088470716,-0.076291645774327,-0.0250112432869953,-0.00485378601322515
-0.0664255495831129,0.074766241574457,0.0144300674619655,-0.0178124815710676,-0.0731434962260324,-0.0276946182921452,0.00955920870653608
-0.0533457250920783,0.0698342532818993,0.0258305494258092,-0.0168844152849245,-0.0688798470917595,-0.0379203812051505,0.0162003534540451
-0.0306988596193686,0.064117426654781,0.0392771647103935,-0.00991720949296946,-0.0615970450703489,-0.0443920976396843,0.0257124810035788
-0.00386436315411197,0.0531987086607302,0.0525403449917453,-0.00406307900129136,-0.0476962553640081,-0.0479222675496222,0.0359688234959009
0.0218286025706138,0.0470715889965899,0.0584105698286878,0.00239926261845581,-0.0359662491478696,-0.0475513311314627,0.0389915204381654
0.0351052713727504,0.0403777475710817,0.0543028671516029,0.00475039500276833,-0.0307172948013784,-0.048253708285458,0.033929204650644
0.0457502182871318,0.0409539660322718,0.039902775704774,0.00783886043898752,-0.0275301912144713,-0.0454276250632491,0.0277397158929232
0.0548455380454426,0.0495056747207595,0.0180858393254894,0.0111881407627743,-0.0232738079421899,-0.036404637528403,0.00813341296576033
0.0636934548369082,0.0460934524894007,0.00463854059554679,0.00983091613273332,-0.0193001171623019,-0.0326990333637979,0.0003285197465435
0.0719949946690698,0.048443027551926,-0.0160056455085712,0.00871505477589544,-0.00982536564069256,-0.0235707675977869,-0.0170653717049697
0.0793778197727005,0.0485798603504522,-0.0275716127501209,0.00697401351179912,-0.00271668328815376,-0.0203419257516706,-0.0291096776971564
0.0842568261135463,0.0516040334079378,-0.0406069267451594,0.00453300602312979,0.00928741807434974,-0.0139595577946816,-0.0341798767969749
0.0845409344698267,0.0455500757736977,-0.0551466016432669,-2.53815245048672e-05,0.00819497336347889,-0.0110811666180629,-0.0396216650986336
0.0831320040641433,0.0376237247230001,-0.0666190850376293,-0.00820014734341197,0.0138625148925363,-0.00679121794731404,-0.0462970276189332
0.0805939428635775,0.0347702560556646,-0.0753811788848918,-0.0142651034166311,0.0201318857875265,-0.00454856916110227,-0.0489397970588639
0.069118374738705,0.0312302594914631,-0.0893267195146343,-0.0206968514561162,0.0193301468387923,-0.00237902935616112,-0.0558906572448363
0.0562967080182454,0.0230343927922839,-0.091494609006123,-0.0265966430708609,0.0188564153500259,-0.00106908772152849,-0.0461865550825646
-0.0862145503171868,0.0835756872451812,-0.0474560832799783,-0.0190543722777488,-0.0717477196803792,0.0325003085610782,-0.0284407203026806
-0.087350569895744,0.0825457110791357,-0.0347234060213873,-0.021609750234976,-0.0775527654005735,0.0160186996080507,-0.0170108344823901
-0.0767649603602488,0.0759756848356163,-0.0112029720049945,-0.0182001044213968,-0.0810170435860106,-0.000658347064444975,-0.00408244178563719
-0.0708988651329182,0.0671780631900704,0.00533053418546691,-0.0183770823393607,-0.083685418099479,-0.0155299767898505,0.00447732613314436
-0.0624352861377668,0.059787784261187,0.020067481520089,-0.0164888899231823,-0.0867551214845454,-0.0259153472998533,0.0152769516407761
-0.0479933658098991,0.0558038442661899,0.0320018206935172,-0.0148449612985581,-0.0801235514043722,-0.0313258503673522,0.0276981266710282
-0.0282411139363203,0.044320599730749,0.0435822204869928,-0.0128167215479597,-0.0694724191202643,-0.0364787738848273,0.0336316553664726
0.00299099872034122,0.0333280025376813,0.0625810310923748,-0.00236000454104318,-0.0565401722339098,-0.0399510068992857,0.0462855073256219
0.023445602693565,0.0252199221647166,0.0682831865221174,0.00492587608219051,-0.0521987807207654,-0.0429622753430762,0.0550988370323693
0.0404725365687517,0.0222159169242547,0.0547777017790616,0.00811964916601315,-0.0479414237851622,-0.0433314711610308,0.0392454742329019
0.0462670290285133,0.0235284285321938,0.0379771361424274,0.00822938645850744,-0.0452448463124148,-0.0402337627311037,0.0260868012740259
0.0605001306953794,0.0261005396466414,0.026096911087431,0.012203253763163,-0.0394310378188624,-0.0367519009167433,0.018075916483436
0.0612020556344915,0.0258713673862186,0.00297829039329496,0.00515816033405411,-0.0317740653829322,-0.0320859390584127,0.00552051841174594
0.0743950416847068,0.023847662269424,-0.00810955449811199,0.00576560414048318,-0.0248019217491852,-0.0261827834345426,-0.0142981591923229
0.0784087785671387,0.030094262128498,-0.0282904937601211,0.00620223183136091,-0.0237967335660255,-0.0241790855529131,-0.0275843274317315
0.0855856686986759,0.0328840656512456,-0.0479394078623505,0.00565727041224476,-0.0162648203863349,-0.0176012065062557,-0.042352924746079
0.089769022847192,0.034063569593424,-0.0597359019618301,0.00517959344405755,-0.015664411992836,-0.0143771221706512,-0.0497479958016865
0.0864207501980295,0.0276564412110875,-0.0701939350100004,-0.00423042191723057,-0.0110998359268544,-0.0113255286970631,-0.0615555654502684
0.0755979369299426,0.0180690780962125,-0.079086708777942,-0.0173083193605667,-0.00276470935522267,-0.00882255459358041,-0.0584791521749866
0.0646402923226625,0.0147980775662817,-0.0924505059114675,-0.023840382403833,0.00244070162117642,-0.00311921978495726,-0.0621308885643996
0.0503107795530159,0.010107700147184,-0.0969811140453996,-0.0293721110662704,0.00066594599987417,-0.00199386125721959,-0.0526923601555548
-0.0819281885487088,0.0748559937508021,-0.0376590926452983,-0.0115505030298591,-0.0773716546583265,0.0577817019521422,-0.0172251003663067
-0.0789058930805957,0.0716679204817416,-0.0255239814951145,-0.0139556023060744,-0.0847023090723458,0.0336402964647118,-0.00874198030899813
-0.0606832303530509,0.0637907355486254,-0.00841268873253705,-0.0121648354697801,-0.0759411921710329,0.0238169799182958,0.000223604387396894
-0.0567346321965893,0.0565473752534636,0.008760925198864,-0.0123325131251098,-0.0801286622293655,0.0071533825073066,0.0125495088277907
-0.0486461842946856,0.0493159476705961,0.0255643832338999,-0.011689680839888,-0.0801989649714897,-0.0022080230994609,0.0282147207413458
-0.0363737486702697,0.0450641342176478,0.0357844839640714,-0.00890109280900855,-0.0744963666316109,-0.0086024361497841,0.0371021051844846
-0.0226410475859342,0.0325716149240818,0.0514518951992615,-0.00726414808017995,-0.0748927299250545,-0.0215248344789633,0.0478508266509275
0.0120737751829521,0.0170285560662304,0.0761574871518979,0.00126405256434014,-0.0578804759393432,-0.0294909016439689,0.066385020243377
0.0392348411528811,0.00544148573728834,0.0836808490933285,0.00849453695036945,-0.0501514890362451,-0.0329029205150269,0.0661529629339094
0.0535193560277684,0.00258075940998485,0.072762820084181,0.012739386951709,-0.0515005249812726,-0.0361565602024581,0.0562201246299463
0.0563869269882629,0.0041194905376996,0.0574921489527055,0.0108645141772467,-0.0516809752706889,-0.0371625418662986,0.0474118841055426
0.0537213335179858,0.00170379494057038,0.0358228571343,0.00491286348717299,-0.048264335933218,-0.0304916685419797,0.0327638606236928
0.0570631735593763,-0.000735211918252017,0.0147403802403604,0.00101236018975378,-0.0439074375284701,-0.0263680618112487,0.0198557116295914
0.06011047576702,-0.00184973752713108,0.000231206648566609,-0.00246330885367624,-0.0434677883878141,-0.0288515801023246,0.00917717021811782
0.0714183660252037,0.00164290137885324,-0.017328832719592,-0.00136468328814714,-0.0392889500948435,-0.0254948409186544,-0.00673701121934324
0.0727928701846499,0.00879407156848133,-0.0389757214164784,-0.00242779335314804,-0.0377198511702532,-0.0220629071861975,-0.027109504704095
0.0802707834507884,0.0189107254029034,-0.0647457080694743,0.000892052216011035,-0.0389397259366945,-0.0194025218144796,-0.0464897597878291
0.0820207511636032,0.015829444890856,-0.0768960984308918,-0.00663960796536018,-0.0292976117013963,-0.0140779342769184,-0.0629186648646208
0.0651068010863169,0.00463400533794741,-0.0833260385408155,-0.0200121177358235,-0.0243642923549554,-0.0113894985869471,-0.0561149480967481
0.0617768765832374,-0.00221862697308116,-0.0963596193380051,-0.0271224024962787,-0.0200163287249711,-0.00517366461687907,-0.0723061429173294
0.0452311920331167,-0.00808077917697262,-0.0957771336773315,-0.0345994776530799,-0.0166033174911867,-0.00383238063020715,-0.0563891634025414
-0.0663867968255012,0.0656549589186695,-0.0403355517284592,-0.00907705171200732,-0.0590439056335254,0.106185738223604,-0.0189511356556389
-0.0603236637830743,0.0636069843692052,-0.0275564080995941,-0.0073830408522526,-0.0636791349417221,0.082947358637098,-0.00758871438890582
-0.0468859962241115,0.0512159761089906,0.000170747528776042,-0.00859188031129315,-0.0602087982709556,0.0699452405694732,0.00588913597248943
-0.0386155179807624,0.0470671788454493,0.0116895159535522,-0.00560531705542727,-0.0650985505894196,0.0494188102177618,0.0100809270589359
-0.0222182018123528,0.0389375084787184,0.0335498668109445,0.00130772223829607,-0.0639247812478969,0.0426929288550322,0.0277973797737877
-0.00925931785898377,0.0348516273596002,0.0468891691879149,0.0063659281773072,-0.0617962567723106,0.037639756226526,0.0382543113350747
-0.00875981883824177,0.024905483947332,0.0594214363152274,4.07104694542877e-05,-0.0720236873731443,-0.0063109478024331,0.0533630940975861
0.0185152689444397,0.00686502841577811,0.074640348601736,0.00250978142755993,-0.0602030936270182,-0.0164457213996947,0.0646725793724751
0.0349105368132383,-0.0046862986962755,0.0776502557729599,0.0051447469514114,-0.060699225646287,-0.0267035851077546,0.0639136000880691
0.0543904997161016,-0.0138086079767875,0.0790955330035628,0.00929743584384821,-0.0540448001864714,-0.0229695710141868,0.0622659319144737
0.0557435567771482,-0.0158417086526456,0.0674781880950446,0.00527031558740428,-0.0524083271289395,-0.0224697375277602,0.0554353829237555
0.0526185569560731,-0.0260937372767131,0.0480379646427651,-0.00159888200323138,-0.0543277774183243,-0.0241012305232639,0.0471572015129293
0.050011000921506,-0.0277005346192209,0.0254489180869515,-0.00635589777617602,-0.0596039139423544,-0.0294397403778737,0.0311934000808135
0.051456363947692,-0.0298219190817452,0.0083369698242182,-0.00975181646686492,-0.0564195379970175,-0.0307037561890262,0.0243601865302104
0.0612285382643138,-0.033490056556169,-0.00584876592834904,-0.0125834996568141,-0.053654778109941,-0.031657439986311,0.00233117354919635
0.0591306956279756,-0.0182494405926153,-0.0293177596061661,-0.0155650240230237,-0.051504016531996,-0.0285465232982871,-0.0128948468998618
0.0582956227374416,-0.00696176804395172,-0.062024932502629,-0.0156498263859543,-0.0574459857664845,-0.0270483718382851,-0.0340912253134344
0.0702766341790327,-0.00465658725511251,-0.079183978428592,-0.0149446300860474,-0.047889608484848,-0.0163296766256512,-0.0581640527740637
0.0663614447627211,-0.00931813788792873,-0.0848335554672606,-0.0188015356092731,-0.0423264842318223,-0.0142040977301,-0.0584949962730148
0.0570358322933872,-0.0214766654577829,-0.0924745799483849,-0.0305216132817282,-0.0374114654620571,-0.00829611967305862,-0.0707729281958553
0.0392979674868815,-0.0237711060000399,-0.0995435232562371,-0.0378896778575044,-0.0340961041652691,-0.0032590589406817,-0.0645424339768218
-0.063284941600031,0.0585649257120916,-0.0514834366875221,-0.012697547947947,-0.0426534044579204,0.145531675260658,-0.0226005572184059
-0.0421753976074464,0.056976651545409,-0.0301075345129126,-0.00325976865883878,-0.0326289502646948,0.151988508152481,-0.0087771014582781
-0.0221416881572248,0.0366796199754921,0.007051650572001,-0.0027583608061863,-0.0245522942853164,0.140597806201157,0.00535904192415495
-0.0107559797603153,0.0329620405410586,0.0165277811508483,0.00191818322356729,-0.0283937688490485,0.122826373402881,0.0101107719153762
0.00164499137686199,0.0240970491522523,0.0393759537194663,0.00842992038180417,-0.0368795937989567,0.102903169523298,0.023986244258002
0.0069661995824729,0.0239443069198881,0.0459684763637356,0.00921588076768391,-0.0460972859286934,0.0710996850207829,0.0328348948308556
0.0142191149257873,0.0125077968702608,0.062432723626653,0.00607611224188411,-0.0516316938647868,0.0422642681394105,0.0451874659307958
0.033333437123842,-0.0118086483677017,0.0818261653116937,0.00430159714722117,-0.0430624957252225,0.030609375560515,0.0622324398601552
0.0339570891135213,-0.0196367537370592,0.081572321472178,-6.66728445274972e-05,-0.0579671750232258,-0.0077553290814995,0.068283428837491
0.0393496158898884,-0.0329490735784256,0.0810574594354336,-0.00505564186058434,-0.0582362175397232,-0.0188714131281089,0.0720205722209755
0.0404503243458984,-0.0401136619396279,0.0690943134741442,-0.0107343427828317,-0.0591939157259311,-0.0233531530303448,0.0655249953478169
0.0467533163586399,-0.047088836732423,0.0525049078205867,-0.0104541597634124,-0.0573973992366631,-0.0153501244190449,0.0540226934370489
0.0421684797559656,-0.0490407826194289,0.0308990105635658,-0.0151050103121888,-0.0654938046833915,-0.0258243885247765,0.0374615300881452
0.041242935754185,-0.0573723510381949,0.0192206344523607,-0.0214940835587553,-0.064953012343477,-0.0299178190704065,0.0371182320064853
0.0340484991255874,-0.0572874263408951,0.000525794065397542,-0.0305776809043861,-0.0704520257187883,-0.0420796952017681,0.0294336423909899
0.0240896715120012,-0.0438566941446335,-0.0347002054576524,-0.0389964921448804,-0.0681078561249546,-0.0322428694334658,-0.00247483046823235
0.0325601184286774,-0.0358149409094358,-0.0563178173321066,-0.0389348737312353,-0.0669787673651896,-0.0304914357175687,-0.0174421172760626
0.046845640649934,-0.0271388386564072,-0.0774550100412817,-0.033301331491636,-0.0608430459205402,-0.0223245139873663,-0.0445183478688297
0.0493364507200301,-0.0302916607222314,-0.0861965986141294,-0.0347728986017253,-0.0579395543594812,-0.0189906213610805,-0.0573623331937356
0.0467375837411666,-0.0429876563013405,-0.100636778477363,-0.0436085407972333,-0.0521820228381137,-0.0106341277531434,-0.0827520102895501
0.0418833056010648,-0.0481942688283473,-0.095379299541155,-0.0465856682448184,-0.0480837968944457,-0.00844632954759331,-0.081196033917082
-0.0315126623725802,0.029555780023825,-0.0416594784258562,-0.0122681378598909,-0.00455294134910066,0.203079613895451,-0.0258680388309374
-0.0317737495452445,0.0369161853703812,-0.0328360887855557,-0.0096153048030797,-0.0132446616603794,0.181427833003907,-0.0169652341958553
-0.0115396160573241,0.0241160782201929,-0.00206342959991611,-0.00532004504639085,-0.0117436767099638,0.167416788740536,-0.0032388569238322
0.00442498778848005,0.0145039266399608,0.0223543113982665,-0.000202897955941136,-0.0104904836967618,0.16082324650576,0.00837297107784574
0.0166389713512951,0.0106994983457694,0.037997657975501,0.00795305981303266,-0.0148341143763762,0.148086700707924,0.0213620438486732
0.0264407240828539,0.00507817674317344,0.0457432023075322,0.00935283182833677,-0.0170852240802322,0.128769105900802,0.0316633001296757
0.026106194734223,-0.00627136140342856,0.062734811730621,0.00759969191758335,-0.0352779863563998,0.0943532549833867,0.041599512652958
0.0218082656370398,-0.0198291085625125,0.0678546058395746,-0.00486113587861355,-0.0488255369781368,0.04135630081979,0.0546138449917968
0.0232998285039589,-0.0335621522362056,0.0711200710836362,-0.0119978369231473,-0.0603843180972341,0.00803615469997937,0.0608942598122474
0.027921638614274,-0.0495986156921693,0.0696141312006977,-0.0171984428322056,-0.0597354374354772,0.0010215707943781,0.0642018130504486
0.0304531558706518,-0.0577599542487937,0.060006156084519,-0.0214843709418314,-0.0599494991523481,-0.00144690749622579,0.058561446164442
0.0414431133731961,-0.0676778904201372,0.0564918876962804,-0.0192392674727928,-0.0611198211448367,-0.00848669302806012,0.0530812625289603
0.0367594899926087,-0.0748831736403143,0.0364070709483545,-0.0275682290459579,-0.0686052188815004,-0.0244046972812769,0.0444150360937376
0.0291969289192222,-0.0783671763811589,0.0202822376354367,-0.0351421737484839,-0.0722527733597848,-0.0293353226952233,0.044136997869902
0.0240855438961978,-0.0840177186598274,0.0118146664292894,-0.0439137928687705,-0.0790123775316219,-0.0485344168473291,0.0444073815109126
0.00789728226154083,-0.0698969151551779,-0.024825364490605,-0.0554551430592182,-0.0813634952469801,-0.0400626204120604,0.0195913210772525
0.00807548901661172,-0.0617821193831953,-0.0482344442019644,-0.055640459638996,-0.0845684504317354,-0.0386612768913793,-0.000838196338143644
0.0241448871969473,-0.0512766276093899,-0.0723257105794715,-0.0506763891315829,-0.074337396455095,-0.0266803128835656,-0.0298743210969507
0.0358798536765382,-0.0506964997276528,-0.0887731848277486,-0.0472761930790417,-0.0671756173023383,-0.0176794021717496,-0.0593480733026056
0.0410457853761364,-0.0628863021931288,-0.0987031745617964,-0.0538725398459973,-0.0612624366734145,-0.0109488604453354,-0.0869106122946923
0.0419523550095907,-0.071703475045588,-0.0931709601401688,-0.0554675240273172,-0.0547002949985581,-0.00820254611008276,-0.0810491942694047
-0.00909023047574949,0.0178597114556189,-0.0452900634066618,-0.0104659024426109,0.0169019970446255,0.228284317148148,-0.0342801258606259
-0.00207711982210214,0.010580153737069,-0.0258619352733841,-0.00940020838232456,0.0143539443593326,0.210462993347051,-0.0139992979198253
0.0109291567051642,0.00373026777564702,0.0018881051026299,-0.00397196696235532,0.00941600863260365,0.19597419195143,-0.004320246108082
0.0160155180660717,0.00114239361433322,0.0106259290702351,-0.00181427442117806,0.00726719078776729,0.189957086297408,-0.00277708664320012
0.013159403046941,-0.0099875874169287,0.0268187507764158,-0.00368009620864811,-0.0186423542806069,0.141491774307256,0.0164294912460292
0.0161636962639422,-0.0190095734446966,0.0409754560950718,-0.00407979033497325,-0.0233240104462022,0.122887381886043,0.0298952424689743
0.0378340770902763,-0.0236239514083973,0.0592216112464935,0.00453777748727335,-0.0235571888208978,0.117904462256289,0.0335202282527175
0.0334094988249631,-0.0366683747328553,0.0620134981233108,-0.00474979852002916,-0.0330675464832696,0.0963526356468948,0.0425289280806054
0.0307125396826131,-0.0452097892482988,0.0588951520651661,-0.0105741392171501,-0.039823654768512,0.0773581829544502,0.0419457382844182
0.0321623711041258,-0.0604612454529516,0.0576492046620398,-0.0195672931901484,-0.0486137427847065,0.0481657059114035,0.0451112784505075
0.0337897566446161,-0.0685113297109164,0.0473685610702527,-0.023199371137148,-0.0544577290963677,0.0390400979339264,0.0457131466384004
0.0343755495772515,-0.0801206359456062,0.0441427933937583,-0.0311167557683143,-0.0657001723181069,-0.00041609571649188,0.0482082791480743
0.0271558411132085,-0.0939786073723324,0.0269060034384364,-0.0415738951620863,-0.07294049054958,-0.0150796714405003,0.0382590103406315
0.0271441262322901,-0.0927448272403254,0.0210308805495462,-0.0431565055173137,-0.0710628625862985,-0.0209720043251723,0.0484508936328732
0.00779129564116474,-0.090124979203903,-0.000521854767805889,-0.0570138551768948,-0.083188129179528,-0.03569216278769,0.0376546604359598
0.00436016326127891,-0.0775666620132819,-0.0183805194502997,-0.0600636901541728,-0.0837054135817048,-0.0345575538968234,0.0297991633301955
0.00160539518901228,-0.0744396767112884,-0.0420708924762538,-0.0644806442101681,-0.0903499211833744,-0.0380058229694612,0.00729393833601943
0.00909565596540235,-0.0721305915918356,-0.0573842760956629,-0.0636617510394584,-0.084178720951486,-0.0312097850596446,-0.0153516210157102
0.0150411399749995,-0.0751795248583462,-0.0743885919235619,-0.0636281841854549,-0.0818745119714778,-0.0282098285175508,-0.0372201012928232
0.0313793375824433,-0.0866139154410119,-0.0891590563622762,-0.0643317352340967,-0.069443934605941,-0.016489077224116,-0.0757285793788758
0.0329281595630783,-0.0888088358737631,-0.0944997012667053,-0.0637275077692114,-0.0644089190015182,-0.00886757693590385,-0.0817680067967735
0.0143090648705414,0.00647732237655605,-0.0375810674759181,-0.00648639050348493,0.0334783252802335,0.24082615143459,-0.0321472515506704
0.017949677094124,0.000868696543009055,-0.0247058899146747,-0.0049246103530398,0.0289591194035271,0.228949461976244,-0.0192344471148725
0.0211470912556426,-0.00389130036589712,-0.0120758062997237,-0.00351085831181814,0.0234330460165969,0.221464909975838,-0.011551939490499
0.019676420330984,-0.0140652058503821,-0.000366340237740866,-0.00860197552027439,0.0133413511013976,0.198177958859106,-0.00519076471150754
0.0216019624015456,-0.0245856936997678,0.0220955828895758,-0.0042266693237435,-0.00382502872684018,0.172999276203746,0.0126308142347676
0.0256456156173751,-0.0370695091547438,0.0359652603077982,-0.00586556791063367,-0.00668548403294533,0.15453779882955,0.0279002025860623
0.030424387922088,-0.0416718450600348,0.0492296381300117,-0.00569536500227543,-0.0229785661829299,0.118288317289617,0.0378750791006473
0.034021123878111,-0.0506280521150232,0.0533899208650125,-0.0107476329067601,-0.0260682595264073,0.110190409134541,0.0387106366028075
0.0483294056288155,-0.0701461244954329,0.0582486455227352,-0.0153161614776814,-0.0239619030910249,0.106886919674727,0.0362593062061203
0.0496329232980221,-0.0785069544465868,0.0582511209575329,-0.0195012557060179,-0.0334520258509457,0.084053569785695,0.041875169338132
0.0562308551817408,-0.0834440168713132,0.0489376610302263,-0.0211342431013805,-0.0356471379266634,0.0804755070573823,0.0335901764640022
0.0499541041885705,-0.0890246443421853,0.0407056685522828,-0.0251599161302613,-0.0436130192381328,0.0715162800460586,0.0292460926024569
0.0278656626318899,-0.0971502944195734,0.0179080886980722,-0.0417593693755036,-0.0630107437632196,0.0270378278869546,0.029387642148276
0.0199179805970657,-0.0876465947701816,0.00405237497299987,-0.046448900346226,-0.0757719818004772,-0.00396294971570919,0.0345626488890696
0.0215247756677799,-0.0867465361985295,0.00474576822696392,-0.0507562441358353,-0.0793737488574448,-0.0259441080616065,0.0432581870633595
0.0151245786990891,-0.0775490784964712,-0.0151840775834885,-0.0560944038763778,-0.0817240757023821,-0.0255404468291137,0.0294514037094309
0.0114237902134313,-0.0722347470885891,-0.0311910043101165,-0.0594050096942617,-0.0854363717619595,-0.0273637202914001,0.0192289295482997
0.0123905364029739,-0.0721493304751073,-0.0485728868507166,-0.0596534075370387,-0.0856942165488051,-0.0266354595025417,-0.000944203377508971
0.0145130902786473,-0.077145265869648,-0.0628186208820398,-0.0630285204429237,-0.0811183426063646,-0.0246572364464026,-0.0265614019020925
0.0189403504996184,-0.0896003977698707,-0.0767778987434776,-0.0677374563582149,-0.074006436238011,-0.0171376061535614,-0.0595411947300278
0.02569297349423,-0.0958528301100234,-0.0817129413484829,-0.0685546352215518,-0.0692900731962491,-0.0140811506131091,-0.0691660082641209
