0.0084562844732054,-0.0431032947060164,0.0123733569510138,0.0383921179718633,0.0127277776243633,0.686439484403821,0.0287300279723047,0.0485682031562122,0.00746719654076459,-0.0415693852377263,-0.0175161235931701,0.0653357263805822
0.0505733113790003,0.0714463762613019,-0.0220019136225785,0.0119642118278812,-0.0716003131017541,0.509135833504046,-0.0391148468287262,0.0139614076536534,0.0551493576402179,0.139693008471964,0.0231781559926241,-0.0167483887295134
0.06354137947162,0.125711527728896,-0.0558797462979276,-0.0360119288636485,-0.0949058791440728,0.168034268604507,-0.0443555941553171,-0.00663764112322318,0.0555336761632506,0.421272680266995,0.0577802097894814,-0.0606719374571553
0.0161848635593958,0.0409364289787039,-0.0170412321804838,-0.0291826241344491,0.0160668830220436,-0.00213990484227667,0.003022798806939,0.00374799321867493,0.0166424614101479,0.496587145710542,0.0499381697190367,-0.00318303234052054
-0.0588867772127976,-0.0427241896414033,0.0223169551535241,0.0107343076090831,0.235355867515319,-0.0576539317095486,0.0149735713861956,0.0139854185857922,0.0146094467281393,0.428438386444867,0.0251159391487612,0.0644758500006981
-0.0143050928620682,-0.0317201690359133,0.013086432745511,0.00814922075801652,0.464054273901667,-0.0264480932711874,0.0187173260360128,0.024741711711125,0.0122961016754003,0.19042887712738,0.0118516143558791,0.0722953142958376
0.0891492205259324,0.0314683651432112,-0.0754886766473349,-0.0419811152800065,0.6268845899595,-0.00350463800260279,0.0298151827417275,0.042351243703268,-0.00686847665745541,-0.0190265343162462,0.0273874984266789,0.00618026548355932
0.0303295724407516,0.047785248130219,-0.0250436543757147,-0.167049741396061,-0.0260940173578203,0.256513267064533,0.328047678245168,0.0400098787731572,0.00629328362258677,-0.242329942521587,0.0681113485409548,0.102139098031665
0.122950517078746,0.186533519391382,-0.0786447890067044,-0.202844840861519,-0.129860545144085,0.0781380236465562,0.213748164400974,0.0457618746338357,0.0719087323186706,-0.0857336815535896,0.0802172544415659,0.0515143552839565
0.196850405808947,0.219625900577724,-0.0218303920465371,-0.215448374661036,-0.204570481295852,-0.10130536978329,0.0936550038143798,0.0801577468658255,0.0511809772880845,0.101658324712898,0.0692101168027778,0.0525720015910574
0.122949537193128,0.12154222050669,0.14868247910856,-0.167764954182934,-0.194902671778482,-0.170450670483699,0.0448274737114873,0.100316757905868,0.0398359187874116,0.17227675732086,0.0445552414749175,0.124072469007019
0.00199807024526019,0.0407069387216836,0.331912828681338,-0.116012703941819,-0.0670687605018371,-0.122467450049499,0.0199318755101769,0.0600543066862765,0.0494201972061242,0.0996546334039126,0.0127313645317989,0.183209616207994
-0.00383474244250507,0.077751825161011,0.331190472594084,-0.0684724638661726,0.14763417580804,-0.0507855168490502,-0.00432652729667731,0.0384088855072495,0.0676302659197719,-0.0893226563666723,0.017726361368738,0.104996061681375
0.0777191210338828,0.175497496268671,0.20838482171498,-0.108141049810703,0.331970200804962,-0.0362296776739146,-0.00771333068080694,0.0357160083349869,0.0659628237570591,-0.253606015884042,0.0388569586278274,-0.0203101172579384
-0.137413478166898,0.0070284634199208,-0.150444543562637,0.10862062545708,0.0273138759031867,-0.0119401500922555,0.451643941480321,-0.00132655680989871,0.0257349756517,-0.144585364007736,0.0820100913131077,0.0465533012877158
0.0264671558448775,0.140652839756972,-0.233000955583823,0.132725386967728,-0.0302095169471228,-0.123453366161916,0.260599973042351,0.0567877507447294,0.0837364410306688,-0.0711025807468619,0.0708599404835409,0.0231661219642756
0.220286128715072,0.120946516938335,-0.21037611475163,0.155879424059976,-0.0772163082890364,-0.166700820128216,0.051146999741902,0.157640282235313,0.0624711407555268,-0.0224968519273123,0.0445676475821011,0.0748236293942978
0.239776841237748,-0.0490728515082576,0.0306137971383842,0.144546861048214,-0.121209822640553,-0.130154839474502,0.00570617174801676,0.200298266094665,-0.0106882638516134,-0.02286216699832,0.0201408310999267,0.179435430996851
0.0591478213078539,-0.117778060459325,0.324281790405339,0.180057148677469,-0.132470641746825,-0.033468435838733,-0.00263485609153953,0.115369034783118,0.0022544508154541,-0.0266030696674367,0.0110265941012441,0.133990390072777
-0.0205552811917902,0.0295217617858296,0.380816796817167,0.214142475649699,-0.0631601814623223,0.0162372704297591,-0.0238540688001577,0.0240666793358328,0.0628194246080968,-0.092708029739309,0.0376381405254104,-0.0736106348770486
0.023349477887874,0.214582819634659,0.26614575794813,0.119431319088501,0.0574519814047664,-0.00801493272197154,-0.044118120678028,-0.0182980379744022,0.0951529127319795,-0.177477960386733,0.0754057279644722,-0.271044054354173
-0.426501499420044,0.00117518733610603,-0.101976145121968,0.136058214794684,-0.0104035805852398,-0.0662123399829475,0.214118124197657,0.00702767071536361,0.0799671946638505,0.00639801152013702,0.0521948747430737,0.0117567114294551
-0.227319526776688,0.106129128982133,-0.225569509946761,0.202595692760741,-0.00176990103374885,-0.0891146383420075,-0.0265830013505023,0.0635052732481083,0.156135703672216,-0.0037079457087936,0.0330313760237712,0.0158156583762504
0.0705680595519684,-0.0229609983485625,-0.259996212588119,0.215391563914916,0.0182571218921771,-0.0438056165700396,-0.210227637743107,0.173546139568185,0.110383186529668,-0.0639478044774397,0.0204687902891706,0.0930388553681581
0.138153197541555,-0.25808650749687,-0.0938390311926342,0.172169518110554,-0.00577064450605505,-0.00879654112935235,-0.142608891865502,0.186436967643072,0.023883934904612,-0.0703890962308234,0.0288171829803387,0.141289211435488
0.020288584698167,-0.402252077082722,0.110844219340364,0.173862334019167,-0.0562676948913716,0.0385598835982091,0.0164221476736939,0.0658178430343366,-0.00452594553759908,0.00325033969172635,0.0812645237422593,-0.00561080786416157
-0.0376292080215961,-0.173110676595544,0.126058332132851,0.18260814278074,-0.0946792228756265,0.0182850888771833,0.023536698146966,0.023165599718818,0.0269544117635309,0.0545776114750871,0.0820126870166807,-0.32983812730904
0.00666717879695381,0.0672014280330166,0.0335713275859543,0.0948487896296423,-0.0203194950137674,-0.0273876035924785,-0.0251159063067407,0.0349727803632068,0.0401002338806215,8.59999263098906e-05,0.0639458509319704,-0.509095155775354
-0.523249869440151,-0.00243812287823245,0.0556596602510745,-0.0764726889237432,-0.0816019115831137,-0.042245849237075,0.0117214813969826,0.055165421623034,-0.0366705145205944,0.0292684737864246,0.016292357570115,0.0413550012098821
-0.348707119247849,0.119774531544207,-0.0457355000477924,-0.0491011142584626,-0.0635635395307633,-0.00131632713817049,-0.275002896892767,0.0619497979676666,0.105591565415112,-0.0437833618852144,0.0179702772925464,0.0433035180844033
-0.0676789775863306,0.0504293149225888,-0.146665432655869,-0.0522833177545699,-0.0196031091866094,0.0169153530914558,-0.399332643902512,0.0641821157387296,0.145661239475369,-0.109827213597152,0.0479385843536113,0.0693970002228564
0.0663947720222096,-0.256362589124256,-0.0939903531454164,-0.103933548282267,0.0139960611218382,0.00982883815437687,-0.198281565349059,0.0264124590286124,0.0663187802953685,-0.118445771373805,0.0866663678241749,0.104550003931034
0.0302685283339497,-0.42064217688409,-0.0449440803330242,-0.156842332981063,0.00380205632035494,-0.0317668934444044,0.0348747821662246,-0.0142676393814156,0.0187808686272556,-0.0254189523352585,0.0786947252744015,-0.032440588265516
0.0308572846586051,-0.2111191711082,-0.0584198127150933,-0.133712436381331,-0.0448097849293491,-0.0555331086866089,0.0603976983438654,0.0160146741752809,0.00527893901600815,0.027915683364417,0.00454073538634674,-0.313406295657131
0.0765178518963151,2.83148621845787e-05,-0.115395500714376,-0.16276123981054,-0.0120550884485122,-0.06838065287245,0.00753282840998699,0.0976335949764725,-0.0163258501129797,-0.0091815458937342,-0.0970639647608348,-0.443363429131919
-0.239590295661122,-0.0240505055625206,0.0560442505138096,-0.185359815370415,-0.0473693867479927,-0.0146086489836373,-0.014539917024404,0.110836539339198,-0.378468863735909,-0.029780318940327,-0.00437480864607716,0.0675222973661829
-0.117656210415109,0.0998106557425451,-0.00299941638102235,-0.168967787618228,-0.0603311358789483,-0.0052347196726951,-0.192365493038508,-0.00216977994786243,-0.208334475263746,-0.0707432923511364,0.0670679750109247,0.0259543973008833
0.0213499377847483,0.116575792420017,-0.0792408323688137,-0.134778990243859,-0.0371912578968916,0.00321822748300261,-0.269172034682049,-0.156703117102743,-0.0271856033896322,-0.108079523188439,0.119843418920133,0.00452678855367605
0.0392436942720399,-0.102021341344907,-0.0362365551785798,-0.201562757493328,-0.0173402553680865,-0.0351573691285073,-0.0821111950780532,-0.299008494813025,0.0886142489381591,-0.102212755632367,0.126151610528087,0.0773004665009294
0.0133306826662188,-0.25771072832369,-0.0230382476186534,-0.228963197830886,-0.0244304895228783,-0.081865528613772,0.0945444212246496,-0.275077919199197,0.0947532774017474,-0.013954296314839,0.011999120699576,0.0320480735236103
0.028392991048397,-0.115754802873442,-0.0464731833617341,-0.205521729822653,-0.0297626449238799,-0.064022056980864,0.0553092784270294,-0.0390342268291838,0.0471551212723433,-0.0207633657285328,-0.272379788548422,-0.0636849380509384
0.0506770097339969,0.0116611926843454,-0.0742228519979986,-0.157862192974481,0.00629845744040749,-0.0201702714981264,-0.0345493969752182,0.133828238871765,-0.0107210954240894,-0.0664211641874156,-0.442541259546611,-0.120599874461593
0.0307705895403937,-0.034212255677298,-0.0364212541292474,0.0712443066024984,0.0213103192269769,-0.0264061532752268,0.0718628560892473,0.0766529771730236,-0.632701477252878,-0.00589399023205921,-0.0192180399563797,0.032679411104202
0.0812977794766187,0.0801760639492309,-0.0536610094131092,0.122051107396976,-0.00908878225701546,-0.0183521867160892,-0.0404678189625416,-0.0960696401959341,-0.4547343081387,-0.0114934606983541,0.0596883713271986,-0.0213978643539047
0.118359499382402,0.158484641907493,-0.0731556207722484,0.167558946738532,-0.0228890594922052,-0.0105679851169507,-0.116423947771059,-0.323880627705191,-0.193791552938283,-0.0239896785073863,0.100955640019448,-0.040126220458901
0.0702951500568652,0.0485390132065386,-0.0278209882020111,0.147291673072127,-0.0207422442398754,-0.0261148746308761,-0.0190921625478288,-0.466945667757707,-0.00704458048386946,-0.0100987144228926,0.070203705137637,0.0283673499315056
-0.0110133524435135,-0.0425881392176074,0.0388237172553718,0.135555071357647,-0.0364928537097607,-0.0417718158227686,0.0727483060060329,-0.42574313568499,0.0844855534060402,0.0343797342042002,-0.151406930406458,0.103322468795377
-0.0175430950179334,0.0294068792410625,0.0414364302011025,0.11061311146244,-0.0477548953022809,-0.0142548933962688,0.0413353146447891,-0.21601112611591,0.0656334741350098,0.0160692684873803,-0.414259811805434,0.0818336768313082
0.00872202624169655,0.0665782646321779,-0.00268987057871784,0.114541374987999,-0.00561752461186776,0.0364983330565279,-0.0569782713439782,0.0420820675262284,-0.0177365107406195,-0.0243984448555584,-0.619296654098921,0.0663109446999438
