-0.112818199105001,0.0168685691495161,-0.0201713683640292,0.0551391997636848,-0.00298544054094276,0.0161443211327752
-0.123897476181911,0.0129553008449138,-0.008964140488484,0.0460130029864947,-0.000611636245089215,0.00498554421768198
-0.126098379202286,0.0107402484860311,-0.00718101440204549,0.042067424714475,0.000960490869954178,0.00496285801752436
-0.125228539415032,0.00974462491547435,-0.00713777330480888,0.0400600738045346,0.00234866093935357,0.00720353014611429
-0.130218004111616,0.00794786134665335,-0.00444713407994075,0.0430283013435812,0.000319307625266995,0.00286800964800823
-0.126961790588272,0.00909515155171359,-0.0028201409054922,0.0425666077218178,0.00102947544564758,0.00483367240749465
-0.132545396369948,0.00842006847760881,-0.00327380588140288,0.0439921915206116,0.000855719571322608,0.0027715379131977
-0.128336657051363,0.00842922987057954,-0.00410430350947899,0.0417052111438089,0.000253671998474819,0.00474648437885532
-0.126255310993666,0.0101787976642264,-0.00340165807755613,0.0351198690084709,-3.12991280116528e-05,0.00520230595453932
-0.133943284786091,0.0115267456757295,-0.00518563464055757,0.0328731153113441,-0.00153165255843408,0.00336830908927592
-0.136299132380853,0.011596677425679,-0.00155306547740485,0.0287387435390473,-0.00120252289491439,0.00131152196877246
-0.127068326168211,0.010437919064507,0.00184589872970485,0.0266440839563009,0.00191249467822027,0.00465091611141151
-0.124553191381997,0.0114231288024921,-0.00126243732792594,0.0288743306556359,0.000266100863478504,0.00568199689059593
-0.133314767315964,0.013388544881097,-0.00607382702567963,0.0238149833953168,-0.00109002025774175,0.00596470690859341
-0.145593938981013,0.0116950383582338,0.00033457382891739,0.0233325885648929,-0.00156617812511432,-0.0036981543710809
-0.142516316269135,0.012327192216205,-0.00277550802207345,0.0185928016043643,-0.00179622089149658,0.000117182692188284
-0.143719648991691,0.0127320602705981,-0.00375297943985144,0.0219725381521692,-0.0047814939901987,-0.000700594772828913
-0.135648127220577,0.0122444775714721,-0.0025943230626397,0.0201039024554654,-0.00722262488751237,0.00188671711240793
-0.134362139422696,0.0140434491700869,-0.00263040355354018,0.0190349655075963,-0.00783619980604906,0.00167689209506377
-0.143573910170319,0.0166186876283913,-0.00599689492299101,0.0182188687843657,-0.00856939144340228,0.000377955807749812
-0.126082145192619,0.0148855794355343,-0.00257056381716043,0.0180814064583556,-0.00685430032033969,0.00456032259524566
-0.124903189756028,0.0142092907570001,-0.00118657523070954,0.021323849290028,-0.00555001834387143,0.00360694247380183
-0.135243722354118,0.0166365450748261,-0.00469501464302903,0.0176919906398169,-0.00569389169264014,0.0034915881243855
-0.137878477373546,0.0148615699536208,-0.00055381080879452,0.0177837346134066,-0.00475744893272,0.000528956915112281
-0.123434961238335,0.0113077727154892,0.00224767219128912,0.0132357107085207,-0.00107871000726305,0.00638541438601689
-0.126262030497405,0.00936530219378637,0.00345165259658285,0.00450546831353936,-0.00216126611527323,0.00626270144325154
-0.127242083629669,0.00902375856875981,0.00330457101029551,0.00128063636568469,-0.00109294405408286,0.00719211438482064
-0.0569213659671822,0.0126337505445348,-0.0118480158065618,0.0608426921850392,-0.00364036029997397,0.0244523648945371
-0.0587834429567489,0.0106306518276775,-0.00449334399002153,0.0570264205749563,-0.000790520627921379,0.0204418813748455
-0.0645413857506859,0.00852028409878485,-0.00392413450035327,0.0521299749514798,0.00161807782292685,0.0204919333531619
-0.068393048399924,0.00740870563403353,-0.00148833565961625,0.0502816259442005,0.00395031423092567,0.0215801018759776
-0.0787296233816038,0.00344061694050985,0.00227194401287315,0.0451806062639641,0.005171553169017,0.0163917899385999
-0.0752904651283329,0.00258953182182349,0.00668694613566067,0.0425854254933079,0.00570997506157333,0.0155007560516426
-0.0760363184535049,0.00158433494474119,0.0051557507779713,0.0440962770159064,0.00706556363554597,0.0171721747759999
-0.075927475822746,0.00107700543417348,0.00521070565795108,0.0388127985365815,0.00789562026203831,0.0181767721544433
-0.0740724371619397,0.000910481065255581,0.00850032812428806,0.0347545574006233,0.00860587910908049,0.0178337810403791
-0.0754126985352647,-0.000129975802549381,0.0101197709960605,0.0315694553441477,0.00877842284329752,0.0166647562074243
-0.0761035679611696,0.00136196118884286,0.0102459732207822,0.0270914861013831,0.00974687066787822,0.0175496700121221
-0.074006902973847,0.0019815966794089,0.00778236293776083,0.0242906775609265,0.00772348312755499,0.0195882761975033
-0.0741890801507243,0.00315932436981582,0.00944958756632491,0.0244228306321728,0.00669862364889861,0.0157810472033264
-0.0780099473745012,0.00346862280061719,0.00847125860872107,0.0211786774682253,0.00663131885005205,0.0153790090374909
-0.0815174827706856,0.00389586961352792,0.00902150983382356,0.01847413257371,0.0066141592703697,0.0139073558282352
-0.0784310614179892,0.0026186856408257,0.0128625061440481,0.0169353460359761,0.00599787783009677,0.0135615802383208
-0.0784510589265488,0.0030993981180573,0.011443320753374,0.0170538902112076,0.00215810700491297,0.0134993114001534
-0.0761544097868706,0.00182504575524446,0.0123443165996029,0.0139464742910893,-0.000182599976108821,0.0143631978230055
-0.0791527066686932,0.00466397412706813,0.0108227158869499,0.0148576989489464,-0.00214455500402895,0.0124449750953532
-0.0858485326898749,0.00559144908613873,0.00760378069045611,0.0122148220014557,-0.00468962360727591,0.0123909790458072
-0.0826736519062298,0.00781044434420491,0.00486771069122113,0.00833291394470713,-0.00518969865635347,0.0153221555393232
-0.0826745855793148,0.00716955610654503,0.0067632256789749,0.00895889264781098,-0.00352465163331421,0.0145377415982489
-0.0831823726056317,0.00829585468952263,0.00448277532766126,0.00795033997651557,-0.00250536960568177,0.0163102184483601
-0.0841159681348644,0.00916260652250289,0.00887449389519902,0.00482503296648086,-0.00192229488625774,0.0136258580160354
-0.0847521625410385,0.00845732923843027,0.00746723417244499,-0.0028139943659317,-0.00324058543991262,0.014463490748364
-0.0839553631863313,0.00516710976666367,0.00797035965082385,-0.00740068307632882,-0.00376616539164111,0.0159664848940236
-0.0835757752657627,0.00407024254419906,0.00981055113395976,-0.0112624369767865,-0.00227233710590214,0.0163979072914777
-0.0335172536303069,0.0115228588663913,-0.00582428673013341,0.0570970145184736,-0.00271759499783167,0.0243672740958727
-0.032729464799794,0.0127595444156486,-0.00546263616292528,0.0547912847443377,-1.27531640708835e-05,0.0258255428117085
-0.0327915520918978,0.0117925987237326,-0.00288302614916289,0.0541216052232624,0.000903907707892808,0.027455971677115
-0.030682202008856,0.0101971726495796,-0.000294553884061396,0.0558840037692819,0.00232888282399976,0.0279658783877806
-0.0364507988289044,0.00515292897185524,0.00245409021386129,0.0490406343776003,0.00431342669793078,0.0271806890232746
-0.0386124168047307,0.00338514544164273,0.00657801894526438,0.0453658860169178,0.00624482330084629,0.025950971161045
-0.0415030045889554,0.00146405754392286,0.00764011172800915,0.0401608301903154,0.0079954181739277,0.026760802744575
-0.0418286165502394,0.00034133306372109,0.0100582259074468,0.038400666729593,0.0102782888661404,0.0262553178428439
-0.0446431022518726,-0.00026384320242486,0.0106978429533759,0.032502246236405,0.0094735250643605,0.0260486755551627
-0.0448177077469021,-0.00122924189357587,0.0122238346278998,0.0304875793145662,0.00936335167247384,0.0250410295219964
-0.0476438497879925,-0.000398334850006483,0.0117239120334985,0.0244769843582924,0.00960003328109843,0.0250511052157342
-0.0464031156842074,0.000639290988748766,0.00930836403325943,0.0193340334975002,0.00831652698699869,0.0267526825402736
-0.0499068055062062,0.00126172904352116,0.00608148116644616,0.0169242799858293,0.00553028369576907,0.0260011235393428
-0.051003338240779,0.00149214775196554,0.0085639106446454,0.0172768742524768,0.0042124812435506,0.023437479116229
-0.0501143936610931,0.00256371990891715,0.00993655347012392,0.019982893446118,0.00490885635331196,0.0230993815346775
-0.0530852146645154,0.00189933883519243,0.0111201220604331,0.017003348156123,0.00284234235122797,0.0208266635997956
-0.0526711405242458,0.00365617903074869,0.00892297339574962,0.0117042289453746,0.00150877880043314,0.0232450600681119
-0.0540754629091923,0.00377651076802484,0.00724507006835512,0.0103249693458658,-0.00171558325961925,0.0238189285224755
-0.0532624426102798,0.00409144454253954,0.0058107930641763,0.0108296344794789,-0.00446027047661673,0.0248553202456968
-0.0584660576125184,0.0051542676831202,0.00553795893108251,0.00624142030434401,-0.00540344042244637,0.0225989853753783
-0.0590113858581379,0.00835802420373253,0.00231441542307655,0.00170385105824351,-0.00542415051885856,0.024603235302921
-0.0607154330700511,0.00752713038880979,0.00230231952329711,-9.97935363585157e-05,-0.00405445361470048,0.0252562423602155
-0.0642019429767552,0.00855255932971671,-0.000155056313654654,-0.0133469636290459,-0.00110816796177909,0.0279559746002859
-0.0686729097022173,0.00792684838301183,0.00105922714449799,-0.0166039631508535,0.0002512594016046,0.0271178727787138
-0.0665896127051865,0.00524697292182439,0.00309490773878201,-0.0234992429814154,-0.000208723442118297,0.027266888378241
-0.067569347451774,0.003520537458557,0.00439393247834298,-0.0208828548137891,-0.00123154380777236,0.0251554751035991
-0.0675042090351379,0.00321960824716174,0.00629009704921584,-0.0258734292980239,0.000159368674775021,0.0257187738027697
-0.00994164694777303,0.0141206603065167,-0.0076132520200134,0.0635223682299927,-0.00513628625471938,0.0278810365142356
-0.00720353200015491,0.0133879941974827,-0.00441347599405797,0.0627524635108355,-0.00242773300882386,0.0291363101454797
-0.0113518051684133,0.00879339046177594,0.00192967158572284,0.055108939332261,0.00108114574314595,0.0274512625436003
-0.0158065929779054,0.00526018839687114,0.00398321410556249,0.0502629737640415,0.00216100376345726,0.0264711302737817
-0.016689292849483,0.00239555342512548,0.00527745212930888,0.0517701697550326,0.00364949141440876,0.0278203664666843
-0.0147974164020584,0.000775479020297106,0.00834039830213896,0.0493520300911214,0.0057741866203242,0.0286324053127771
-0.0158342710260062,-0.000119308125291392,0.00837068874698166,0.0472864977665399,0.00795429208821778,0.0309893502322791
-0.0136826327875024,-0.00124350997300452,0.0108994104494487,0.0446060180650151,0.010781950356625,0.032375081717837
-0.0133565891551944,-0.00234032171978013,0.0135196343138504,0.0389588343856948,0.0116792574632787,0.0332218734365105
-0.0201979658929921,-0.000887765042700142,0.0123404196595409,0.0351017603226947,0.0108932222883338,0.0313372859252083
-0.0194229286238037,-0.000885211299101035,0.01319775568235,0.0361700067260758,0.00815727387161929,0.0309844809384713
-0.0229532188600454,0.000609339176696131,0.0105886116607478,0.0301276970280711,0.00704931043139877,0.0317286310613695
-0.0260792807737741,0.000809446236395053,0.00890360557255454,0.024979909980043,0.00499954553831681,0.0316730259890684
-0.0263806098434759,-0.00132934397614413,0.0110589764261955,0.0240563178307882,0.00485912940781611,0.0306675735921363
-0.026270438754794,0.000324093381551537,0.0116276135929177,0.0215872484757994,0.00565492878127858,0.0321092586442049
-0.028658547226756,0.000735807970737795,0.010815494076791,0.015964319489899,0.00480359968880472,0.0317685047779416
-0.028398663247631,0.00160942326112464,0.00979968214995978,0.0106082018996062,0.00540759509655054,0.0341173592670288
-0.0295540031498062,0.00054656990149062,0.00953806702998677,0.00662010408120848,0.0039792630404437,0.0347662430520008
-0.0293458270546778,0.00101173677846262,0.00988421089722077,0.00568838447377343,0.00173668131851285,0.0339799059399836
-0.0351779748716898,0.00249639492174585,0.00591252484300352,0.00235785995784695,-0.0015369182931484,0.0328725491982042
-0.0295136958148391,0.00434554408164216,0.0105445590366115,0.000956184747178829,-0.000738718590242738,0.0308926738376567
-0.0359297733653616,0.00398619201354111,0.00872027840943589,-0.00780746657177982,0.00124464296948382,0.0328482750323849
-0.0412944233221141,0.00302734238508089,0.00740050355466874,-0.0223837041492574,0.00523086455745351,0.0349749965747538
-0.045160817091701,0.00200227679558761,0.00721359914966513,-0.0282198791722295,0.00604250125166923,0.0350456834756999
-0.0481052543873976,0.00235310433217923,0.00502186023468679,-0.0326386512942151,0.00550861927785132,0.0346660713367489
-0.0531789434281187,0.00372138752275807,0.00268556103058708,-0.0340129526253516,0.00150232953058373,0.0328192477639263
-0.0549791266834204,0.00337393057382672,0.00602970069438933,-0.0353203818968446,0.00186195015174286,0.0301105718035368
-0.00123970837768607,0.0137045865359013,-0.00597980519025594,0.0635439120769651,-0.00564735678807433,0.0237714936267826
0.000895504167761652,0.0140808226449478,-0.00392237192329959,0.0630903768569286,-0.00457450995474599,0.0244834231192503
1.91386652263169e-05,0.0118759068900862,-0.00234782036415973,0.0582034876188973,-0.00307259331532141,0.0266057045395768
-0.00111630527689877,0.00935225138942658,0.00114176330373827,0.0570847620042623,-0.000891181314485432,0.0263985776040554
2.51924500313748e-05,0.00735218250507421,0.00425987129537005,0.0581875369190194,0.00109458418060435,0.0272007363640898
0.00173167079743636,0.00433374686749872,0.00386306964084718,0.0545251761583466,0.00144220869537721,0.0321195401449954
0.000794031567450791,0.00263082878979494,0.00635093439148899,0.0490692499834821,0.00435113990684186,0.0343034130635838
-0.000418717436491829,-2.43457797432125e-05,0.00883877637159848,0.0473268588027142,0.00820195850914346,0.0347130703233494
-0.00118092054386362,-0.000772808739263517,0.0119778130885887,0.0442486961426615,0.00945055435306698,0.034384078936813
-0.00698542584016626,0.000742366308637177,0.0107103038789392,0.0399064657243741,0.00781520334166292,0.0328414096980758
-0.00554467849605765,0.000254736301691171,0.0139004020885172,0.0399896262809806,0.00705460277475162,0.0322991050377963
-0.00729980968677747,-0.000813101196980621,0.0122018603878746,0.03429335485524,0.0056465214708122,0.0341693429205742
-0.0105759655886204,-0.00100898411438516,0.0136086736376254,0.0283482302745853,0.00677448818418809,0.034454875830303
-0.0126304913591168,-0.00267067505412485,0.012048334383229,0.0247542174479533,0.00598843258298452,0.0357203224315276
-0.013079901756327,-0.000507647266104263,0.0096707198602204,0.0200058200005234,0.00666888455589052,0.0379568318590403
-0.0170281414493827,-0.00123103508455963,0.0102723375507282,0.0126456937554933,0.00606179604114838,0.0370429446589699
-0.0168014864817864,-0.00158514701048272,0.0121411445982457,0.0111615414773881,0.00547296845068339,0.0367226465555734
-0.0164445034659248,-0.000690751675527165,0.0116562402352252,0.00486875928128838,0.0066617323989132,0.0382186536461496
-0.0175115048191695,-0.000477181604699774,0.0129753272327056,0.000285964537580667,0.00484680627069201,0.0365661873242789
-0.0200615627472979,0.00133303317111403,0.0093430942516108,-0.003992823605882,-6.70655511180503e-06,0.0363812253382787
-0.0188539974861286,0.00129655524631708,0.0131018942508749,-0.00725131207762484,5.71099742694287e-05,0.0351772222197928
-0.0230397312679885,0.00123008650775462,0.0108034275036491,-0.0155515821695445,0.00282438939835102,0.0363057876598182
-0.0295732985751525,-0.000396973026746094,0.011458920447287,-0.0301960417276661,0.00676437337103827,0.037408522713318
-0.0339396024898597,0.00117174839458035,0.00880325580388737,-0.035467171007029,0.00740383750338661,0.0379005233288037
-0.0361817635384799,0.00148009287415818,0.00670412292723299,-0.0371307422924053,0.00578301040258697,0.0380111427031286
-0.0402358364178099,0.00162616909791838,0.00583938291545752,-0.0391002803094254,0.00353841762780751,0.036103574870217
-0.0386391351007762,0.000607495347653459,0.00626219119136625,-0.0386532608213132,0.00411620122146227,0.0360020288895922
0.0111955684571387,0.0138479362942635,0.000120753623574547,0.0674760190936398,-0.00427498459690285,0.0179445588592883
0.0131956360227582,0.0149930064730827,-0.000476653865524174,0.0645609673150744,-0.00433837868864137,0.0204187159611583
0.0138103280641085,0.0149051001872818,-0.000864410511267283,0.0654889103128771,-0.00519541025256575,0.0233476860742921
0.0130456339385923,0.0140201211905601,-0.00067272102873547,0.0631085722607364,-0.00540252321076705,0.0246024657772882
0.0143279587460662,0.0133247823734228,0.00105721399745739,0.0621883954453003,-0.00293486310810971,0.0272040521837105
0.0181526449747035,0.00914188243848003,0.00609289708272312,0.0600919260069045,0.000499882235467345,0.0292603968806621
0.0175987516727083,0.00584835478531954,0.00639835368624113,0.0547750430884606,-0.000317180097555029,0.0331784184180368
0.013911178592016,0.00574655847395466,0.00831767326009077,0.0506115160897932,0.00199321530993009,0.0329810870000077
0.012698257361958,0.00517732840153656,0.010372717876716,0.0479184890149549,0.00306538067417066,0.0332675340193077
0.00869314406092394,0.00676637934056673,0.00986900042137241,0.0436653226657679,0.00225343324983764,0.0332154448443879
0.00701217665395103,0.00430142262376031,0.0130256707800856,0.038194761234947,0.00432216560886711,0.0337652666993063
0.00549128383216479,0.00191895453007449,0.0138717498236354,0.0347066962800485,0.00481021259575353,0.0347404477612481
0.00367643898649191,-0.000618197688872568,0.0127851672987181,0.0299121439650619,0.00578783087618003,0.0375127701981975
0.00409934682227785,-0.00151230299770538,0.0109680815671473,0.0229935362542346,0.00734702553180953,0.0416197512092616
0.00255415483227211,-0.00143644936552742,0.0119089849952508,0.0192388328743041,0.00960442167012346,0.0419672088205592
0.00133629416924798,-0.00152309328317462,0.0100972505585452,0.0147545693886585,0.00915791799258521,0.043892934356539
-0.00111320800776967,-0.00275316466002299,0.0115743622964405,0.00769647510239365,0.00805811210034044,0.0434362672006804
-0.00114269462671361,-0.00381391642082236,0.0144405497701236,0.00463426639380248,0.00873969077034896,0.0423612502741327
-0.00179598651734716,-0.00288361981156048,0.0156532576242561,-0.00403366149634762,0.00721743891000006,0.0414970409840908
-0.00540287667918134,-0.0018587890609267,0.0134753089862934,-0.0118821391493255,0.00341493443984586,0.0412370412878875
-0.00937992448350859,-0.00122921508743746,0.0149861713584142,-0.0156560203223998,0.00460817772379515,0.0397590211475294
-0.0134452340473675,-0.00268045498211646,0.0152058052186912,-0.0225001315688665,0.00914417009978376,0.041547031432716
-0.0189212208173686,-0.00364672220357196,0.0126727696162533,-0.0366819550297586,0.0138766117916972,0.0450683992401885
-0.0222855811063097,-0.00322439236092923,0.00935482527239679,-0.0381818759152244,0.0135246712488135,0.0457065889097648
-0.0295100347463181,-0.00320149316296551,0.00790827764202321,-0.04285191204426,0.0111697965694968,0.0429006550639724
-0.029790087064023,-0.00210091460227129,0.00706734401694932,-0.0435988984758686,0.00919450384590702,0.0424163113100699
-0.0273864424969775,-0.00302682789267889,0.00779001251639061,-0.0421851982148228,0.00861113319085205,0.0426124951203352
0.0209425481750656,0.019470547112166,0.00017092824621657,0.0732682319620802,-0.00582261910105914,0.0110145445831422
0.0235925285909984,0.019904435522466,0.000737307823598209,0.0725871533936676,-0.00394518041605596,0.0143040840702587
0.0270088791516716,0.0179251018710141,-0.00299850379393096,0.0686671633337372,-0.00743758338987821,0.0243922668425719
0.0287736604547291,0.0152079264562559,0.000610838634317997,0.0670176489017801,-0.00481583940690469,0.0274149445533804
0.0283974430188797,0.0131073199993854,0.00343960844536892,0.0651126726693159,-0.00354386564178979,0.028819803486922
0.0287147835975688,0.0124103534714427,0.0054112306857022,0.0608613628290389,-0.00196013445861774,0.031204821427369
0.0309571138741179,0.0119308076638408,0.00476318499120279,0.0577790718282737,-0.00330089773286337,0.0329780818550678
0.0305772793736063,0.0108682726517645,0.00609251864102582,0.0574799861926484,-0.00239476339654984,0.0332677133418934
0.0293360947453149,0.00827777638656715,0.00988332497026116,0.0526518819408607,-0.00054184419859524,0.0334043265812296
0.0248647798098578,0.00681051290683919,0.0112899483266029,0.0486632533238893,0.00205969649930926,0.0345161712788909
0.0244298513846076,0.00436693092152389,0.0118668336094964,0.0423423728349643,0.00566786179913679,0.0401574483775373
0.0229502346514205,0.00052877556074841,0.0126232821241791,0.0381706943191756,0.00587419255055253,0.0412278797052573
0.0198396433072905,-0.00131879379133644,0.011323132033469,0.0343249768320236,0.00683718814734581,0.0431568485099118
0.0164865706041738,-0.00201973362045293,0.00914963400293703,0.0233567963862076,0.00782881349109508,0.0462547810797205
0.0166012559791567,-0.00216166509993112,0.0102457334676622,0.015524335736263,0.0102154736432059,0.0479066815460626
0.0121265207386535,-0.00354277933972556,0.0116293093292163,0.00645368675442582,0.0114282345833523,0.0468145370707211
0.00972854389662967,-0.00489581688505126,0.0116890710960838,0.000131740621737359,0.0119987106679885,0.0478158012260618
0.00612274810575335,-0.00546312695056537,0.0136623842567802,-0.00325924556448773,0.0126837129896248,0.0475462251727638
0.002696247819874,-0.00627679116058415,0.0136720350189759,-0.0140838042918721,0.0114089570144551,0.0480571820859975
0.000785577005309679,-0.00584694215185628,0.0123773059112838,-0.0214174597354318,0.00939691957988201,0.0486893316346391
-0.00300534942525283,-0.00513619685797435,0.0116975672925505,-0.026531170571673,0.007744081127262,0.0472021442325408
-0.00453086786930255,-0.00367462756391869,0.00974928623337615,-0.0301392399382019,0.00842459812306949,0.0480884715997947
-0.0115192878139639,-0.00271622903348914,0.00655220503727909,-0.0380685076244616,0.00753304977701653,0.0477428579138591
-0.0164334406492581,-0.00222578760733478,0.00452258568123237,-0.0415861553147125,0.00833427212521776,0.047221041899144
-0.0176383672472646,-0.00334557128539819,0.00592207724690367,-0.0438425904304957,0.0093725824101102,0.0462870551054179
-0.0182567494754013,-0.00466705217989598,0.0093504927205665,-0.0445518049527214,0.0110819815441103,0.0464087249360524
-0.019163049227837,-0.00426430786490798,0.00890044043507388,-0.0451191724906903,0.0103589869468308,0.0468007921251049
0.0288423085619467,0.023509271359714,-0.00144771622207799,0.075829597702196,-0.00642320078212598,0.00555933318867958
0.0311274561592154,0.0248175062520138,-0.00269864287381047,0.0742954129546059,-0.00551343445245454,0.00881358775666236
0.035884639185942,0.0223419304169097,-0.00413046582210918,0.0744726505611364,-0.0103776973900905,0.0190930383604417
0.0375925471965542,0.0196028240460234,-0.00318538890606708,0.071772381186677,-0.00820293902442765,0.0240099523109819
0.0388478280549768,0.018503918529237,-0.0027612564358966,0.0706894344740805,-0.00906222029876462,0.0272669456041844
0.0405677569691065,0.0157741354337744,0.00176997742687264,0.0650320769273529,-0.00421679367296308,0.0304437591535455
0.0415403794667454,0.0154220579631547,0.00159695362299082,0.0603416156094581,-0.00339937822162828,0.0338419303934016
0.0412984003320316,0.0123271759127508,0.00532242264539372,0.0600995355667806,-0.00226324079589398,0.0333801337879104
0.0401859429726902,0.0111814336313588,0.00710735171518239,0.0526810125074607,-0.00186787540628024,0.0349356592844497
0.0399424140946593,0.00916375387335132,0.0088882164353757,0.0518900922568672,-0.000227091021774406,0.0362813917110791
0.0357443756289829,0.00678506119365031,0.00908509781808113,0.0470918212448969,0.00353466688043413,0.0400521165750589
0.034890975391019,0.00439670322574683,0.0104165852993163,0.0415992286121949,0.00352737983493023,0.0421437704723736
0.0295974524602409,0.00228054601289457,0.00891495911130542,0.0330244616168494,0.00515489737076467,0.0444929032153165
0.0261346453995778,0.00120567030833488,0.00609428709007472,0.0229459620036139,0.00724632527387675,0.0478921576248886
0.0224559701922959,-0.0015823861032405,0.00941482664488712,0.0122248833573829,0.0116356963822726,0.0491470287039864
0.0182621830065362,-0.00345148682290181,0.0128356370833212,0.00200623576878109,0.0141992853025087,0.0489448923169788
0.0153463563850553,-0.00478887586908178,0.0126041842404255,-0.00684961710866468,0.0143382868505016,0.0493134812086842
0.00982874885629393,-0.00558963425390364,0.00944580168428131,-0.0181755100143213,0.0127941687662088,0.0517522253518927
0.00704924353708401,-0.00570923243066558,0.0103916834890557,-0.0246456061070157,0.0145267959318907,0.0510936444141485
0.00570624730632444,-0.00504258909060639,0.0102773734592932,-0.0298346652413965,0.0129673842121625,0.0510971702341832
0.00183434093632692,-0.00496629614377561,0.0117738895892666,-0.032203618730652,0.0106900940483047,0.0491916186620053
-0.000123173904387812,-0.00281459199201924,0.00666588634750175,-0.0347272898811834,0.00791920671892616,0.0495500632677636
-0.00614689472543506,-0.00175495772403102,0.00617002396019047,-0.0446753825473255,0.00797809466532245,0.0488204958756839
-0.00697154796635318,-0.00221249722767267,0.00651323818573664,-0.0426065345498308,0.00873560462420528,0.0480920916325097
-0.010223783313336,-0.00302473196822255,0.00623880550885552,-0.0425573673463306,0.00916413713683004,0.0479686457584975
-0.0144425628602086,-0.00450361908624626,0.00693340708033133,-0.0480654690849755,0.00901932114257216,0.0492203365454304
-0.0139128049744853,-0.00376631211451,0.00652031854254881,-0.049543966342214,0.0111135543216627,0.05007383225134
0.0399600582641444,0.0262659595479956,-0.00212922179966784,0.0785771251917557,-0.00708174369692022,0.00438770982493671
0.0429607708961294,0.0254898391371528,-0.00207563774892241,0.0774622755565184,-0.00701250609357697,0.00888763087406961
0.0480284134068559,0.0248755106963055,-0.00449776236173302,0.0808309347948824,-0.0132426720890942,0.0179568082600061
0.0485611986492984,0.024086519529317,-0.00552003560391739,0.0785914285017909,-0.0134498049723538,0.0222988014521172
0.0492297147962781,0.0235298282379899,-0.00434992974770071,0.0733042402682322,-0.0119858115968665,0.0239840441177055
0.0480390902342211,0.0203729393883704,-0.00115426915736422,0.0682885232660485,-0.00585568375086348,0.0266163244058573
0.0482996956637721,0.0180520178787209,-0.00125678872055407,0.063159513416384,-0.00535231406437275,0.0311808727898808
0.0464617745254547,0.0156720073394594,0.000633864186781074,0.0620454530223566,-0.00420814706818331,0.0321339399012825
0.0469230801988303,0.0155372452642436,0.000567222122285939,0.0557305170961362,-0.00422462737753996,0.0343104281045285
0.0462631932672578,0.013777520781927,0.00200763894215982,0.0530491539513745,-0.00295464870139697,0.0358440685795025
0.0454731957573806,0.0111937303395191,0.00372116733025736,0.0479010841162196,-0.00161715575741545,0.0399627747533112
0.0408732407596297,0.00932336631185758,0.00395827933272167,0.0396449432241562,0.00157017546417422,0.0409409485090266
0.0357515923319505,0.0053471157970857,0.00587872124340465,0.0275948065018385,0.00403766435010708,0.0453426666783627
0.0297911971297259,0.00121771692603102,0.00516465451552565,0.0155630375794888,0.00758973352590603,0.0485460441498175
0.0247940675451091,-0.00257040784123944,0.0104257546245722,0.00638026193777325,0.011573100050877,0.0478974127273015
0.022747749220629,-0.00295928589885275,0.00883044956547919,-0.00281881736069254,0.0119906737606948,0.049083855368379
0.0186134504340192,-0.00414749524802421,0.00759271455703896,-0.0134319714186054,0.0119935318264193,0.0504178028882772
0.0179160786647289,-0.00489433597408128,0.00813080754554807,-0.0200393014848402,0.0125479559538812,0.052732479643477
0.0159172179823193,-0.00432173775349096,0.00961542791121822,-0.0248854906985811,0.0128303991558367,0.051079377054429
0.0122672570647318,-0.00241231827216421,0.00777998763647663,-0.0355353650955096,0.0124401488104908,0.0526072274632769
0.00901451146757427,-0.00324698353672146,0.00807061587488792,-0.0367371413198117,0.00993562740566071,0.0501972161106623
0.00476614949560649,0.000914087911321106,0.00194703532281714,-0.0414154796166079,0.0061311541070667,0.0506194029266835
0.000195407949165717,0.0033911124964588,-0.000579503735394245,-0.0452059869809548,0.00265109267930831,0.0501469454540247
-0.00229221657164806,0.0020057361753861,0.00152878769182855,-0.0453566985574098,0.00453244105742979,0.0482560619846062
-0.00626075336885957,-0.000981138232922897,0.00136508799688549,-0.0487605304037751,0.00460724383426098,0.0495542901081701
-0.00571820147400465,-0.00286128331369876,0.00468370279209879,-0.0493872189956172,0.00836158951731333,0.0514414227161704
-0.00372309153306092,-0.00351873234995527,0.00551237993620133,-0.0503497282364968,0.010288233477355,0.052785025831244
0.0303049729510059,0.037951433167175,-0.000565294828122362,0.0716328089412154,0.0133266542667294,-0.017109264795968
0.0337206654854143,0.0357026466457719,0.00109327152481289,0.0718105595705571,0.0171184526905275,-0.0158935912954384
0.0496326600100623,0.0283905553721571,-0.00466867185770929,0.0802091218476793,-0.00910497730217519,0.01005474815853
0.0544960276037763,0.026779025917132,-0.00302971842289424,0.081068172236401,-0.00615015535502082,0.0136472355045853
0.0547828706943766,0.0242842589458923,-0.00137030639087839,0.0778895985053158,-0.00568743132627218,0.0166563869496689
0.0541089616406181,0.0225863455196149,-0.0019479697035179,0.0727811434978901,-0.00649061803798305,0.0226133478728629
0.0543892690890969,0.0218252853128318,-0.00420584199368638,0.0675089410073185,-0.00788317269882708,0.0274312801355762
0.0536783232695236,0.0229441093684199,-0.00338874582510587,0.0639619579768986,-0.00589323726117674,0.0286887299802242
0.0542172528363454,0.0195122805476607,-0.0012459085656547,0.0621102173341282,-0.00540397085978837,0.0308745531127063
0.0519871513839808,0.0178168260602413,0.00170977274506488,0.0579451313454457,-0.0040518921913528,0.0301651992890127
0.0506895745469386,0.0147352940267831,0.00286492690478059,0.0489271152939092,-0.000513964347697588,0.0340864810381077
0.046913880788117,0.0098118504345438,0.00575142619700608,0.0341483443978249,0.00290366131505843,0.0399259371886982
0.0397191204920376,0.00634636239200325,0.00392722406745628,0.0198820094679623,0.0049507387214327,0.0446629162835097
0.0380337130684373,0.00409664103103882,0.00424001928741405,0.00934637552967298,0.00730198549294666,0.0470393296974363
0.0328169295497974,0.000817658281198846,0.00990733524951496,0.0053194248153068,0.0084154142564268,0.0448604211925409
0.033224832362578,-0.000108905548658854,0.00867636138286421,-0.00123363209326264,0.00807690210880101,0.0462505218215974
0.0276673815013605,-0.000624060676617311,0.00670828365419032,-0.0139341378194261,0.0078290132120823,0.048155358707489
0.0240976705002274,-0.000534563017075977,0.00699763651619924,-0.0176251613989102,0.00605593133669709,0.0472623138329867
0.0225251342444806,0.000825616287016435,0.0055468872668028,-0.02513838214641,0.00659387349439939,0.0492450489145249
0.0174211129794064,-0.00060674983121315,0.00781518875545371,-0.033676853623656,0.00700818347928022,0.0489604159856703
0.0137885435540199,0.000136583887410278,0.00302780875018961,-0.043098150541292,0.00545157803069508,0.0508667702283478
0.00960703184088548,0.00154203731991912,0.000965636908018912,-0.0451921364833799,0.00177718567291433,0.0505554783519875
0.00437408239509585,0.0034278324240291,-0.0017472686883416,-0.0494227981095316,-0.000708562161515824,0.0491646461560753
0.00341847461000529,0.00286685931307668,-0.00054732423270987,-0.0514330870095238,0.00372011316960752,0.0504482654063058
0.00295493426568511,-0.000530766488603218,0.000817725338112535,-0.0535155457303583,0.00642142112582898,0.0524655744587762
0.00295691389732799,-0.00365415212743529,0.00354540566389828,-0.0545478558959694,0.00885924133608186,0.0533918813616077
0.00453258701914148,-0.00344112634390973,0.00552350952925901,-0.0532648440049484,0.0109841501016615,0.0538509214419546
0.0242621047793872,0.0542002047702288,-0.0131881521023874,0.0678385413220591,0.0450224678803213,-0.0451849328662966
0.028800370465283,0.0522427296735542,-0.0127378690329354,0.0697032944904808,0.0421803256773419,-0.0386570373606371
0.0515878930760808,0.0425714074837779,-0.023906558117644,0.0826953234317021,0.00780045093298941,-0.00244684904065588
0.0537319485826153,0.0414966861011514,-0.0217713391469685,0.0840960586418567,0.00849223160670183,-0.0018179355261885
0.051751418292959,0.028303717077522,0.00435345562025724,0.0770983683449664,0.000504733541621735,0.00509227263286697
0.0518558283229969,0.0261801011891546,0.00427172649704298,0.0703426956375752,0.00348668179816948,0.00994141225925749
0.0551977187532043,0.0230659758296164,0.00457742928120066,0.0680141389732662,-0.00125822523979715,0.0185154279010379
0.0558845897741412,0.0258701756368037,-0.00412946970196635,0.0639532952908066,0.00295574273095022,0.0204543930506325
0.0579771075845862,0.0247648758820514,-0.00537469706236166,0.0633490575101185,-0.00215423090749785,0.0252823261328556
0.0557307432374056,0.0218281238442146,-0.00539822408813434,0.0551548472387039,-0.00320724280964383,0.0263430256452509
0.0529917658919642,0.0155222320324564,0.000967950995044154,0.0372863161084815,-0.00284893378182392,0.0319480019947723
0.0493000273418179,0.0117585268004669,0.00510298011678255,0.0246292126157261,0.00134752443744215,0.034940993597302
0.043436358196307,0.00995074811718012,0.00448089956956577,0.0132822782595634,0.00460016591814696,0.0384681336253955
0.0416113797900614,0.0100555709350351,0.00297232058769924,0.0101440198472199,0.00322622288478936,0.0392113697801545
0.0366216588031092,0.00717627012020738,0.00743046610234523,0.00107300235166863,0.0021974215558076,0.0383432625920072
0.0332127362026509,0.00748936931519901,0.00663513251712951,-0.00521935226475145,0.0036453719550907,0.0381051873950645
0.0314846156169422,0.00708780184283326,0.00565508378710505,-0.0151035880038487,0.00514826112231997,0.0413053003854577
0.0280845999932121,0.00535463668381001,0.00378574766394034,-0.0204753985530986,0.00459417178801635,0.0439646748124193
0.0260543633700299,0.00336294571283484,0.00572087404650825,-0.0279875231851502,0.00630080646059232,0.044042136319014
0.0213715059124106,0.000392076591392513,0.0048077977585402,-0.0377144165678246,0.00413794152763598,0.0475078896946805
0.0200782323446851,0.00152224034608705,0.00184394522806705,-0.0460295627685469,0.00236719516586771,0.0491648236050232
0.0159961426605745,0.00104838177487136,0.00105575143856747,-0.0473235616661552,0.00147048950228045,0.0486902766707818
0.0107076471553458,0.00302291800801152,-0.00212080235462619,-0.0549506176911376,0.0014600606978562,0.0503250405035336
0.00850321325513706,0.000993712145977684,2.73518216099022e-05,-0.0573164655688962,0.00360468468441311,0.0513565197545073
0.0119501935453857,-0.00131131951120393,0.00116856229626179,-0.0580856371034207,0.00661213244070703,0.0547189707670477
0.0168281396353962,-0.00461105651583948,0.00465888072664544,-0.0547503808382666,0.00783103339771108,0.0548476099368031
0.0150850190536823,-0.00533146041335974,0.00236072725463864,-0.0553830646400226,0.00713440404721021,0.0557959856581015
0.0247018954631125,0.0662313893209692,-0.0359786207799259,0.0693718055688258,0.0513717875867607,-0.0532774418881394
0.030043912972811,0.0550496703415394,-0.0251558310601178,0.0662871052602739,0.0690021401075648,-0.0448149984551506
0.0475784958085851,0.0316679332470197,-0.0199351329244179,0.0681602349777817,0.0567674617712578,-0.00899832751163918
0.0429725280248495,0.00880779289874042,0.0163686445744642,0.0590925214461447,0.0663231151528439,-0.00275071968786467
0.047234635114789,-0.00197382102363326,0.0322571527268035,0.0535845589693477,0.0559495078603974,0.00859117737997392
0.0476896141994384,0.00958243851307788,0.0231620847513615,0.0556502178900056,0.0442956505364748,0.00464103441332461
0.0545753200747857,0.0168970146329173,0.00938099548853492,0.0584221575470065,0.0152968213881622,0.0148449599929321
0.0530727799417617,0.0288947618600409,-0.00636596128324346,0.055439621216779,-0.0010679291799378,0.0153408195150368
0.0499719716682908,0.0290554156735156,-0.00909069108115,0.0477613809198328,-0.00214295381552224,0.0175674356615646
0.047620060185319,0.0275247047716649,-0.00946124105305989,0.0351850708949185,-0.00280124818171372,0.0189735057919497
0.0473630155785666,0.0210895500538306,-0.00221575293491791,0.0237435728901128,-0.00247211099354732,0.0242696901984429
0.0494010733482957,0.0173912001870043,-0.000583350360639573,0.0198880513392649,-0.00311469534596942,0.0300447973491019
0.0446895613253882,0.0118964240750344,0.00443584477417527,0.0091649444825774,0.00158386143566719,0.0337886739333794
0.0392320303720576,0.0123127038629483,0.00502119717020965,0.000618407126137046,0.00369335468775689,0.0323495453227948
0.0359862299999842,0.0111200472198647,0.00478683140017482,-0.00325841078816555,0.00222797893735472,0.0318605151946732
0.03144565743927,0.0110586361527315,0.00296589778933029,-0.010317014738747,0.00122934835664216,0.0320287753474728
0.027484865641768,0.00996205140732527,0.00299614815667435,-0.0179674301283865,0.00263130983380884,0.0335320664815502
0.026569613901997,0.00844084823682576,0.00179265811606841,-0.0304484116056609,0.00621132915796048,0.0384227655413928
0.0249898205841323,0.0045014962195557,0.00214106290757268,-0.0364470538364558,0.000819601446977938,0.0421056223564109
0.025649842455889,0.00340686896187313,0.00359064469645775,-0.0422433368975881,0.00139477927531648,0.0424496544249462
0.0227007430195732,0.00328376765126797,0.00373607528874241,-0.0465102334434737,0.000664321556054265,0.0429225600513198
0.0248833775902861,0.00391690744560034,0.00394727392394268,-0.048331232202295,0.000746763294856444,0.0454550825306142
0.0227932659051692,0.00408539105630925,0.00272912264136004,-0.0493491643108701,-0.00129491882797003,0.0465938879853235
0.0201206077744791,0.00233405565701103,0.000296735120054197,-0.0575488867458735,0.000517012344625473,0.051190482425719
0.0180770969014172,0.00018493649131109,0.00247534248851169,-0.0607895917564253,0.004239543466037,0.0524033818940395
0.0157001466679496,-0.00316023313215049,0.00285068122150135,-0.0633825920840665,0.00687823972221447,0.0546303584869228
0.0161093960970631,-0.00478235031924129,0.00403959376398418,-0.0587139533643583,0.00570043399754928,0.0522431469276117
0.0239127826547517,0.0657508165421145,-0.0404257305921155,0.0710408803135053,0.0464730719682958,-0.0562043981293355
0.0266782750798449,0.0522914766440738,-0.0272290653625361,0.0636915453098201,0.066793010351941,-0.0488218845906771
0.0443817698607803,0.0275569637238941,-0.0169175253605723,0.0644279183925842,0.0601355007836,-0.0162282830824498
0.0455047545037911,0.012838403060567,0.00988233345710746,0.0564006882531033,0.0745976665962207,-0.0118796471208842
0.0405268319300833,0.00657609532498892,0.0221753096836488,0.0456812023205925,0.0695306143207095,-0.00782888090009005
0.0332742543702346,0.00837746069258427,0.034481983468944,0.0340494099357715,0.0704489732515527,-0.0150910651233153
0.0371903679393966,0.0127819073814027,0.0257636653720163,0.0332611307186395,0.051836486345988,-0.00562972912682822
0.035381920114897,0.0164145228869084,0.0202792888380958,0.0269199797192575,0.0448611449693076,-0.0050977282130226
0.033408940424919,0.024022613333747,0.0119266002283825,0.022221011022632,0.0362807784260653,-0.00634713073440008
0.028780486484211,0.0283067336638032,0.00950627168391823,0.0116183526194566,0.0386554525974781,-0.0115777811014798
0.0252142790865484,0.0268418577175544,0.0123485622743804,0.00768484170876816,0.0314801515873449,-0.00854729173292723
0.0472634407015755,0.0151475640847212,0.00184955117033771,0.0127834015232466,-0.00384077068144654,0.0271783960498546
0.0447088746130754,0.0117693235861646,0.00578642318124602,0.00582899191190995,-0.0025062330466939,0.0304327356221907
0.0385859829449793,0.0137677609478845,0.000801397166138104,-0.00437641097441227,-0.00607014096722769,0.0312599854276633
0.0306827330794125,0.0182085133113019,0.00116911685989542,-0.013813981217279,0.00655784697386982,0.0218776295235657
0.0237037163145274,0.0182624605090685,-1.59318972769841e-05,-0.0195517478715117,0.00222462512603986,0.0191592289053572
0.0230724829753322,0.0171712935161211,0.000961849440548196,-0.0249929543941152,0.00355434327341468,0.0214773326437618
0.0227538790528882,0.0142888150291372,-0.00442683837264589,-0.0340786581001218,-0.00512196364241587,0.0315826079508509
0.0232973069518318,0.00976222907708951,-0.0014747537954868,-0.0385266031013447,-0.00540039783986102,0.0347545369149984
0.0202699496501421,0.00699315724192664,0.00202406375393271,-0.0449342727063456,-0.00336265830365714,0.0352745880200271
0.0211777439467613,0.00533670851097237,0.00398420823317334,-0.0487811878221314,-0.00209241235523377,0.0362512897819325
0.0230556821111607,0.00345544998041002,0.00568421331367665,-0.0478224739380803,-0.00452515906430782,0.0397050598936254
0.0229954883479948,0.00365252884735681,0.00455004961562206,-0.0495231989152182,-0.00268135940352375,0.04133808988313
0.0214273526690043,0.00315456018033153,0.00453112865469947,-0.0584409409509891,0.000635309489688127,0.0456936458481155
0.0162191190736608,1.21766887333638e-05,0.00344653479253909,-0.0645927565507016,0.00265331973344379,0.0482091881615838
0.0160212860709022,-0.00287578225363536,0.0028043199669637,-0.0654676139377819,0.00562825023390265,0.0518294857114613
0.0162727184411514,-0.00340470430410703,0.00365976735348379,-0.0617018655345069,0.00422677709109782,0.0494365783910819
0.0274032803982948,0.0623033612742444,-0.0442091049060145,0.0670497601752272,0.036558445702606,-0.053441305653381
0.0309958437612215,0.0438664574083723,-0.0257280136807286,0.0586424055425032,0.0650499005067586,-0.0437945720988612
0.0288167479141661,0.0103909711125123,0.0202300758968954,0.037571766113021,0.0961908959055731,-0.0313370232663956
0.0232861623381943,-0.0109363546484509,0.0474350277966365,0.0149366859998289,0.131133693379153,-0.0313032731058739
0.0348507355624812,-0.0117966807276591,0.0357197242831428,0.0213930820446365,0.115086748329178,-0.0144316139195883
0.0318793841877462,0.000932061811393079,0.0235196204953156,0.0145651761133598,0.0986036542374101,-0.0173496503886663
0.02034884541881,0.0221822185456707,0.0115492366183273,0.00728291998228255,0.101362223256952,-0.0369122253918293
0.019412880490354,0.0333683717343264,0.00240825876364609,0.0079531829803117,0.0861168014243665,-0.0397764356170452
0.0186938472433717,0.0352394807656472,0.00176810027650924,0.00238799303880411,0.0832601914520897,-0.0389922949576009
0.0126974114663165,0.0256365918401224,0.0222940594500214,-0.00579758838059258,0.0715254178069557,-0.0359832291269294
0.0228944845318535,0.0189822317348085,0.0196635975868339,-0.00171123356737401,0.0337899185631725,-0.00836571928684868
0.0323442884070515,0.0192639443604295,0.00694968400878978,-0.000183519615392468,0.00567766464017074,0.0111904425219261
0.0293506587732758,0.0211131586244161,0.00352591456100543,-0.00879132485203423,0.0075830117406798,0.0118127298130357
0.0259479697213978,0.0213582425640979,0.00252875271391465,-0.0166450754004887,0.0051581343788546,0.0140378476205257
0.0250141224197639,0.0240250960907654,-0.00163034062441312,-0.0209951837879827,0.00205818224724543,0.0153962033004969
0.0246295166793921,0.0235876327109056,-0.00362336540929737,-0.0249284994434464,-0.0036458236789297,0.0159061901219493
0.0237597668752418,0.021621315624106,-0.00091679610789062,-0.0291869790296171,-0.00344397187302559,0.0163393926621071
0.0206184816633479,0.0163799892577054,-0.00313073852224227,-0.0373843453629323,-0.0113482744479618,0.025881356803653
0.0193941789938425,0.0130528234580653,-0.00275469029964061,-0.0412652216371109,-0.00993738566719806,0.0269252395932088
0.018212518679349,0.00763755844724742,-0.000974049021579786,-0.0472861740325847,-0.00958999262237568,0.0308916952734861
0.0173840387558893,0.00473716335497412,0.00371063446208237,-0.0485904638995834,-0.00878486973432835,0.0309437617385809
0.018031893534251,0.00354541847941634,0.00718981924904374,-0.0485345174504578,-0.00600639145141482,0.0326582049705417
0.0157364178096738,0.00416931127532232,0.00711918081700273,-0.0522693350033993,-0.0055890560357843,0.0337692763015697
0.0162670954901022,0.00235677736719103,0.00402537563116741,-0.0599235929919663,-0.00495032296418603,0.0403037784482497
0.0159124672926025,0.0018615264714711,0.00210245176027565,-0.0687379160701121,-0.00241327351591893,0.0443903685557731
0.0152492725800378,-0.0010461290788292,-3.80461367734727e-05,-0.0702096195475956,-0.000407937823815926,0.0486048713103711
0.0122136027328228,-0.00305106815416024,0.000910279225139493,-0.0658486882490112,0.000266729377527951,0.0445157444025698
0.0239146570727288,0.0593333882924759,-0.0522972302497304,0.0539951812728636,0.0392389660927393,-0.0559404915891557
0.0241833461797642,0.0432772868950508,-0.0384011943709462,0.0437432105379144,0.0632381336095058,-0.0479107095466199
0.0204298137712938,0.0227507416569952,-0.0107828951957453,0.0202124786296732,0.0966559562857657,-0.0417895178015695
0.018285630665282,0.00176280029681446,0.0134253364478448,0.00689724325007293,0.12415989091882,-0.0365092529207147
0.0192645053641303,-0.00218647091098835,0.0170965780117698,0.00216681416903572,0.130089166444102,-0.0346639765946753
0.0190923154024058,8.59706206530479e-05,0.0178906250631401,-0.00249271944701521,0.128336777820651,-0.0349384319158969
0.0163768290892459,0.0121978338543452,0.010658006959619,-0.00528773034697181,0.115641107111168,-0.0386823417404592
0.0133476345389677,0.0119136438949879,0.0159747646526833,-0.00619193832597928,0.103813968995454,-0.0392547245658549
0.0149468522944691,0.0124357296406489,0.0137280874830464,-0.0115900580199463,0.102690873693263,-0.0352092486378597
0.0111331277853375,0.0162478471678138,0.0182282502126002,-0.0177835324445366,0.102455706404648,-0.0363114738012283
0.00720886268153374,0.010206526563373,0.0308776323034834,-0.0261881469773211,0.0612613125737742,-0.0236220175637957
0.0162815811498341,0.0230187127541415,0.00463241338158907,-0.020071877625279,0.0197304953442457,-0.00689861263103632
0.0248588208199491,0.0239348132256164,-0.00318633347401543,-0.0153759669672114,-0.00413835668965756,0.00888831385806026
0.0237338873749896,0.0237313178325844,-0.00556185778347435,-0.0194494178549231,-0.00495499475744062,0.0117416227999107
0.0234415518499842,0.0230941272651832,-0.00329086510817868,-0.0264879532663354,-0.00663536828845273,0.0135079300261402
0.0205074197890579,0.0250728790813555,-0.00237721248632186,-0.0327575021915799,-0.00288889148788091,0.0116023471591055
0.0148941086369958,0.0220416084058185,0.000703516352544249,-0.0387650611044859,-0.002244550423502,0.0105595912504296
0.016224132475117,0.0144165160368517,-0.000971489544920028,-0.0411081465529471,-0.0136648696413249,0.0216644608492567
0.0152351202128359,0.0122537567190713,-0.00146254774987934,-0.0454024135090442,-0.013483548911364,0.0232097202945294
0.0179897009529812,0.00929989884434909,-0.00266090683401366,-0.0485619231260011,-0.0161771380177483,0.0291122166030956
0.0192689836085258,0.00783873255563738,0.00106518872845833,-0.0487863525045065,-0.0146809873529154,0.0288508027554309
0.0159597808013622,0.00614989155473201,0.000706842188788555,-0.0484341839830738,-0.0154235897608376,0.0282888823308256
0.0174171283454947,0.00557980810330527,0.000670041748005735,-0.0505857428767352,-0.0155301948498921,0.03027414371917
0.0185280047836776,0.00509610404913323,-0.00269045307640752,-0.0605905214410465,-0.0134958355815691,0.0373802157701569
0.0163026163584885,0.00183932544815829,-0.00256455765278172,-0.0676333606113204,-0.00966669451382002,0.0401960514219002
0.0151593450537382,-0.000910643499595889,-0.000849764366743961,-0.0703778718735107,-0.00625759605516476,0.0419563011658922
0.0143175635847841,-0.00239078267546353,0.000994885567233876,-0.0647584546232301,-0.0045481076520631,0.0397894477860985
0.0166734857520374,0.0340346810414655,-0.102828419799672,0.0432700983645152,0.0173622062111523,-0.0445786903382344
0.0132634611252355,0.0186579615177923,-0.0839972647764047,0.026376755526015,0.0416211650539283,-0.0403722789582949
0.0134385164196368,0.0214039677912293,-0.0140964213320302,0.00816066451227401,0.0936818612617319,-0.0443884860548465
0.0133713257184825,0.0011414125560435,0.0116786799185257,-0.00808615209695393,0.12381226267201,-0.0388059287612998
0.0137148535753321,-0.00410081846679837,0.0187074072624099,-0.0133451615255565,0.129269018713068,-0.0381869064344456
0.0106112197450235,-0.0116391192210261,0.00555066207901385,-0.0130775485532585,0.12097214073255,-0.0371960920427797
0.00923193499403635,-0.00306374066053072,0.000468601652164392,-0.0151292333005713,0.111825231813785,-0.0380754418236568
0.00861577117354521,-0.00365954325446155,0.00265631370121254,-0.0175144495187335,0.113654333166327,-0.0365247043946471
0.00743176902177165,1.74534950973101e-05,0.0213532208196344,-0.0285588741934415,0.115986838056084,-0.0360183603178986
0.0162732590017287,0.00683883837494785,0.00890172263832971,-0.0221184176830527,0.0762055592320751,-0.019949603854356
0.0103798435475695,0.0126463163273697,0.0164066613118544,-0.0244272844934843,0.036828230723995,-0.018096622680133
0.00603249434037649,0.0312189715222288,-0.000461413951107286,-0.0253380577484767,0.0246218165467882,-0.0280859752532162
0.00715467056238191,0.0330126375403826,0.00404373548480152,-0.0327932953291531,0.0273489206199379,-0.0259128688208848
0.00402620171306281,0.036352678850665,0.00369151289416474,-0.0380568490152009,0.0290872784294574,-0.0282155269195011
0.00423971957155696,0.0349744594440993,0.00443825417143521,-0.0442463203628314,0.0260797195711345,-0.0250600804023429
0.000583442231054256,0.0340535430599599,0.00635183632410337,-0.0492692087380404,0.0267225522816585,-0.0245070899185996
0.0136745838720813,0.0221504260106381,-0.000250736769463084,-0.0437621229511648,-0.00440692783912101,0.00478396415824457
0.014633775065929,0.0187548683512177,-0.00731609435486342,-0.0436533447610249,-0.0187610561005574,0.0167501362686821
0.0149673043128229,0.0173104796218175,-0.00829635785255855,-0.0476237468645411,-0.0207235581958064,0.0198276304416429
0.0160280732570499,0.0141118796378608,-0.00599316271248838,-0.0485866414175223,-0.0218573909268386,0.0200133589675317
0.0179639505128204,0.0117156623729787,-0.00437038879849271,-0.0496517628167957,-0.0198522346932001,0.0247466580189525
0.0187110328449742,0.00841250643731751,-0.00230224698828358,-0.0464175706826071,-0.0196984964771756,0.0258176240344302
0.0177343613233364,0.00629041952237499,-0.000691534183024022,-0.0494849372775775,-0.0187904662040013,0.0262055711188743
0.0172017479037171,0.00461266889337523,-0.00120250802369115,-0.0592974690947034,-0.0156861543464597,0.0308459061680382
0.0163502479993655,0.00268073297048845,-0.00128608389704681,-0.0635448187288282,-0.0121974472716964,0.0334934832526617
0.0171887572398491,-0.000624760675067917,0.00337758382756276,-0.0642654673715111,-0.00930465246286643,0.0341929416316681
0.0162344857240398,-0.00137205836540515,0.000270059741432721,-0.0637339593444555,-0.00884253988669505,0.0352701595753581
0.00870013711571708,0.0109373278829062,-0.136632499640301,0.0255648604749666,0.00279272748281592,-0.0378386474998985
0.0140997341348935,0.0265752091223564,-0.104390176649903,0.0123801729947995,0.0308699626411867,-0.0331607334007838
0.0149091874958317,0.026297175610908,-0.0608963891142901,-0.00252536649065459,0.0503026957787299,-0.0291165028149577
0.0123852523500673,0.0196177335291077,-0.0547274686670901,-0.010718517802216,0.0731728853480141,-0.0337611644881671
0.012737590511107,0.0163769300948949,-0.0476606101364613,-0.0148697905188351,0.077179076528226,-0.034602223626112
0.00205848498751456,0.00499886799773271,-0.0150673356085837,-0.0158034330910809,0.0929079985631484,-0.0468861279075587
0.00304084567754404,-0.00118797640924907,-0.00225924650119248,-0.022534411959652,0.104380530829027,-0.0442976654727568
-0.000589136144919848,-0.0118794980652507,0.00955755298597365,-0.0316815160187305,0.117794017606644,-0.0406434958419474
0.000407206203285935,-0.0192676070036983,0.0448064956102359,-0.0449144337948345,0.128557040920922,-0.0342128301126542
-0.000495281229598764,-0.00573316097802969,0.035190163373799,-0.044249598594291,0.109640504582414,-0.0396354396351831
-0.00846444824645383,0.0116464623464976,0.0326726368808358,-0.0411107071516808,0.0760320839000603,-0.045068547605432
-0.00740583836520805,0.0400019999492224,0.00504137648111484,-0.0323308613043484,0.0374678663265845,-0.0528877430942748
-0.00616049092785872,0.0437345518780286,0.00294676432194386,-0.0377915549764715,0.0271685353869123,-0.0485878446565067
-0.0070517974277789,0.0437617941043321,0.0032399260923512,-0.039768253244097,0.0267856592191913,-0.0483733057627184
-0.00244023370287546,0.0394099925719769,0.00328726313331897,-0.0429089363952355,0.0155231970259048,-0.0372368687149928
-0.00450183586117367,0.0380361055566698,0.00527703463104235,-0.0466837592626939,0.0175116858230572,-0.0356395821589826
-0.00488520526050332,0.0365727667465474,0.00587054385417649,-0.0529618304312867,0.0190594798083159,-0.0322622376300007
0.017300968127859,0.0226342923873559,-0.00802275752140909,-0.0437330155050439,-0.0261041447030118,0.00767665788777241
0.0178763006237661,0.0203531960168653,-0.00842319672553629,-0.0485725764249595,-0.0273296680958598,0.0118286859705145
0.0195286229073675,0.0149226791917813,-0.006588039205741,-0.0496421210308273,-0.0249775162295489,0.0159114742962884
0.0138704950645901,0.0137006558743418,-0.0048419536999685,-0.0534351519713075,-0.0229524058863507,0.0165694636036558
0.0144212763752853,0.00985659376063442,-0.00197891400130394,-0.0498915146237238,-0.0238363213378872,0.0185923728489197
0.0128921569402977,0.00905711082370615,-0.00112927981388692,-0.0519001276224808,-0.0237010554257977,0.0175076861583678
0.0154701256366023,0.00922201487740077,-0.00404548713368094,-0.054874514116744,-0.0235849511604179,0.0230615689285338
0.0149739092395122,0.00575181107579378,-0.00112802504858577,-0.0566268138869338,-0.0207073095397188,0.0255297851632472
0.0154370685521297,0.00122028493470715,9.5306529468702e-05,-0.059627814216412,-0.0155916285880898,0.0286383726035014
0.014898024113112,-0.00356244572243274,2.99553877140077e-05,-0.0576623201829944,-0.0143871875820319,0.0282747422390609
0.00588538144946852,-0.0028951732381529,-0.148923142413926,0.0149932386714052,-0.00709341852425305,-0.027533076325682
0.00759076929607068,0.0107732140338901,-0.137280772447626,0.011163044601424,-0.00100880689735645,-0.0279323265900183
0.00884446608155615,0.0298477883958813,-0.112408020135694,0.0021350266273865,0.0110274347726967,-0.0324418584181317
0.00947082032310532,0.0489469671326112,-0.0860449553940821,-0.00435410829983073,0.0275406976135674,-0.045450106704677
0.00473644832779149,0.0473924444433335,-0.0782258878552287,-0.00411357058191934,0.0270749947327038,-0.0526491407912993
0.000978358448114044,0.0364527670179064,-0.0565952735381149,-0.00879393007711446,0.0421697287345984,-0.0538774523174668
-0.000884459026038325,0.0200212416801333,-0.0331803934130698,-0.0156107745945943,0.0579335411495239,-0.0515525035909612
-0.00207134230389625,0.00135111161637663,-0.0132855226729184,-0.0295433333717004,0.0835637862658955,-0.0431136980470198
-0.00442840247486037,0.00762704177939776,0.0141406605272854,-0.0362689829273965,0.0955480150749863,-0.050334508116238
-0.00998602279263096,0.0108070375190193,0.0228292377409217,-0.0412601100688499,0.0777006650587649,-0.0518893979475583
-0.0107778547425093,0.0317669807941839,0.0174842349911862,-0.0343233868430569,0.0492803992740395,-0.0579479100820553
-0.00815957251201481,0.0466081640851149,0.00324785693608148,-0.0292671016719472,0.0280592212264924,-0.0603933434354854
-0.00777721926711835,0.0477417974060535,0.00602833731100762,-0.0332118773618941,0.0193612176562245,-0.0598083990918155
-0.00877487516029625,0.0447813294635262,0.0102594759823265,-0.0387061307019726,0.0220549800981706,-0.0598104226094665
-0.00594124440095909,0.0415820463017318,0.0137050076334766,-0.0458802013581816,0.0262486843314606,-0.0555437124736972
-0.00033557238509631,0.0377171719286195,0.0123497651439013,-0.0442507542080735,0.0168395147904132,-0.0456905895051231
-0.00183698557987328,0.0360386450032674,0.0130942661323595,-0.0490245689913462,0.0168233358506711,-0.0433036152399978
0.0184242964303157,0.0237930078742495,-0.000767661494923292,-0.0387032558597703,-0.0301819072802993,-0.00391778255143483
0.0185271278291987,0.0232528170298771,-0.00192772530278354,-0.0456472216656516,-0.0272588143915999,-0.000590886646072035
0.0122899982461502,0.0198471140815905,-0.00396963931339539,-0.0518253092281513,-0.028234425865745,0.00260879015453364
0.0079700729718277,0.0166734281551417,-0.00352642158723256,-0.0538917915019579,-0.0247690858656242,0.00425084364289207
0.011640255325687,0.013655537249674,-0.00411445230576377,-0.0502920399242982,-0.0279535131586193,0.00925674765345224
0.01047409769518,0.0118941841665301,-0.00242350089732279,-0.0526497531765608,-0.0241370356253138,0.010242164787141
0.0127644765217836,0.00969248716225948,-0.00160221946666721,-0.0512183069473684,-0.0239305589230046,0.0152990069850678
0.0148584552224555,0.00759842080425678,-0.00151001680929527,-0.0534894665298909,-0.0221223888543233,0.0177309232299188
0.0146546109336306,0.00261074046196684,3.0393679965124e-05,-0.0542061486032103,-0.0193237870390167,0.0214048779180803
0.0116057806430946,-0.000816531792407841,-0.00107901177397058,-0.0573499583306578,-0.0165476142633129,0.0233842208253532
0.0162098076878926,-0.00738273728722455,-0.158243479846832,0.0125427719303697,-0.00455081277121536,-0.0117488707132021
0.018060271185736,0.00177655770505221,-0.171221624034056,-0.00198690739099159,-0.00666917228378357,-0.00205875091373994
0.00989599296194675,0.0129291512622172,-0.166491062888898,-0.010504670588948,-0.00199548160999607,-0.0169666713898693
0.00312587263988717,0.0205692283690622,-0.148182590026606,-0.0130148802301005,-0.00472841961279956,-0.0304261598782643
0.001783211295493,0.0193945444664666,-0.138426762658339,-0.0094827033785852,-0.00425463202800161,-0.037661575155246
-0.00525514896283789,0.0163818740769201,-0.1171539383891,-0.00472892311678011,0.000140012433598533,-0.0502598093885929
-0.00546367214046547,0.0169369808565017,-0.10535332690131,-0.00457207094397151,0.00466481259450966,-0.0533850270152336
-0.0016576050396284,0.0398843724278363,-0.059581717450916,-0.0140498833961683,0.0299571559688689,-0.058571868098378
-0.00165321047983234,0.0367942088942355,-0.0313887412094705,-0.0262947977630788,0.0534671690417245,-0.0569003739463378
-0.000733875125287086,0.0143285236404549,0.00705920095969706,-0.0276252582993643,0.027831119477341,-0.0424602349239194
-0.015001280670686,0.0216037102809192,0.0258484305634185,-0.0340808235936959,0.0406092866016637,-0.0630527358237139
-0.0137939982379443,0.0376619570188342,0.0137631052996302,-0.0318073437139338,0.0248450722687976,-0.0651324877482934
-0.0103760765346238,0.0434791010011279,0.0110103847277529,-0.0310545716094652,0.0182377728681544,-0.0661947438115029
-0.00846056254368511,0.0411338869062413,0.017996944581592,-0.0316156542321024,0.0186634824577324,-0.0679580415581541
-0.00751438079464129,0.0417104862007748,0.0186608096744323,-0.035864183594315,0.0198132087447117,-0.0654400066517544
0.00465725762931629,0.0347928125690041,0.0136941855731374,-0.0291285488589099,-0.00598852968647956,-0.0463275046002732
0.0047179128675742,0.03402723197916,0.0135960733836013,-0.0367904547805452,-0.00731639940007855,-0.0452602448807482
0.0139879986192041,0.0301640638462447,-0.000437576696318689,-0.037024065708118,-0.0315073092927615,-0.0208622756896572
0.0107926811651346,0.0292491341974389,-0.000295942686351802,-0.0432299406361298,-0.0299030099376641,-0.0175718243010708
0.0116760424534095,0.0209037286245158,-0.00377174127651032,-0.0469808298924906,-0.0351674612744118,-0.00461129045932267
0.00818092774062548,0.0183361432671251,-0.00282675953219193,-0.0500173017278849,-0.0315532822552308,-0.0024335793739282
0.00606834721278846,0.0145764692096822,0.000132902218255967,-0.0506327487063392,-0.0284758472771485,-0.00173727978494185
0.00725045537301888,0.0135654717309802,0.0020075115564933,-0.0488475666096015,-0.0275122835057689,-0.00156414411506988
0.00926722765907673,0.0112358868376175,-0.00120266289288536,-0.0507301475231109,-0.0301343589323793,0.0048538069323971
0.0119042512165291,0.00823039947880199,-0.00137748927711517,-0.0486023396249016,-0.0304920396724238,0.00785860043923133
0.0107723071028572,0.0055129531323334,-0.00141664018253696,-0.0489573465459037,-0.0256855814804747,0.0104992223642426
0.0108945850769974,0.00159284460579145,-0.00283990357666328,-0.0507432192175262,-0.0243009128639324,0.0129176767045967
0.0213306178439897,-0.0531571349743478,-0.174187526682355,0.00936829180838069,-0.0250260208878941,0.0158913554923084
0.0212371601336316,-0.0431364155691378,-0.185959250867927,-0.00390404209421379,-0.0288034827604085,0.0227507196199394
-0.000682884423834716,-0.0276100800477876,-0.172175212029484,-0.0207615686430275,-0.0101707575274023,-0.00514108211795066
-0.00530956125635045,-0.0248555469983318,-0.138812120693981,-0.0166528642502731,-0.00838758740918575,-0.0210419442629705
-0.00407012762253503,-0.0136179586859878,-0.148103637734101,-0.0127056920923176,-0.00336483078879813,-0.0314099752163035
-0.00487287906766095,-0.000799964191420936,-0.115437620666035,-0.0101687075250106,0.00252518626948968,-0.0461433290476154
0.00432738218270539,0.00689744279756406,-0.11104287095239,-0.0033416885610917,-0.0142276261894481,-0.0367298071070771
0.00334100823796574,0.0129859462699362,-0.108615662418934,-0.0111896520207794,-0.00809655915043094,-0.0370632120876253
0.00517021689678206,0.0279110195612067,-0.0264606649190564,-0.027964621174361,0.0109637868782786,-0.0402305200769097
-0.00331419778919552,0.0281283949268215,-0.00940259301975234,-0.0241794004870291,0.0138675607048049,-0.0520829126775827
-0.017342079752766,0.0338412013121521,0.0160295393253177,-0.0250920368319357,0.020343053176229,-0.073158705759855
-0.0144100336043906,0.036712063920779,0.0190239291070803,-0.0232032465869325,0.0163245342636972,-0.0752412804062683
-0.0136051309060864,0.0406434866267363,0.0190151863154352,-0.025451515561935,0.014259707657338,-0.0740496031355221
-0.00904991242237294,0.0378348732700831,0.0208881983739331,-0.0233768191096046,0.00567979875215624,-0.0691422636193719
-0.00856678011767285,0.0399266781611891,0.0206877509644359,-0.0287914776464712,0.00456559056932232,-0.0684055295378715
-0.00687635595119825,0.040666721561147,0.01831436061348,-0.0320128649853696,0.000512319605514477,-0.0666326912120077
0.00582053896129382,0.0336373335962364,0.0115331591922874,-0.0302946102777506,-0.0242832899983258,-0.0459839668598808
0.0100851815513372,0.0296928000558412,0.00218610150196896,-0.0331065711735501,-0.0393768103586173,-0.0302345955000413
0.00927892572203489,0.0289612360144214,-0.00403579513386907,-0.0394493019160011,-0.0405374720235736,-0.0255997336089897
0.00698702145564878,0.0244436246896111,-0.00833210909302596,-0.0430805060302022,-0.0470419208496102,-0.0156428243152919
0.00733218389080756,0.0218116310775912,-0.00663428054650503,-0.0426490705468368,-0.0440720890643671,-0.0127571050104889
0.0107986143637504,0.019844499090284,-0.00243985034337862,-0.0399130944747009,-0.0425594809712588,-0.0115498489456477
0.00634001219343384,0.018365862670589,-0.00144206503432771,-0.043047466162081,-0.0428528523218354,-0.0109461037730426
0.0113994503829437,0.0152621127560874,-0.00505789218178361,-0.0430877379492721,-0.0445730042307127,-0.0028460668267662
0.011318948396034,0.00920240239552325,-0.00430611411784774,-0.0434027305360639,-0.0391914661358768,0.00168907856301437
0.0118438740861099,0.00494277403696976,6.2309887493919e-05,-0.0443991356563135,-0.0316204412474217,0.0045117104963413
0.012364423335234,0.00071276156054361,0.0021081483030417,-0.0436914584088112,-0.0295377112756201,0.00536013507275867
0.0120150639818695,-0.0759778474962415,-0.156537381806041,0.000949374692109006,-0.0236026593440433,0.0118562772703339
0.00620436714080514,-0.0623776186603041,-0.175280922731561,-0.0104606943324671,-0.0049097535846504,0.00312323213818563
0.000628654186225973,-0.0520795796844937,-0.169579054256979,-0.0191294771159566,0.0027792595583123,-0.00483877540692724
-0.00010311045629705,-0.0388786818972679,-0.137701432764403,-0.0187290272889306,0.0146835753826967,-0.0204361372198594
0.00311133290858464,-0.0407312240052819,-0.127067595997192,-0.016351891845227,-0.00638481032989996,-0.014048289512606
-0.00680980739501247,-0.0269158177809635,-0.112396243444046,-0.0191911984162239,0.0060395014532755,-0.0366793096137103
-0.00907757567308039,-0.0091393093748805,-0.088291946184827,-0.0230804513863056,0.00451362204970699,-0.0429483310034469
-0.0113857586923313,-0.00381581976025738,-0.0898481775107049,-0.0303164110412516,-0.00468545105430675,-0.0401849506087879
-0.00813436244838696,0.0222237152756345,-0.0134986453874923,-0.0394347137080891,0.0224610927661669,-0.0531307346952204
-0.0179046328504225,0.0189037271053077,0.0137775011451741,-0.0294268420198903,0.0284974195385188,-0.0716982982766892
-0.0166623420642805,0.0226677100900803,0.0212711337366679,-0.0264495197402957,0.0212635329115264,-0.0755110658781543
-0.015154877691977,0.0261593251721742,0.0211852444236518,-0.0218292022288516,0.0156607005812636,-0.0769200168032778
-0.013249219141359,0.032676318331778,0.0257996022508658,-0.0212728670616588,0.0116190343874185,-0.0803145706362444
-0.0173910409529878,0.0337673214941494,0.027664740882228,-0.0209640837414452,0.00815471363851534,-0.0834863010568213
-0.0183184713005572,0.0401360896019492,0.0255577466256618,-0.0244697284611471,0.00491748968401263,-0.0830754918235383
-0.0171531359741818,0.0391145032780908,0.0227141700242328,-0.0285596883156129,0.00122347930807078,-0.0800210270135892
0.00367169951359215,0.0287764344980828,0.0105747305722298,-0.021791231480634,-0.0413701898114864,-0.0452583974810532
0.0110714265330168,0.0230180268160495,0.00535238558083391,-0.0217146319236738,-0.0555349757470544,-0.0301355317480925
0.0102311583414481,0.0234266343843788,0.00175677406894819,-0.0283447699812615,-0.0548254102435085,-0.0260951381082318
0.0106557528519248,0.0236833369330544,-0.00269587877006447,-0.0314142226782013,-0.0546605400208375,-0.0229604389833225
0.00970776874182148,0.023380117416576,-0.00566875556133587,-0.0299812691113585,-0.0555928894235703,-0.0197856420091294
0.00931329933523554,0.0212838981582925,-0.00826056710391595,-0.0296579969853828,-0.0565210901593842,-0.0172895546963581
0.00627200544433257,0.0183983497419119,-0.00597117979130247,-0.0358761880568066,-0.0532436788732116,-0.013481854811996
0.0107527230741358,0.0134425933204604,-0.00305375636975034,-0.0364405237600688,-0.0471023453253867,-0.00653398263506932
0.0129835410780208,0.00660965278365952,8.86654173715608e-05,-0.0333553297964034,-0.0438158428370645,-0.00496458118298943
0.0116756405502352,0.00153948142736749,0.00376581843905693,-0.0350036502682931,-0.0382356708996948,-0.00267264227627195
0.0091373476735429,-0.00148730647094608,0.00202827057623205,-0.0366121186204217,-0.0381004579427015,-0.00284696631192911
-0.00112871144504159,-0.0888638781258847,-0.108440488790415,-0.0031364743357296,0.0237670635194251,-0.0184601635895976
-0.00453333897906613,-0.0819970051557893,-0.14521118735317,-0.0160978040140284,0.00920155001903412,-0.00617881345456263
-0.00340467773479304,-0.0660559950368469,-0.125554076938884,-0.0189139292279735,0.0103101201815692,-0.0151676364287446
-0.000706319978819206,-0.0475088334192165,-0.131830050297796,-0.0127117228536436,0.0112277267899692,-0.0266904254455084
-0.00557537554419789,-0.0470506474020884,-0.0987179873495575,-0.0119772844943943,0.0109145458873316,-0.0392576568123126
-0.0029398392245083,-0.0423365662241889,-0.0944247605076241,-0.0183277605583528,0.00406403163027043,-0.0339650693246082
-0.00443607156401946,-0.0172844165671438,-0.0566209723153504,-0.0337533264309357,0.012887648829791,-0.0380186840528754
-0.000439544659006056,-0.0164668076962434,-0.0569255987432688,-0.0323676787296356,0.0018975744218286,-0.0297922209050753
0.00310973853607879,0.0100989968087772,-0.0378302909338619,-0.041501190687585,0.013170456061847,-0.0330491815919416
-0.00284043258028969,0.00109363769305399,0.00529793000804432,-0.0231040014560936,-0.0015559525647804,-0.0480181946374044
-0.00606619231472188,0.0118257471269367,0.0258916220097995,-0.0123177171334279,-0.00596874119218108,-0.0618336844129829
-0.0157577562448591,0.0221808399901942,0.035483961535217,-0.0163080408581919,0.0153361105672398,-0.0855584719137849
-0.0149680401034788,0.0264910374990547,0.0329576789286562,-0.0137879372086203,0.00956183947773401,-0.0859384995492468
-0.0189331788664816,0.0288622943104617,0.0319843869141121,-0.0154845163456898,0.00498648186693686,-0.0889496504256849
-0.0163687227424128,0.0350002952075028,0.0284048232987823,-0.0166001399795773,-0.000457343569238849,-0.0883945095285215
0.00238990334223488,0.0269174496505036,0.0179166312583569,-0.00812101058729664,-0.0427153245546312,-0.0573939064259491
0.000416241106013537,0.0260160421458062,0.0172897012545048,-0.0131231621905758,-0.0446157404206948,-0.0576977945492282
0.0132574065366797,0.0210237205329465,0.00640906079675088,-0.014736630450201,-0.0629808607777178,-0.0362654844322666
0.0121601860967922,0.0205582120983516,0.00647559781321212,-0.0174606089499355,-0.0620953700573896,-0.0333005463446684
0.00946173252200596,0.0205616914581794,-0.00114181069568095,-0.0209360318890598,-0.064822246274304,-0.0281940454000585
0.00988876984857879,0.0187949177851761,-0.00637814543935432,-0.0177320682553803,-0.0682875558236055,-0.0248552607956332
0.00754380499132431,0.0161625595698706,-0.00703838922858962,-0.0181093422635809,-0.0682245719122809,-0.0224232498893544
0.00970121067746605,0.0167293842766996,-0.00429766598797556,-0.0164342993975578,-0.0666696987952156,-0.0201825484287701
0.0108731666894228,0.014296486236824,-0.00487035903981617,-0.0204674608774859,-0.0632245719326665,-0.0158165516685374
0.014234532033792,0.00716102420476446,-0.00440372766931281,-0.0217413367002928,-0.0576681382877731,-0.00950831370263027
0.0101583170138534,0.0010765204019466,-1.17279820468748e-05,-0.0231534194473565,-0.047323303584335,-0.0103056811689387
0.0087452145094294,-0.0029935090273576,0.000819331952701524,-0.0287104317947189,-0.0420239150636989,-0.00748409143208529
-0.00753932217159326,-0.141172077023087,-0.0799428023827235,0.00434832118720953,0.0177137645368826,-0.0152275549514584
-0.0117775555237709,-0.140793143805712,-0.0929126573874797,-0.00063962637700836,0.0101190697746207,-0.0154596729919169
-0.0172354167385176,-0.126352715462334,-0.0395937763183287,0.000726041249247751,0.0223190704145392,-0.0374247845271955
-0.0120224350178807,-0.109997832373543,-0.0516896751186103,0.00789504974829303,0.0260406683539224,-0.0467632644897787
-0.00427183321672136,-0.105031559671228,-0.0355629643004042,0.0102389205185617,0.0179395117731536,-0.0419237726424644
0.00185327276013336,-0.0769734969473243,-0.0400336062362984,-0.0117959629243423,0.0119204360926055,-0.0268706312757148
0.00550038545446947,-0.0622967321843233,-0.0449159529195049,-0.0189943199119834,0.000571542584740012,-0.0164671809883522
0.00287326533568474,-0.0426595278091141,-0.0110279231665714,-0.0339544890494378,0.015526318216454,-0.0228758912552075
-0.00233518646370091,-0.0255356904837116,0.0208915600371633,-0.031641241501434,0.0321359847601671,-0.0463953042061075
-0.00999719896374633,-0.0193096026332457,0.0353915771673109,-0.0278176942870757,0.028126368334418,-0.0602073497266482
-0.0144050946054491,-0.000506998682705459,0.0530329566005056,-0.0184473209030179,0.0312194972552565,-0.0842078990710749
-0.00736465970724172,0.00376675577431194,0.0490437708890859,-0.00929368065158569,0.0132098316625853,-0.0787955520972907
-0.00837554056751226,0.0132930618640828,0.0402874805766459,-0.00805690108002614,0.00340196490886274,-0.079075435239401
-0.00484658974938204,0.0120384515290978,0.0330498471343013,-0.00459964497565459,-0.0178678621101846,-0.0676430453336055
0.000441436819143431,0.0139055529665698,0.0279857345644824,-6.24434548711899e-05,-0.0360967223054977,-0.0617781144514105
0.0111721068901309,0.0152604596848087,0.020456937320841,0.00616254500759793,-0.058365665914465,-0.0506934859661389
0.0111579464905804,0.0195097175982817,0.0156450427670288,0.00425401030632487,-0.0624683343768001,-0.0514882093417917
0.0155019733599585,0.0179645727364297,0.0135493767116732,-0.000399043709804779,-0.0688779769549047,-0.0444758156798963
0.016923924528915,0.0179606597998966,0.0083292326160933,-0.00639461560600844,-0.0713344188273634,-0.036746989026542
0.0152021386977834,0.0165779643691375,0.00605492755847716,-0.00527937500775572,-0.0743429694351008,-0.0358950531780215
0.0137479524770393,0.0146459826337547,0.00214836633525772,-0.00118472068405874,-0.0778788803721462,-0.0313228030815081
0.0132177287357235,0.0135649366604389,-0.00262648455618779,-0.0026505426478673,-0.0780805041369549,-0.0261506827368951
0.0135918712188822,0.0122012865596967,-0.00460078154854615,-0.00128334189280876,-0.08007562711261,-0.0230063838736671
0.0131891998595175,0.0126643828540514,-0.00675316594640626,-0.00357549813169322,-0.0786699620100861,-0.0208801611902728
0.0142616801311868,0.00852669583540674,-0.00522947634423858,-0.00606947996325936,-0.071474937738899,-0.0172884899861663
0.0136218575757488,0.00470058117280497,-0.0056794353631867,-0.0108541951586751,-0.0658902870862271,-0.0137059608250946
0.0119340234265191,3.33126845054986e-05,-0.00451188603223579,-0.0194300431777059,-0.055771481633647,-0.0122120358179096
-0.00845208486006873,-0.166145193964461,-0.047062194519283,0.0148046205680984,0.0188078296957411,-0.0244873988828239
-0.0126755872368259,-0.165389056314525,-0.0318942369625266,0.0161067840991097,0.0200849713848073,-0.033032684146013
-0.00312890826186264,-0.153066932459204,-0.0231592366447379,0.0221512431392777,0.00185153963587365,-0.0242222643017049
-0.00295714037321188,-0.136769515793089,-0.0171243679081489,0.0127708583767239,0.0105546731901492,-0.0307797346619636
-0.00292507916882916,-0.132988208118121,-0.00672339825151793,0.0106062081553684,0.0127924623604353,-0.0345313730444563
0.00711109044468592,-0.129699037326216,-0.0051732241897716,0.0165215067627015,-0.000446982574412062,-0.0286786056811208
0.00288747522896092,-0.0828473737588292,-0.0108002416566308,-0.00511543921065679,0.00444801532226074,-0.0320011403346436
0.0109883971917021,-0.0489932934545601,0.0401252164101688,-0.00940504030332424,0.0224954557887877,-0.0440187854997945
0.013763522654228,-0.0367048046325343,0.0471175619241833,-0.0205643637526618,0.0249930021516989,-0.0374209018445864
0.00722619294735643,-0.0387288208211702,0.0637428707190534,-0.0133590278851014,0.0281505830334195,-0.0489985941314029
-0.00820464909510089,-0.0222564818166247,0.077952141967349,-0.0151601855257728,0.0494293361017162,-0.0813703916042781
-0.00288499122068896,-0.0133890328670693,0.0658071420648079,-0.0120330943759911,0.0276275673212426,-0.0734895532999555
0.00137279244811055,-0.00386518602432206,0.0527085534173908,-0.000761321333270552,-0.00231836374568514,-0.0684122476119267
0.00405036259820386,-0.000533491446393481,0.038852170209101,0.00389202811931337,-0.0297622833064555,-0.0587234342301109
0.00545943922603073,0.00650322285655296,0.0319983687723451,0.00626988011288731,-0.0444730789814934,-0.0586428495169618
0.00741005612897644,0.00922600327571649,0.0324170316919273,0.00988654190846359,-0.0526230920118279,-0.0629809900228297
0.0134847398577805,0.00979925209983596,0.0251701969753411,0.0160186583766164,-0.0697152874071158,-0.0545284223590449
0.0168467015415468,0.0103823005395436,0.0191641821607078,0.0131756569424208,-0.0749529916833774,-0.048659830085691
0.0166536063003264,0.00900768253292288,0.0158855799345653,0.01029212332655,-0.0751801595065041,-0.0450251763089647
0.018131199239367,0.0124482814469303,0.00894980651775585,0.00699049981533514,-0.0775750082736977,-0.0381926462461404
0.0166127939638307,0.0126242249235877,0.00447676964792627,0.00954376396670511,-0.0811447864467559,-0.0356954254783895
0.0152107972122,0.0106364561275741,0.00364068288176547,0.0113000690794952,-0.0824705872307684,-0.0338454026622341
0.0136705484261929,0.00800330143590901,0.00429517235548244,0.0173341383721152,-0.0855876312753841,-0.0331114074437507
0.0136063090961503,0.00915218590678028,7.02337917971385e-05,0.00935025832403978,-0.0801278758046384,-0.027586992421269
0.00835386318077593,0.00868852924352417,-0.00188399709098501,0.00529485315852081,-0.0771082291615784,-0.0256379289318164
0.00687735950446629,0.00506938184580336,-0.00315035089357977,-0.00290194764018632,-0.0719251848812438,-0.0222033805086042
0.00890999770654343,0.00132591941866633,-0.00499714188528692,-0.00769674059493624,-0.0666713219742356,-0.0165892579272125
-0.00281229523088549,-0.15641209252476,-0.000837366517221567,0.00895091396012394,0.036906248983609,-0.029569217023476
0.00447514724771396,-0.158597425309237,0.00424690966002982,0.0200378091411204,0.0205567566928295,-0.0215269202612824
0.00121943524208795,-0.155077446606765,-0.00747287364223175,0.0225836283257793,0.00624610797796967,-0.0266424352650595
-0.00189030528885678,-0.151622036755712,-0.00497552763141904,0.019512421997025,0.00561448994270111,-0.0293468971640635
0.011317428558752,-0.144162529199846,-8.76487089001483e-05,0.0244888211228297,-0.00997120772733162,-0.0187129634302119
0.0106743459139316,-0.143084073365735,0.0102338612769033,0.0240765960617177,-0.00499973329750611,-0.0238624615021624
0.0238209599836635,-0.0799565425157085,0.0496580829822301,0.00360535316026932,0.00768598524426491,-0.0196679987558668
0.0251448756359391,-0.0788557682148918,0.0500216380866502,0.00615460052150538,0.00111615375649518,-0.0196418829822141
0.0238533331477673,-0.0625585923649963,0.0715433939804862,0.000988476845475047,0.00837898079055155,-0.0271557494145545
0.0213187784208218,-0.0576450761978239,0.0762425436188785,0.00165337862085642,0.00520737266872823,-0.0323943091015168
0.00354133771021889,-0.0329337365932246,0.0785517245588825,-0.00526942273475337,0.0244528995238144,-0.065546835449986
0.00402577397884003,-0.0198565209181109,0.0693921639980159,-0.00412427039792991,0.016651193256025,-0.0682815886029768
0.0081672907291844,-0.0154104430997847,0.0530264259961014,0.00260691498920964,-0.0157182735149155,-0.0555391629374859
0.00319845759016241,-0.0131263514649637,0.0481244613498508,1.63142158802199e-05,-0.0215579404205366,-0.0562095763363445
0.00948058868284814,-0.00789196845064175,0.0385558002168145,0.00616845029662982,-0.0447840690225624,-0.049525405528022
0.0094034349462853,-0.00148760784947355,0.0346553396834289,0.0134607269863347,-0.0602585096786403,-0.0558287836026706
0.0146297106134092,0.00117475318619529,0.0274695327389106,0.019139350492366,-0.0742641874053216,-0.0540974801133287
0.0160370424587804,0.00313667976685978,0.0242203592666203,0.0212075678656054,-0.0767319796393459,-0.0533819418581614
0.0152879704908095,0.00241364815640293,0.0221360008411623,0.0165705395355007,-0.076385840583527,-0.0487996224463648
0.0153313239261081,0.00471726337544852,0.0126434749322237,0.0149345872705613,-0.0788691467825588,-0.0424785114566238
0.0142716134651845,0.00710461006941359,0.010785999400186,0.0177986907046645,-0.0804107884846252,-0.041338561499487
0.0131167861198239,0.00857142518376052,0.0138195544253998,0.0261882935994417,-0.0848479194345289,-0.045258340448146
0.0100674522019977,0.00653766684878939,0.0109494307794142,0.0325885223120107,-0.0928484478337419,-0.0444710811014688
0.00637795341188667,0.008471260350947,0.004507013105983,0.0309618636054299,-0.089948818788889,-0.0433229266368922
0.000661229465894582,0.00688255073410238,0.00148646079443015,0.0210481267699796,-0.0860412182595599,-0.0384138063901264
0.00173312074380322,0.00363357216172347,0.00094194152271905,0.0148254838895704,-0.0830983855874496,-0.0343296012343831
0.00615898367161297,0.000859863658670265,-0.00158308276626193,0.00379187446098462,-0.0720155233003334,-0.0251686169936898
0.00901372292872143,-0.180468232308162,-0.00851654944809606,0.0248001594377447,-0.00479216056637891,-0.00125642199921165
0.00831790833581997,-0.175427429579255,-0.01963705291089,0.0229229791765037,-0.0106541164432161,-0.000289035312118998
0.0102325743315797,-0.163058252000295,0.00138383963033573,0.0250530416129528,-0.00510632104786934,-0.00784183524090038
0.0201979291018234,-0.159410833389689,0.00275507848138124,0.0292880239842441,-0.023280839811485,0.00214749558255773
0.0206790817792397,-0.127730624743999,0.0268663226419066,0.0117169924319062,-0.00836391551103791,-0.00256100377358697
0.019253597048158,-0.122384599363767,0.0571358668482042,0.0110917086270076,0.00395419352864801,-0.0120311495920981
0.0200224467719104,-0.0902309151259296,0.0731082896275057,-0.00289084296070785,0.016457082828149,-0.0150731047437315
0.0180918275397767,-0.0879634456806101,0.0732987662337393,-0.00485006953816152,0.0145802270867819,-0.0169150879764296
0.0212278708005004,-0.0714472995755969,0.0831220832837296,-0.00435184549417336,0.0161846387550275,-0.0237893836099639
0.0180905982837068,-0.0647826251755544,0.0850176405922018,-0.00594773982754183,0.0128818258258803,-0.0279694600382991
0.0145089089078966,-0.0535582145364018,0.0818886640067988,-1.77479177637645e-05,0.00870587337215012,-0.0385259903015663
0.0136960437441777,-0.0477047148791091,0.078338616062481,9.48455122705e-05,-0.00146071060413313,-0.0386595234527913
0.00973704326380543,-0.0327336083138673,0.0682631029936509,0.00249785889012385,-0.0133922258196047,-0.0473954753746393
0.00597743065920154,-0.0254655920398771,0.060186280800039,0.000610987542243896,-0.0307967778498438,-0.0474314299262175
0.00676569713872869,-0.0158808679240221,0.0489335742397205,0.00524109854992766,-0.0452138698052972,-0.0505619714601086
0.00879326827799439,-0.011644195576438,0.040141567494203,0.00946644246513372,-0.0633032254189691,-0.0502208241133665
0.0112173820713251,-0.00419987330130321,0.0369293227405537,0.0148611740160105,-0.0702348146633071,-0.0543316890121849
0.0138757194483361,-0.00282507371630916,0.028587085140842,0.0206156018537848,-0.0773989814877087,-0.052810401915717
0.0135976824103106,-0.000735226146426971,0.0215269779303853,0.0166182237059334,-0.0733799101767336,-0.0484662761382346
0.00907317892236568,-0.00071063363995261,0.0193071791154281,0.0166284614141202,-0.0747293911519985,-0.0488790477718813
0.00676676872722871,0.00470663705278297,0.0174563251695831,0.0226621978194776,-0.0731802830639427,-0.04872685664959
0.00950050122492578,0.005049659953073,0.0122357795913623,0.0345439765326706,-0.0825686803278376,-0.0439785511469729
0.00693356061438759,0.00462241278177075,0.00942310361316692,0.0384132892758723,-0.0901937689601512,-0.0445760348160087
0.00105487902997317,0.00452244254490404,0.00495747650966203,0.0391950515556294,-0.0979725251887412,-0.0493325584652068
0.000756086357395464,0.00303089390037819,0.00474661406379732,0.0363371156022968,-0.0980865621148589,-0.0479875235529453
0.00335214438381209,0.00269881948128355,0.00397721182375954,0.0287097823882476,-0.091430050798506,-0.0422447188021921
0.00647294289203193,0.00431663859570391,-0.000256375278477714,0.0159696251811499,-0.0762873566056424,-0.0328505953188299
0.0191445096417849,-0.177988762878511,0.0087190388989419,0.0265906726671496,-0.015966932567991,0.012873214417961
0.0149192637672841,-0.177428565963911,-0.0112256750215056,0.0286417210116507,-0.0292208013375877,0.0114874359932473
0.0153238978592956,-0.157551531562221,0.00635227564049031,0.0215354445797056,-0.0153403184462907,0.00525916855253629
0.0181637800226495,-0.147596580154538,0.0300640400511228,0.0199620960130415,-0.0102883447835856,-0.000196455995750387
0.0152235089189763,-0.133884621557258,0.0553559173427305,0.0105298682599986,0.0029653910566919,-0.00893757722333989
0.0157523578401746,-0.113545336669774,0.059525392361071,-0.000788447922831273,0.0055548501392377,-0.00929037898818007
0.0131902021180744,-0.0965810961719833,0.057200219509329,-0.0107263348249439,0.00665234906677978,-0.00906766124511098
0.0139928278066589,-0.084986080641941,0.0739003559108152,-0.0110980572235518,0.0115826614893364,-0.0150132338049541
0.0100025399230914,-0.0759449284514987,0.086782121752685,-0.0114286039733311,0.0163208439404655,-0.0245413718949416
0.0141066157980323,-0.0719238787360031,0.0898517265864558,-0.0076167369156926,0.0171619735076037,-0.0265021987330531
0.0157605797273422,-0.0686368481179806,0.0943673165413993,-6.94853183126377e-05,0.0108532472250331,-0.0315659644861629
0.0128210615121859,-0.0626466159710033,0.0887617133927966,-0.00147803148173702,0.00454967224586811,-0.0350492148747461
0.0118945846556756,-0.0539569158447585,0.0837289858924441,0.000705034854671821,-0.00759297420466976,-0.0379211273281197
0.00699263429482176,-0.0465557426888208,0.074745300017769,-0.00162116752344481,-0.0194699031786881,-0.040468370583111
0.00377974883200839,-0.037735344199645,0.0641025660229779,-0.00132088197771765,-0.0305372128241742,-0.0434273410438115
0.00744938621269339,-0.028356151081116,0.0582113857055726,0.00252835257074534,-0.0412438320211143,-0.0461330441142079
0.00997973156942003,-0.0201078625020975,0.0492696513641028,0.00785216993128564,-0.0529190271351145,-0.0481391654015185
0.00955477834906154,-0.0100081763509599,0.0415216971087467,0.0135227074481021,-0.0600821408123488,-0.0516246165232288
0.00263986577292267,-0.00580722810423977,0.0300542628569448,0.0123498992572139,-0.0583917739200553,-0.0541396463051251
0.0032404232493521,-0.00335901861920692,0.026587808431961,0.0225322024158511,-0.0642854887451818,-0.0519326933067988
0.00161249726106851,-0.00183240187886679,0.0231783522155208,0.0304840909517086,-0.0677764935901356,-0.0516505902548183
0.00302275111071248,-0.000477158874844522,0.0202810187841845,0.0322977065548384,-0.070435755099045,-0.048495246594519
-0.00157535286454986,0.00350803409384654,0.0155184473659031,0.0318277143757591,-0.0718247444365086,-0.0477408943500821
0.0012374563888645,0.00293135407501983,0.00930260376633371,0.0392423269095431,-0.0873816265086191,-0.0470196367400696
0.00207129838794074,0.00251179050418867,0.00462879567276861,0.0374380581607324,-0.0913843360151463,-0.0466580213907903
0.00465808627423326,0.00322596950441767,0.0027055874271285,0.0324396712957347,-0.0909154162807077,-0.0420985719413109
0.00578441266961575,0.00281293585157683,0.0012392038210343,0.0195915111068611,-0.0780567397613025,-0.0341122456354111
