0.0465292438180945,0.0402647024638649,0.00530728682822075,0.0524162354867651,-0.00788947943744067,-0.00150694316531162,-0.21589961160016,-0.0980485656021634,-0.00164501739252925,-0.0127835283375897
0.0447509935102345,0.020279296517914,0.0197823858943313,0.054320600375887,-0.00188142912738999,0.00876365055907261,-0.233038853538401,-0.0870058033933142,-0.00388385177500877,-0.0296781370049475
0.039003442815383,0.00459455124545778,0.0151656818049195,0.0321427477350519,0.00222370258227471,0.0165324082339548,-0.233300013608977,-0.0755130271883865,-0.00042024705621666,-0.0125025626182353
0.0128197044988182,-0.0118312739754806,0.0231984830021376,0.0201904142919116,-0.00542274180148432,0.0139808352357975,-0.235705674311201,-0.0371749671848848,-0.00294886698686726,-0.0223680730252935
-0.00223472635713393,-0.0212036711069558,0.0243931096236666,-0.00219166630301687,-0.00850514560810877,0.00874489150413065,-0.235773317783407,0.0175604154608154,-0.005255986816538,-0.0284865168622361
-0.0111560952418496,-0.00823458340752186,0.0268675482701582,-0.00587612274949231,-0.0258861685047952,0.00329366485687065,-0.232241380762442,0.0567825995419552,0.00427089470684237,-0.03222050886289
-0.017890532164489,-0.00675829583750903,0.0252828178834624,-0.0171352422717795,-0.0241310169534025,-0.000801830432235194,-0.230068925821207,0.0857072171472166,-0.000135202502412481,-0.0382936650855155
-0.0156094270050703,0.0163703263779752,-0.0128727158654703,-0.0701517329995536,-0.00142396559808768,-0.0126614464319188,-0.208234404750145,0.109217769951029,-0.0136354597088818,0.0106845111369059
-0.0188680064059164,0.0372851418527374,-0.0237581290772161,-0.0918080680778703,0.00412405988956666,-0.0155895202523641,-0.183408620305523,0.109025050140256,-0.0136768810063734,0.0371109022106101
-0.0182077496546114,0.0513040188524672,-0.0284578435262029,-0.0877184138832743,0.00449664435935043,-0.0114298055223761,-0.173372624238585,0.114967657464396,-0.0203439118785986,0.0430681750326731
-0.0197618536451101,0.0868725890874278,-0.0336389001118394,-0.0746833163032454,0.00287386585861918,-0.0162885849633845,-0.153392238248824,0.109398547142484,-0.0254407670577246,0.046804654967585
-0.0164704376300871,0.119218515022901,-0.0324884732937331,-0.0475561709629577,0.00151466612777593,-0.0110310158480418,-0.130348127785018,0.0854829905314248,-0.0339197588335108,0.0457323119866713
-0.0229837267121384,0.147679336435514,-0.0261133368294473,-0.020527608128057,-0.00239888718692782,-0.00551549916037699,-0.108697155786671,0.0685857614256468,-0.0387785902575234,0.035763921626055
-0.0221547792962157,0.174075586320803,-0.0208017084949755,0.00456692864285349,-0.0069635396922519,-0.00160245310203722,-0.0924362006089602,0.054712719720048,-0.04420990460644,0.0350305560298324
-0.0166078837072477,0.196785409796227,-0.0283661967464626,0.0252538499278245,-0.00483397884002268,0.00259226311913834,-0.0846939059311059,0.0505452376822588,-0.0489368226014933,0.0300689854061089
-0.00882578948511221,0.212433439511135,-0.0332610885036559,0.0395202290209991,-0.00190418709771812,0.00447987466544035,-0.0806929609935571,0.0509685122477059,-0.0511024529945274,0.0235898357591379
0.014299613391738,0.217457505332784,-0.0403043404856715,0.0487883880581345,0.00502742009956804,0.0121895279084026,-0.0800310353081627,0.0515051799523552,-0.0501505456302909,0.024518081466216
0.0575159540005004,-0.00736380995712335,0.0191555024155727,0.0273387350683802,0.0023353381698141,0.0180319158493197,-0.15534554101095,-0.163227433940567,-0.00122147038890429,-0.0170373584506034
0.0468416814836764,-0.00193729838635749,0.0304445992184624,0.0268369600963127,-0.00731004937019732,0.023569939873601,-0.151412463473288,-0.159389814699752,0.00708897654448973,-0.0185760206965803
0.0360542609133104,-0.0147526055726172,0.0303411358616238,0.00579182852811862,-0.00281029226571612,0.0266653026841622,-0.151794712970291,-0.135747099936948,0.00817389119781185,-0.0045563721093368
0.0153247224979495,-0.0347867754262544,0.037060027246061,-0.0120658374868054,-0.00995268852535523,0.0232332598847709,-0.154334892322607,-0.0979707457289276,0.00938582996193285,-0.0157419890560686
-0.00132799169883556,-0.0497609934095802,0.0471474762413826,-0.0264318029361598,-0.0158650540806223,0.0217302577100574,-0.157348017995538,-0.071579610886864,0.00785684083389913,-0.0162462969892533
-0.0156115919889225,-0.0387440525512799,0.0407811126389421,-0.0461054921728414,-0.0269843716884361,0.0121274163740529,-0.156899090397715,0.0077021631373177,0.0142968009750805,-0.0202866851351742
-0.0153015572446359,-0.0270231139367689,0.0223548580815629,-0.103646827668168,-0.00335895344177123,0.0149918199759695,-0.119326085828247,0.0129020645499293,0.00123099463001429,0.0298865246023515
-0.0181876799407345,-0.0099640834317501,0.00741883585987501,-0.127617998751841,0.0039537310160605,0.00862831426458929,-0.102358565569763,0.0289857802213322,-0.00528651053487449,0.0447142684825622
-0.0302040928529438,0.0262164440414094,0.00732340829436506,-0.122996868996511,-0.00936433756376998,0.0081990690224234,-0.0826652605578273,0.0416033490425868,0.00549400428817002,0.0610686706431947
-0.0360152345508746,0.0478985803759636,0.0045817603013522,-0.120259138489923,-0.00866894860486647,0.00763944871605749,-0.0652506435361414,0.0474619299451174,-0.00097839609293596,0.0640505011091654
-0.0344972551218602,0.0802107847009654,0.00563743748608351,-0.0907152978728416,-0.0156156475548587,0.00566592876055391,-0.0550877157676214,0.0454448922849673,-0.00441129108672237,0.0504655602304762
-0.03062882228533,0.114006218832485,0.00530232419310136,-0.0587442653133642,-0.0168032125171857,0.00302168478689162,-0.0444295526976596,0.0446944206693198,-0.0122243768930085,0.0381528824186362
-0.0271406396982483,0.14103766617205,0.00670261297667699,-0.0342330414966825,-0.0205252468557639,0.00648252586276409,-0.0246152215336851,0.0289263463723182,-0.0171596687023691,0.0284517392895009
-0.0233344193904103,0.16225454921192,0.00483110614576489,-0.0151273626599546,-0.0210905216284224,0.00855531434193027,-0.0165440998625249,0.0213161896575152,-0.0230444891358036,0.028446417085783
-0.0165783444418472,0.187791937810408,0.003340025557201,0.0112933417776228,-0.0229824287863752,0.010903467276757,-0.00729852415270615,0.00822150773859167,-0.0250032299533491,0.019715608920197
-0.0098174865556796,0.204860831637537,-0.00150178731865355,0.0281888205424167,-0.0223548727008123,0.00881845520003454,-0.00710608036712072,0.0037670110518088,-0.0292883179361025,0.0193017662805679
-0.0082828797143713,0.206447636887555,-0.000432682901236468,0.0317998552417322,-0.019580204937534,0.0138006248598209,-0.00611117982132749,0.00383623880147281,-0.0277607518820966,0.0220169826464922
0.0387808417939415,-0.00608834632131226,0.0218573913616821,0.00836032755799071,-0.00251012345164696,0.0254312309706701,-0.0710582610118891,-0.212028905558369,0.00709418043660027,-0.0084164871855202
0.0206918238496471,-0.0147369345515849,0.0348170980074686,0.00659501274365503,-0.00795173717542379,0.026885981711871,-0.0753564377161851,-0.187561285049594,0.00707493901387641,-0.028708000588008
0.00314558358731287,-0.0284250578336271,0.0367018709614907,-0.0153735722707032,-0.00914320942347073,0.0294964274566933,-0.0746077761882759,-0.169215689792502,0.00788585173299533,-0.00898787006281136
-0.00376552848505143,-0.0303475494398031,0.0237879980898371,-0.0739082161594281,0.00642276239951468,0.0286037499275494,-0.0492410797946852,-0.150419393078548,0.0038304795080198,0.0310293899036754
-0.0110096897837394,-0.0353041567968873,0.022765395244014,-0.1082144000297,0.0117334667206968,0.0274949803534097,-0.0382411894864159,-0.138571141177212,0.00093582238398199,0.0532621991939673
-0.0186996227799552,-0.0399807023677703,0.016188767378878,-0.139051401111556,0.0172850608674547,0.0239629642701423,-0.0391634180025753,-0.0658539386205876,-0.00538840536475009,0.0574429264255763
-0.0194319866417963,-0.0440301036295912,0.018060039107885,-0.155381619836973,0.0189732035467612,0.0250213121966682,-0.0352524696574698,-0.0417719405846927,-0.00697221798675303,0.0587853946911268
-0.0292524065964925,-0.0386205282260794,0.0153958328631339,-0.167462377901871,0.0159421487102736,0.0189075187350609,-0.0305496543027545,-0.00737386902019678,-0.0069618108048888,0.0572259303546508
-0.0473125064352468,-0.00653110491920518,0.0201960770626308,-0.156572160776781,-0.000365360859968467,0.0186115380874464,-0.0167653361616412,0.0165937596400711,0.00158253937168079,0.0636387085360939
-0.0518169730170712,0.0167033392820324,0.0242505930324176,-0.14666362820872,-0.001957017750116,0.0174635323886985,0.00175223525820233,0.0268128159333679,-0.00652642360180135,0.0492693024539067
-0.0494612006445566,0.070349245637957,0.0320463462627889,-0.100360625140378,-0.0231293968066885,0.00917919875150633,0.0148127868916853,0.0298689848362069,0.00475873382147586,0.0158709688724162
-0.0347785989961254,0.0971087050551815,0.0298930696211368,-0.07489509416796,-0.0213484045071135,0.0115739415441723,0.0244350781315266,0.018888626885438,0.000251299828030597,0.00952263204982083
-0.0260738988847526,0.122611384744126,0.0300359638687481,-0.0503016670368781,-0.0209841564361528,0.013860513848257,0.0344745639726204,0.00986844941653716,-0.00502179522428755,0.00153541157263311
-0.0166914785034351,0.147189019219298,0.0305054306425147,-0.0276599503957502,-0.0267124062610754,0.0156738221840728,0.0414079964117376,-0.00162876809093351,-0.00456830913820717,0.000941264655920024
-0.0117003219490521,0.169994691521514,0.0296706145406152,-0.00459493882505589,-0.0290292556053713,0.0163262854625155,0.047047188758416,-0.00591611231326084,-0.00733253881806548,-0.00377387792544667
-0.00332901375421571,0.186813817884938,0.0225568906835621,0.0137068503825296,-0.0289848136316763,0.015865353801363,0.047966011693816,-0.01444914834331,-0.00970537784576738,-0.00295304899105176
0.00575686165998217,0.190234238379642,0.0132063230248057,0.0164479457946349,-0.0255860334418746,0.0155215484218106,0.043632406402801,-0.0143414102071129,-0.00876751624870455,0.00255364683916998
0.00962475552464748,0.0145725328753572,-0.00755355003749992,-0.0308426226742439,0.00892597379235506,0.0209652614355598,0.0140252832446673,-0.228027518031257,-0.00446174651142605,0.0198705943187585
-0.0118340683346473,0.0103960388149629,0.000245866891918207,-0.0380837392789735,-0.0024596875583652,0.01618968714385,0.0229458783077577,-0.218898766367021,-0.0108290986864309,0.0198439717456408
-0.0269085206722565,-0.00313753568013973,0.00503982047533565,-0.0563524233274926,-0.00427506942535082,0.0195208619966262,0.0251495640176055,-0.202016380069454,-0.00944663305276039,0.0219162618410839
-0.0398697913754929,-0.0200711601111678,0.0107729525857739,-0.0791018234715552,-0.00732890981926877,0.0132997012556765,0.0171756347452989,-0.150946580297075,-0.0106712319237684,0.0174968086048919
-0.048817905663928,-0.031691626850827,0.0197540629075686,-0.0918680374106708,-0.00746736323485931,0.0156662626429925,0.0155894385130043,-0.125013608957561,-0.0131318321535388,0.0156875996935427
-0.0388430521724136,-0.0435054732206943,0.0224357384676318,-0.126201037538801,0.00623131314651099,0.0193201870851024,0.0124633838502952,-0.075022067416011,-0.00552888246108658,0.012014670960401
-0.0451479077355203,-0.0504807145513973,0.0252983455607996,-0.143595505648747,0.00831944148405216,0.0243768213022049,0.013392546336531,-0.046691340055678,-0.00637049734611034,0.0203832375181516
-0.056562742348834,-0.0471263767459211,0.025249913337498,-0.160508033843943,0.00735148762782251,0.0196989766419691,0.0199027573468941,-0.00245437306816709,-0.00977695381967059,0.0215199229663476
-0.0537562788816905,-0.0364661270527902,0.0265232282373658,-0.171862390313179,0.0106711502220066,0.0205874969285407,0.0317697796569843,0.0105951367976222,-0.0114432307369011,0.0333256274982156
-0.0527759491357901,-0.0169452374850102,0.0266866565719759,-0.164248669362742,0.0114059890826579,0.024045684948085,0.0410828483921489,0.0203494176832811,-0.0133944709582566,0.0328222097685673
-0.0468384063561346,0.0447542344568229,0.0437070728903066,-0.108157116036474,-0.0180140356632668,0.0127437755041229,0.0524563871055625,0.0261384301358383,0.00934837739571245,-0.0145441790020559
-0.0340523995859432,0.0750924122449535,0.0413597445285988,-0.0814734501677539,-0.0173627420565803,0.0118419758320439,0.0639493547282206,0.023499195761209,0.000506631047565575,-0.0293498411960984
-0.0172610469574462,0.0997450804945527,0.041316331244578,-0.0567297470700853,-0.0147379719748978,0.0142611276764067,0.0712370527398913,0.00966086317441063,-0.00184735720420823,-0.0392048547397052
-0.00561637414450532,0.122314847372843,0.0407105357590567,-0.0390635780478183,-0.0160955276048815,0.0191015557692344,0.0783961344852338,-0.00541312980851671,-0.00210129957774208,-0.034216580934539
-0.00122671951447602,0.149160147905811,0.0396638897838794,-0.0157128275685966,-0.0230967257183126,0.0198361847107843,0.0870086959099381,-0.0108044902061774,0.00427087896388226,-0.0343138526292135
0.0133109186386481,0.163377196432022,0.0314585361850379,0.00295652450574278,-0.0211709649356635,0.0178938021876132,0.0839387691101586,-0.0222468226794296,0.00302226099738571,-0.031732221240843
0.0276959888485001,0.173642001297139,0.0251555957125066,0.0188622607000354,-0.0193276402465869,0.0183992855629147,0.0794079280255822,-0.0285359936652529,0.00227462517072903,-0.0278400878915335
-0.0373189038309248,0.0267156908756869,-0.0506094303124177,-0.0251344643492989,-0.00514754120944835,0.00135885200281815,0.0564988130632014,-0.216933108414726,-0.0283191377629641,0.0270651613685165
-0.0408314627024342,0.0204564870738608,-0.0328747082705841,-0.0386164421823471,-0.00275404774973275,0.00560179634827729,0.0622848390746209,-0.1998404057714,-0.0278059310604994,0.0163554856110393
-0.0533165353358592,0.00625885722180148,-0.0170804459627229,-0.0377728406543332,-0.0142249044067186,0.00142345743734,0.0572847777624368,-0.179006963654757,-0.0252025317960556,-0.00653748239961129
-0.0664659955743137,-0.00908908515095612,0.00289126276074087,-0.037166005813565,-0.0232134471486125,-0.000797910730837284,0.0460743231226832,-0.152574274041239,-0.026123573488519,-0.0258955164381187
-0.0761133965719215,-0.0234550282942289,0.0132834521932478,-0.060474313791876,-0.0238081451760772,0.00137596105289544,0.0465760503401488,-0.103533618151623,-0.0290883444974819,-0.0294378741543777
-0.0661741991933495,-0.0363744024015721,0.0176244611408432,-0.0927713340811003,-0.00980867205220711,0.00456620810525437,0.0434581425453586,-0.0605146768909959,-0.0206781338084781,-0.0400760265020189
-0.0694540969067363,-0.0468072829390495,0.018025576217232,-0.111912979806362,-0.00937145389915724,0.00901088976689027,0.0431189800124445,-0.0283650700276723,-0.0246480794931377,-0.0227521576079695
-0.0798038794704857,-0.0489777480822327,0.0264767047773244,-0.129111262545646,-0.0119916421669266,0.0119308961345382,0.0479733223261557,0.00977306802835667,-0.0248339917041692,-0.0123335000660343
-0.0564690147795649,-0.0513965520019143,0.0387680222328868,-0.133257851127907,-0.000903630184054101,0.0218481003278476,0.0370912918875503,0.0320397522302327,-0.0086418536094403,-0.0284711594931163
-0.0422380750940375,-0.0382239527377973,0.0416600055430706,-0.122260016699869,-0.00247314919699921,0.0192224954439404,0.0389997601048933,0.044456185534247,-0.014215105085194,-0.0419491782918538
-0.0315101507946224,0.00829702652440315,0.0533819900608208,-0.0782121934692838,-0.0212407894991035,0.01535492655025,0.0434118423431386,0.0497196784148745,0.00539094328325917,-0.0753129127654016
-0.0118603168032216,0.0290880239662077,0.0528370223670542,-0.0599663814633151,-0.0147639443418916,0.0135920756315892,0.0480582167440883,0.0464364638017138,0.00308978876131651,-0.0872831350143761
0.00832116674190376,0.0724398699809,0.0492920155491866,-0.0450243574173847,-0.0086313893020288,0.0189623753091784,0.0750587349083054,0.0200533780010176,0.00331910539741186,-0.0725034586149065
0.0236294346601346,0.0936460456078759,0.0382209209569552,-0.0424057836037757,-0.00175801279059301,0.020272864257198,0.0861978034005924,0.00762232916444122,0.00629726787393798,-0.0572389778145564
0.029671680901963,0.125678214855167,0.043359872416538,-0.0135351357017544,-0.0165528183741156,0.02125864197156,0.092943419573885,-0.00201037253164358,0.0159839208108789,-0.0610375872957064
0.0579433386836355,0.141084637634619,0.0296675720577162,0.00639915003691497,-0.00500389018418767,0.0196576641112131,0.0893579292855937,-0.0190853462640503,0.011150864946633,-0.0634565490955603
0.0606703653673763,0.145119412915665,0.0238777520957273,0.00916834961843801,-0.00226069792580861,0.0182107423737332,0.0884739634718895,-0.0239296574657133,0.00733713681941161,-0.058546437181222
-0.0527922720538263,-0.0120767100160631,-0.0338337865143069,0.0676214273143095,-0.0397619369688394,-0.00503099243506114,-0.003248631957003,-0.138097707266639,-0.0237163202486267,-0.0921520704463342
-0.0672246661689808,-0.0143825598026307,-0.0197699058719483,0.0679301359707038,-0.0464412310072642,-0.00479020317733736,0.000323262210248785,-0.134639081965635,-0.0273550919686172,-0.0974613295866628
-0.0786974578761633,-0.0176824027267514,-0.00537822693410882,0.0664982258187232,-0.0494626834898133,-0.00575514808832734,0.00770914178507307,-0.122069114156598,-0.0316676815559651,-0.112918413240613
-0.0905319109367158,-0.0272168157755379,0.00437774089760631,0.0543342162321533,-0.050599271929383,-0.0067192075509915,0.0107591217893805,-0.100560386521629,-0.0370927325385109,-0.119148472768895
-0.0980573693875003,-0.0432387066497468,0.0158262321421909,0.0197001940322375,-0.0489748688955033,-0.0080255442128605,0.0103828619610102,-0.0335140959609777,-0.0365580069777606,-0.120904711415645
-0.0988506609791154,-0.0574143703774141,0.0209523082244105,-0.00878276208487706,-0.0469745047040742,-0.00811616609472325,0.00991275604089235,0.011015849279278,-0.0364232153870784,-0.117451605437456
-0.0868332099663971,-0.0658121492162905,0.0280847075383543,-0.0216967893912337,-0.0449800848164823,-0.00326707852821916,0.00644980569589169,0.0342517845899558,-0.0370639361234999,-0.113992024408817
-0.0878056071088071,-0.0677289852743247,0.0376037728743706,-0.0327423752005161,-0.047748235157701,-0.00273053187248647,0.0108530752716387,0.0557993345929292,-0.0387863254957979,-0.10657637939627
-0.0534499131495681,-0.0652975028779146,0.0405808612969228,-0.0630265868829232,-0.0253187329962503,0.0109828955274095,0.017173777066138,0.0623891612315803,-0.0269491624673997,-0.0921352024895558
-0.0432677463184746,-0.0580175356949459,0.0447838287886068,-0.0702731480303466,-0.0194418739320895,0.0187294635938502,0.0243615912202166,0.0628999755552409,-0.0243424312900986,-0.0781466456966933
-0.00226934221694102,-0.0185689426136938,0.0548734146137561,-0.0428060250920801,-0.0228919836919288,0.0225184216548751,0.0215375278266902,0.0674964032731977,0.00666649774853466,-0.111762740529386
0.0122386913166087,-0.00150768259620066,0.0560201173239901,-0.0315227705810441,-0.0158045781307832,0.0190250834058151,0.0272526696653852,0.0677358630659241,0.00495647798003491,-0.12195693645869
0.0335495119732099,0.0296772512909203,0.0475219372636579,-0.0337350255349331,-0.00316159121874769,0.0246686794618256,0.0513309884395095,0.043819610417065,0.0063927554020948,-0.0955113274745475
0.062656888282674,0.0409323009484519,0.0412501832331481,-0.0274327905217408,0.00560329566887819,0.0233698241703429,0.0550098751105937,0.0240743149369303,0.00538807867931208,-0.093057791199845
0.0716596312109564,0.0635314751759711,0.044538723157587,-0.00449588157649559,-0.000596359052501907,0.0252156773507692,0.0541447679228957,0.0251836753980584,0.0111672405105262,-0.0987448926511823
0.100183695278377,0.0912384316181003,0.0236633066011173,-0.0143675630679148,0.0187028310354214,0.0266109379022403,0.0765221663751559,-0.0138408298223315,0.00180347702539391,-0.0629016625053792
0.11067078385728,0.108363488319867,0.00788632313858424,-0.0189768225579255,0.0247356052569163,0.0178869820240855,0.0871190746952829,-0.0319637285618821,-0.00113912292995768,-0.0473693102554479
-0.051385092767485,-0.00619984176301049,-0.0775590847531779,0.0661596799500872,-0.0229969341328346,-0.00520426470426118,0.00552998219764655,-0.113608243427113,-0.0318100206105103,-0.087709281871221
-0.060238945548104,-0.00484367249582022,-0.0826761792308458,0.0643826457723041,-0.0239648887384489,-0.00446151916391945,0.00986837726110981,-0.101456026124581,-0.0366392061502741,-0.091078963866089
-0.0730874200693355,-0.00686657618986534,-0.0546873610356499,0.0698227065374352,-0.0295985459973925,-0.00603850319472639,0.015762552776833,-0.0932019628758855,-0.0385846754790117,-0.106671838171245
-0.0835747017470949,-0.0200117381043516,-0.0404592302858721,0.0424019260343498,-0.0304572582321917,-0.00713323949034339,0.0179042924335558,-0.0341248601569981,-0.0452582027409921,-0.103174599476183
-0.0916145972551762,-0.03550768381321,-0.0113024756903468,0.030103141792957,-0.0347324538721942,-0.00588313625452923,0.0185608601821027,-0.0145177231262727,-0.0453580625807362,-0.112498572391864
-0.0917158819430121,-0.0463693951994958,-0.00436735958024431,0.00741387212559889,-0.0339450455877166,-0.00563096728088734,0.0166095031235981,0.028516618388717,-0.0455778625098851,-0.113342729988174
-0.076812542816896,-0.0599526196560926,0.0122377996362374,-0.00828909331079912,-0.0353018043087198,0.00334730272521649,0.0135624017806739,0.0471831087794439,-0.0434869161057202,-0.109440418790353
-0.0710967807547408,-0.0606478016689293,0.0229907963917582,-0.0126992450102847,-0.0432758702230045,0.00834566114236068,0.0129617843042942,0.0604261493316252,-0.0418807140654549,-0.100028229989949
-0.0500894859988926,-0.0633691224869999,0.0258174290584875,-0.019492938614725,-0.0372970721047308,0.0114012057841051,0.0103859254556014,0.0684893373075228,-0.0432390773623327,-0.0932571458147168
-0.0265421873667831,-0.058153906292449,0.0339348729227132,-0.0220606917448929,-0.0325740463095573,0.0166583150290079,0.0130547523332006,0.0681276416878391,-0.0388737820550223,-0.0938290997273771
0.037873642056425,-0.0530408532460058,0.038123508148427,-0.0319091865446246,-0.00209206737049718,0.0337404117388305,0.00748352023425434,0.0644864771563659,-0.018535843666193,-0.112672706259252
0.0572370485517099,-0.0449654052508871,0.0383305263468718,-0.0306741324673799,0.00621147795675953,0.0283705863075832,0.00879673524130994,0.0634041802260802,-0.01551175270748,-0.113134526321858
0.0666356669312282,-0.0150707127427309,0.0442825260554979,-0.00524518788980092,-0.0116005676321276,0.0259934164828606,0.0119551842172954,0.058404997284785,0.00504164246639207,-0.11904147867181
0.0835093877862875,0.000162089224630282,0.04216697772785,0.00837063718951462,-0.0125550406766253,0.0242143098728237,0.0147777542025005,0.0446632048972653,0.00820741021927948,-0.117838861782473
0.116647594438155,0.00200405020099201,0.0370362935541681,0.0117665259486,0.0127848984937656,0.0330023806504306,0.0121399448887379,0.0276663649909109,-0.00564649233847049,-0.11899912353334
0.142541973572724,0.0311045149323734,0.0137987534129663,-0.00345523922642824,0.0294579444338924,0.0306712801460394,0.0364772229390665,-0.00330519986639691,-0.0118051432178134,-0.0787505793114096
0.148094288368291,0.0455129506365935,0.00835670668664553,-0.0112141598875126,0.0370261556337875,0.0192561327895027,0.0484792702186524,-0.0218308528317672,-0.0125991836016993,-0.0720461717368275
-0.0311748796671473,0.00541251693499873,-0.162147368742947,0.054393409546926,0.000410241411871109,-0.0114341152853065,0.00555127647512259,-0.0716501361367703,-0.036409248100098,-0.0683200057784186
-0.038735147291426,0.00513422326973685,-0.16431631638696,0.0488048150567611,0.00217484540032766,-0.0104570822791972,0.00655270563627352,-0.0432642800503633,-0.0434881899721461,-0.0680307569630846
-0.0572282018532259,0.00162342712277003,-0.134695291826305,0.0472287688722007,-0.00484355240826105,-0.012352007704944,0.0149526254371132,-0.0248632068392597,-0.0493183685424358,-0.0774624906647851
-0.063035563597087,-0.0167621878354122,-0.0908849852997995,0.0334075744260404,-0.013920900756162,-0.0065847937078059,0.013858185108111,0.00337387053156851,-0.0517145207597202,-0.0727247497369189
-0.0823315539005819,-0.00349972370230942,-0.0490897122255777,0.05027680697146,-0.0418684956889935,-0.00543705545051885,0.0140001867607402,0.0345535323483014,-0.0347018762161637,-0.0938505215599176
-0.0750094222304381,-0.0379317104661683,-0.0352409501045527,0.0122955718050725,-0.0210708231726971,0.00234912720264438,0.0149292893115204,0.0519175247899602,-0.0520282333914116,-0.0860789754049133
-0.061648025344593,-0.0507231582496911,-0.0171354644028853,-0.0014423553240579,-0.0250000488227102,0.00918023350640473,0.0133088430446559,0.0665127513732227,-0.050680649311593,-0.0811671920448637
-0.0491784978209399,-0.0550766399826531,-0.00245115811142943,-0.00206732655791717,-0.0293770351208441,0.0168736054831425,0.0122000587932585,0.0656733870802522,-0.0522689717189211,-0.0704833935184264
-0.0208518129238037,-0.0675583348446693,0.00310754960372773,-0.0178608076999897,-0.021290599800404,0.025789807796974,0.0113681497179202,0.0704791457686714,-0.0566275488682862,-0.0596261580961768
0.00446056135471277,-0.0675813393769965,0.0110556921912086,-0.0216025404800372,-0.0193850643433462,0.0263327017795724,0.0121202105285016,0.0665739143432077,-0.0483514489280687,-0.0585431156893153
0.0581383049805525,-0.0626967040737946,0.0179700077719986,-0.0306045301416745,0.00505101174531743,0.0403440448939944,0.00957386035285643,0.0600578007963959,-0.0321255248203767,-0.0689780861913875
0.0904412377457149,-0.05599207318922,0.0158833279507429,-0.0266882051569927,0.00508921891308122,0.0357542705934497,0.00693658174294727,0.0492100451953014,-0.0247102244003277,-0.0682671050445356
0.114256338846204,-0.0435035875016831,0.0213914090160322,-0.0178800856261781,0.0061516466028338,0.0398329179572485,0.00779498741024569,0.035810394721879,-0.0136858345853076,-0.0697390287769711
0.137673847537408,-0.0309981024242914,0.0182357412836149,-0.00599738968699923,0.0049524324263159,0.0354416695817504,0.00542231187171052,0.0243654525164649,-0.00758520432593556,-0.0669874796707546
0.157356854700705,-0.0161365384330247,0.0217797425492834,0.00271835762019851,0.0115189293172663,0.0372740875779017,0.00335768373703116,0.0203265608738124,0.000541476171545266,-0.0726965000134566
0.168355672512362,-0.0038945428209239,0.0187301529382318,0.0152188843988122,0.0154602597458735,0.0309382675512619,0.00281865861365105,0.00994233189258052,-0.00247481185456032,-0.083332411259629
0.171766091582727,0.00710474170663202,0.00987497871107878,0.0154585327427448,0.017988570897528,0.0199345304233254,0.00670700200641965,-0.000386214179368674,-0.00659390114375438,-0.0701138305019936
-0.00822975466742364,-0.00161889398426447,-0.192485817120756,0.033555501749666,0.0137544882690424,-0.00429953482658768,0.00564013336512341,-0.034040962974801,-0.0274792848896369,-0.0374172795280425
-0.0162212130163175,-0.00322451206085576,-0.193624353271657,0.0266629342481767,0.0138606349468783,-0.00729404505109782,0.00451924677872817,-0.00557329318087233,-0.0331602077044053,-0.031986386829933
-0.0281230482306749,-0.00120424851197166,-0.171577463702218,0.0346180691353179,0.0114108219314261,-0.00479980143530535,0.0109758985233631,0.00177330592293436,-0.0447618244191147,-0.0388555340170408
-0.0317353485156637,-0.00578458348040312,-0.147500374136981,0.0337913387028107,0.00134743268598002,-0.00149228947735727,0.0137425679320136,0.0103495214842653,-0.052054848798103,-0.0302057030928476
-0.0410956993478187,-0.0282644107799596,-0.0871610685593052,0.0200974918724908,-0.00624215908343402,0.0111421993324567,0.0133547857570786,0.0368996775735296,-0.0537652759051591,-0.0336774723053475
-0.0429456420866838,-0.0385879534961775,-0.0693453732299812,0.00835144042566645,-0.00951107783888301,0.0148881168120708,0.0130454090656008,0.0564345447766013,-0.0588780241112731,-0.0284112942400704
-0.0364198670029412,-0.0532814069885975,-0.0362662195044581,-0.00323452248918288,-0.0164712033634097,0.0264669750370356,0.0143998039797316,0.0633012611674914,-0.0567945278860708,-0.0188730627887548
-0.018147819823259,-0.0605345227803137,-0.0208202636982899,-0.00633070147079179,-0.0188614009672078,0.0349018124935619,0.0112961189030454,0.0608961456411591,-0.0564231653458837,-0.00601788623411091
0.00353786547530331,-0.069790643893087,-0.00958622214046727,-0.017511091424397,-0.0175234763590695,0.0408911737614469,0.0109238747783983,0.0628792249153825,-0.0534943567976371,-0.00264833203865125
0.0282635897426455,-0.0707121147995462,-0.00144128798677434,-0.0210253358059745,-0.017194733527027,0.0387586658200822,0.0132913245457855,0.0586696951248942,-0.0518804232954198,-0.00537281112835965
0.0778868663639423,-0.0666036631003143,0.0071128479064187,-0.0290314709482524,0.00182327991872742,0.0488509144782386,0.0100619669499592,0.0494146395816699,-0.0336993680652336,-0.0177101791101847
0.111434036745229,-0.0590984750182626,0.0111721135400204,-0.0210365014220988,-0.00426180509049108,0.0482749764005975,0.00769009444249525,0.0330318893843228,-0.024823056313954,-0.0109963443922791
0.130438996338275,-0.0514579057932374,0.0103294871477823,-0.0173941119291951,-0.00403566005089627,0.042382319450858,0.00648804712444205,0.0260455788482642,-0.0196512399831205,-0.0140104472582105
0.147080114444263,-0.0370619565653207,0.00457865476780097,-0.00172236609069129,-0.0114024531380778,0.0304422723240698,0.00665047199946105,0.0137010888615073,-0.0182765498881561,-0.00956876665721797
0.16923869383907,-0.0258170489435193,0.0028133148571037,0.00440084195094057,-0.00799979601072105,0.0211907402702359,0.00308211542251956,0.00527909207995824,-0.0109702672906656,-0.0204671498443315
0.173291592368394,-0.016332738459698,0.000778143548298249,0.0144440214001098,-0.00293129513961037,0.0131772443860438,-0.0014317036495834,0.00160704261032002,-0.0120959690012725,-0.0289113930055192
0.167495717435682,-0.00857251807156912,0.00101613935808031,0.0215034506986863,-0.00451202640524276,0.0022552865712265,-0.000116893015443358,-0.00028166032347709,-0.0140673967570249,-0.0361246020057099
0.0206694439807162,-0.0139766942593267,-0.208693547601135,0.0132974916748847,0.0161070154202492,0.00432811641020686,-0.00286891683214065,-0.00626977904354313,-0.00397477523977535,0.00530888770437319
0.0095340312233665,-0.0101466738425097,-0.208553144526924,0.0150194834094113,0.0149903720711875,0.00763199019294426,0.00343960355202913,0.00431418029535442,-0.0126312450419338,0.00835251048487192
0.000172686054607695,-0.00758543201613345,-0.193232066325392,0.0177798699311283,0.014952650591302,0.0131944834699674,0.00949100839679086,0.0223481044457058,-0.0303057489977842,0.0158483282134496
-0.0097929819830203,-0.00613678982613486,-0.174344056694878,0.00360437632356201,0.0143357379842576,0.0204889230725562,0.0255121511237453,0.0223776757826309,-0.042791528749853,0.0353297075636986
-0.0172337344830635,-0.024910559160622,-0.10605344066882,-0.0106438998470138,0.00119762528757616,0.03598907909543,0.0353189394187015,0.0287171433322364,-0.0411546504805515,0.0477967193475038
-0.0177932194938146,-0.0274698510884692,-0.0833893585104533,-0.0100360644033783,-0.00780984485072389,0.0437565829066886,0.0322691472498461,0.0388540499976542,-0.0427520630137783,0.0538392059691962
-0.0112638816179266,-0.0389988034406979,-0.0490459082327889,-0.0152882905704649,-0.0135262224469572,0.0526113507446586,0.0318977427765573,0.0410463617683059,-0.0449956587344956,0.0650192207022203
0.000426007345611022,-0.0511106790499084,-0.0253398028668605,-0.0072558480765656,-0.0181586656293522,0.0613103774111591,0.0198437823876091,0.050889220902856,-0.0474392720974312,0.0578596732999963
0.0188716603562073,-0.0637539604692573,-0.0105250774326443,-0.00991734461406308,-0.0206110738357895,0.0663079394428288,0.0168633524643095,0.0504945935298603,-0.0475188447676636,0.0585020125154674
0.0477590788711997,-0.0665261141881628,-0.00258070600433178,-0.014320765031639,-0.0224170372164643,0.058893941178831,0.0181557756308803,0.041153423555005,-0.0464172264975196,0.0592141400917069
0.0704375918460275,-0.0675200577529461,0.00136533852937899,-0.0188471216299414,-0.0224396149168652,0.0484293226339007,0.0149813521378932,0.0362432083774745,-0.0411049204432006,0.0525907385596908
0.0905029651732345,-0.058519813888938,0.0085033499514348,-0.00371371992552223,-0.0319160215012155,0.0420110920160418,0.0153359932086172,0.0145027910478369,-0.0358570275849037,0.0527771858402394
0.124424520601988,-0.0525917359929201,0.0115103911695801,-0.00882828620795944,-0.0253490368092496,0.0352242035607143,0.0120742117500777,0.00691555011404511,-0.0212801498285373,0.0372741556479932
0.146589532490293,-0.0442096860410122,0.00694916153989427,-0.00364168422519567,-0.0253690448750213,0.0253786782088219,0.00999752826004254,-0.00133614326985763,-0.0140447198672257,0.0313171779746118
0.143522563063871,-0.0314307886123564,0.000584331715922266,0.0123826560339313,-0.0383771822227704,0.000737930825213796,0.0121169839255392,-0.00875448743205597,-0.0188059940826478,0.0262387191740511
0.150307819397325,-0.0203209357769509,-0.00313482023919481,0.0228540863208358,-0.0279673387456693,-0.0118738391538553,0.00854204345452899,-0.00795881278766614,-0.0246340592680442,0.0082905436389946
0.144219671928339,-0.0111681161872219,-0.0014571207836718,0.0364904131398038,-0.0190984465236145,-0.0218595961029635,0.00752761555827549,-0.011643005999863,-0.0341080259535367,-0.00271315504558729
0.0483572419315604,-0.0151899188391146,-0.22860076200001,-0.0287862533948232,0.0304684841741,0.0105168018930992,0.00808087007586037,-0.000108969981350508,0.032276334030604,0.0501992832486029
0.013026192458464,0.0150847163063723,-0.19874289960434,0.0101492816777271,0.0135661781821923,0.0340347162244875,0.0228174483545579,0.00582055726990895,0.0143634619414473,0.0598386757356594
-0.00499887830130305,0.0221772136928931,-0.189895969103643,0.0178901589971463,0.0115256285368533,0.0351871360874437,0.0324914380703146,0.00927058369178262,-0.00457073245004741,0.0688349392504431
-0.0194287202709049,0.0278112013282378,-0.152250561507695,0.0136305068065837,-0.0132825289951384,0.0355681653641555,0.0446369597009567,0.0209978860295016,-0.00377542835797532,0.0832594784106626
0.00069357771116277,0.0157490057728938,-0.105724419026047,-0.00571040900581117,-0.00400680712806445,0.0575887816899691,0.0471760807396631,0.0234814956193576,0.00872497019462625,0.0821046510434412
-0.0186493961948534,-0.0189552626223162,-0.0619765347328452,0.00568716655206273,-0.0274833717627085,0.060895579301755,0.0376258302878491,0.0302888227095575,-0.0145960657640348,0.0896887886335593
-0.010274712979089,-0.0391693292717325,-0.0283029462795594,0.00694289032398183,-0.0237784783255577,0.0702161531398266,0.0314592460549827,0.0293920634137561,-0.0295809737565859,0.0884797003278329
-0.00211855904109208,-0.0476335880396804,-0.00521443127037928,0.0131129980214042,-0.0300928823523695,0.0755697165171995,0.024788767893387,0.0301769395821028,-0.0356216872091255,0.0905145640746925
0.0103576811058247,-0.053752360105642,0.00453545476283896,0.0161035633674429,-0.0335603284421152,0.0736734855912046,0.023352276774759,0.0241948833831045,-0.0451879722624656,0.099239284881138
0.034168069721656,-0.0580672391931465,0.0140294909064224,0.00897159847576339,-0.0331000470203217,0.0655110819481409,0.0197079558972483,0.0227357971044837,-0.0449199492330392,0.102187736119407
0.054458126768878,-0.0568305041447179,0.0147170231012229,0.00972668776344011,-0.0318105334368598,0.0532023877233458,0.0158599465526977,0.0186684643369732,-0.0441482662534195,0.0972216199906803
0.0706593263682984,-0.0495352946003269,0.0218880308832789,0.0138778856712455,-0.0402931059836222,0.0343485599088303,0.0211510385532637,0.00606057090667007,-0.0393690338395193,0.0826812428535079
0.0905031417548651,-0.0458667800763073,0.0213364576851014,0.00916027748586066,-0.0484536588023055,0.0165032129293031,0.0212357055628947,-0.00482214286886727,-0.0284533096291017,0.0796806533486585
0.108466044213839,-0.0364656175985075,0.0177932852394092,0.0101056007623261,-0.0535580746677149,-0.00207823942544087,0.0240785630198554,-0.0158802218920279,-0.0195086751462141,0.0647872063888675
0.12469083616855,-0.0228030666019693,0.00916168483600022,0.0174571104162833,-0.0465406567656164,-0.0206698186845775,0.0244774602162658,-0.0249925567051715,-0.020848702288198,0.0499405137124179
0.126066596532785,-0.0138546805200993,0.00419973001681906,0.0257001387787306,-0.0273426428162401,-0.034605163863281,0.0198110778413194,-0.0242195200165624,-0.0312961382334889,0.0308488240162127
0.123549729376405,-0.00280783960030694,0.0024207495205294,0.0386077319365088,-0.0190457092024978,-0.0503196307961743,0.0186331998182524,-0.0261366872625998,-0.0403638291814003,0.013465351025762
0.0303345497716041,-0.0145418164019053,-0.189844715928325,0.00974394394976824,-0.00949740255905479,0.00357088343198581,-0.0186112135556572,0.0322850892697756,0.0986634268152582,0.0120942467805165
0.0156362909867233,-0.0105172947500294,-0.183395458005448,0.0156514418479141,-0.0142941238057839,0.0165725066412798,-0.00551892283313586,0.0339250635587064,0.0694851011691709,0.0324401804434753
-0.0129197680125725,-0.00145894682588357,-0.147977936422683,0.0451095717508339,-0.00747545846065846,0.0431883534279967,0.000958364507477674,0.0318924340527756,0.0504376244514806,0.0337381981815062
-0.0442824341586131,-0.0012036253195108,-0.0536045743292799,0.0754623500936693,-0.0243429303677221,0.0671477239921837,0.0120687222569138,0.0226642400193171,0.0224977608496834,0.046762612201843
-0.0337124742139001,-0.0246465721305462,-0.0519266684410236,0.0430188892918688,-0.0312748856949394,0.0562892647240057,0.0160576326699046,0.0263879802791809,0.00967727139758054,0.0666903567904651
-0.0443263553446105,-0.0155855327119109,-0.0179767608504127,0.0591147780252841,-0.0491387595392111,0.0679472080353976,0.0212000404720619,0.0322486477449507,0.00920973125722435,0.0736131046097123
-0.0336109343325593,-0.0354548671332974,0.000750678622778906,0.0464959336777216,-0.0379720829999817,0.0774208830793971,0.0250443486727234,0.0178010968812576,-0.0172876037890717,0.0967898673459469
-0.030871666254416,-0.0350618845394816,0.0227084834146798,0.0493857518212944,-0.0441572127478552,0.0766356607996437,0.0244325412413797,0.0214700038522748,-0.0223495216367773,0.101269861173677
-0.0202507612364145,-0.0349997364344215,0.0363392470589988,0.0518200595607136,-0.0437917719166255,0.0712169378997264,0.0250779990963401,0.0180727771805433,-0.0290978563802918,0.104734497118274
-0.00130454310125348,-0.0329417083654236,0.0455654244811948,0.0515811376361458,-0.0489168578106364,0.0538941231435346,0.0239236663160544,0.0104930472204964,-0.0302893098463116,0.104419615686779
0.0207248255676181,-0.0441842405241431,0.0398576194533155,0.0351636859470633,-0.0420323619168847,0.0355220721127699,0.0220483002813121,0.00531505010829025,-0.0409151343796785,0.106047740388743
0.0468507062063063,-0.020570017693248,0.0192065384636461,-0.00644480638721907,-0.0293217325976124,0.0163411489866514,0.0575411777766129,-0.0195132205166514,-0.0426574030664626,0.144669814454712
0.061337914548216,-0.0230393238034443,0.0242193258087634,0.0029505611094628,-0.0447180472494015,-0.0110074514199171,0.0475264519969302,-0.0244072758285192,-0.029800289892575,0.116772988208125
0.0741610737623216,-0.0267493512005486,0.0287084697307359,0.0143144709290992,-0.0594781803608141,-0.0326446396720219,0.0311783848108494,-0.0163109706129358,-0.0224835258376463,0.0882736261953993
0.0914438323437806,-0.0174633908988492,0.0185659498253218,0.0225978357092354,-0.0573337650099747,-0.0564894496539651,0.0272915322305863,-0.0247715951515415,-0.0203706123164399,0.0654476927905657
0.0917887021472596,-0.00822756334715467,0.0186963489275946,0.050729217360037,-0.0298973694594391,-0.0748903998546489,0.0130240980116482,-0.0196876432933356,-0.0385857203595083,0.0206855581105982
0.0899249934365691,0.00167823519563036,0.0140151838078144,0.0755946050123689,0.00155064188999185,-0.0855002534627059,-0.00110294781083795,-0.0140060327211736,-0.0584648289416927,-0.0111825054420461
0.00736053014742302,-0.0149465117893983,-0.126238802831865,0.0244222867015344,-0.0430955484738609,0.00302251058565425,-0.0162214443805349,0.0347320764143182,0.149766464057828,-0.00500242608591499
0.00981368828405112,-0.0477235851760451,-0.0995834602687628,0.0014611043890303,-0.0314521473797297,0.0134459493581288,-0.0100991219176023,0.0227703226342552,0.130597602936769,0.014164645116789
-0.0101389952697044,-0.0414402214634148,-0.0835386162491815,0.0161841373326159,-0.0258968596898627,0.025332410267584,-0.00336387465813317,0.0244200211288418,0.105663863464592,0.0227011659083835
-0.0488853026220727,-0.00780468104442599,-0.03793833015216,0.0681778899333617,-0.0405911845419333,0.0387063037414505,0.00884620296725636,0.02113177342935,0.0673128163842539,0.0282143000727187
-0.0692318733627262,-0.00619645263468833,0.00805079898708614,0.0883368573268904,-0.0332590455629525,0.0615025599873469,0.012366899263951,0.0213178004025738,0.0464777860381861,0.0364161287362762
-0.0844864128398927,0.015453427403028,0.0622869077986518,0.131859939922637,-0.0326257125296466,0.0941127343996165,0.0134162137158165,0.0182626234889042,0.04106135836763,0.0393562046038332
-0.070664289701123,0.00380567027877036,0.0542095251374856,0.10827132189795,-0.0299406108850616,0.0749364928758485,0.0151599953359607,0.0219758004073538,0.0184534010931541,0.0543671986970024
-0.0647118527612915,-0.00295262377552361,0.0616894476511593,0.0996254227941677,-0.03485807441559,0.0723735206372392,0.02060413886776,0.0229509926430191,-0.000308779437993965,0.0712725784738711
-0.0522087944034429,-0.0138911023111045,0.0644521538188421,0.084151119619183,-0.0468905962069272,0.054865456360478,0.0233426015184821,0.0233482949890807,-0.00791281172197396,0.0879121629664426
-0.0372277710131801,-0.0127106474724692,0.0686483931964529,0.081009026565057,-0.0512403160736465,0.0370959457936476,0.0228970182606499,0.0179286327631301,-0.0164769491803803,0.0926984108626833
-0.00972220742694909,-0.0356863044009733,0.0586903040584419,0.0547900024152558,-0.0393776231847843,0.0145670590309948,0.0230743426544393,0.00478294856088421,-0.0350145507740381,0.102788317806226
0.00956484023949086,-0.034560102287418,0.0571076649187289,0.0528399043468626,-0.0460727487875639,-0.0111444776946823,0.0217628233550327,-0.00305766078131396,-0.0335872189325798,0.091076726012802
0.0168097666077427,-0.0337853395581448,0.0530553096123581,0.0440139787466324,-0.0574637464159562,-0.0482636114950051,0.0171717230648021,-0.00241920178541069,-0.0280040721898051,0.0783501314071395
0.0337973237231565,-0.0284796116373683,0.0479508041378602,0.0435184996908483,-0.0700492938176338,-0.0775019754910481,0.0161926893492886,-0.00869475537465863,-0.017264157716171,0.0549491440131722
0.0435357079319102,-0.0104977753419922,0.0400534673288834,0.0523138298848342,-0.0811350734624426,-0.100418904708844,0.0129447415950804,-0.000718315451094541,-0.00374892366733102,0.0319038216329116
0.0510655572447001,-0.00024820996898833,0.0278306326441104,0.0642213120836086,-0.0490837485514562,-0.122593881471064,0.00233941535384676,0.005317066579614,-0.0202789316976014,0.00110835214942574
0.0529981210443054,0.0135996862511674,0.0202368145781996,0.0915825679109661,-0.00196336461722996,-0.126157831412424,-0.010252906320167,0.00497481560270235,-0.0457817142712075,-0.0311235533870936
-0.0122921938709531,-0.0119800347546804,-0.0443677433383607,0.0147464281519024,-0.0656175534804734,-0.00198030231095573,0.00195315673254566,0.0208896524654921,0.200341373490382,-0.00581271584025763
-0.00953200216017638,-0.0253751594035159,-0.0351514971589454,0.0331285043121522,-0.0622385444782352,0.0101902779158205,-0.0184329053195845,0.0335903258607025,0.199148080519991,-0.0255093976790777
-0.0164362511415117,-0.0226158388956172,-0.0263570637445581,0.0418182024830291,-0.063063601759877,0.0138098698843674,-0.0149119411499544,0.032814036216323,0.189718452717352,-0.0214907284940189
-0.0294612183929803,-0.00668604043459675,0.017655190623043,0.0706907001017524,-0.0412055159512257,0.0327031811258109,-0.00914098464455443,0.0273054667552612,0.143308293305318,-0.0149695826162954
-0.0372662023551646,-0.00650061444743296,0.0347890250305398,0.0838696712547622,-0.0133184521949332,0.044736487098412,-0.00733796986296531,0.0203804656586127,0.108958081270582,-0.00887788229375668
-0.0641523151460886,-0.000407908155066049,0.0634559302826977,0.114927281081845,0.010095047551959,0.0606182521919667,-0.00469118847830165,0.0205274113268317,0.0597725714112919,-2.65430587137322e-05
-0.110091039399549,0.0253974357564784,0.123904376110816,0.185672910007437,0.0441017409304166,0.105622102931594,0.000285476309085403,0.00948295244934328,0.00259230947516404,0.0104132889410197
-0.0861270813898749,0.00284239187405989,0.0889480270266161,0.132291627143337,0.0261807970582782,0.0659020128474376,0.00995215274189419,0.0187807397039488,-0.0217322887688864,0.0409572866760799
-0.0712845581818367,-0.00463807358780046,0.0780132651197142,0.110011570745687,0.00963928451769052,0.037542481634874,0.0135550472342975,0.0214194729424467,-0.0285116343310325,0.0560133777593498
-0.0404660694988324,-0.0259769768824519,0.0689557553600815,0.0817037849022743,0.000445654026386164,0.0212852602567697,0.0124983195378367,0.0130787837706836,-0.0317425214703812,0.0793842525023871
-0.0263762067444699,-0.0351802524568605,0.0625191382654946,0.0616956605890666,-0.0125255096079663,-0.0118150847495566,0.0137038240618804,0.00936319116903345,-0.0314620377347147,0.0837179765263303
-0.0128720207497157,-0.0358739687665507,0.0588756727107648,0.0525803578520371,-0.0360095870763869,-0.0533541719990366,0.0115113779081793,0.00733706024089827,-0.0248110029203099,0.0776019324867471
-0.0136095874828536,-0.0172862790981892,0.0581596834725286,0.0502388251166938,-0.0542214346881961,-0.0866088966008148,0.0159168364118569,0.0075171040131013,-0.0137986920412106,0.0688223600453453
0.0070035892186589,-0.0252207903007264,0.0405108310927779,0.0307104043435243,-0.0487389016577274,-0.120629002591425,0.0153851240690947,-0.00577859977370604,-0.0158736081803326,0.0539938245684806
0.0252502873833131,-0.0236080907824365,0.0200142439170524,0.0230129297732365,-0.0424382796697336,-0.143652336104348,0.00810192197813836,-0.00325870057097346,-0.0154402088791682,0.032346831537386
0.0406425131675502,-0.0213022265390071,-0.00327840298463021,0.0387713004250008,0.0105709762318274,-0.165587097033882,-0.0193336651079752,0.0202168256156337,-0.0390631306069802,-0.0197475072311749
0.0428881643220956,-0.00704324893501022,-0.000675614241916515,0.0693043869128479,0.0309335280276726,-0.165090389370985,-0.0255016129853254,0.0139894609890244,-0.0544365729034644,-0.0466913739939259
0.00431809329763102,-0.0139385190540053,-0.00875062910260862,-0.00541958943258331,-0.0355448266631159,0.00628429139099433,0.00879572639791564,0.00514275129247172,0.229289491673829,-0.0028164019167682
-0.00800828176123311,-0.0314095373920056,0.00884834450973532,0.0269316112968238,-0.0606520329865433,0.00126927724152483,-0.0183676942533773,0.0254908744597036,0.230813592702306,-0.0315029561167112
-0.0164125058284765,-0.028723539761576,0.0169657527376731,0.0481391183649235,-0.0543505166341242,0.00954636768199938,-0.0235376832630341,0.0322168340782658,0.211656072316911,-0.035594154353161
-0.032416294271608,-0.020153665566552,0.0324338753121369,0.0701745864207208,-0.0231614511299303,0.0177401487989031,-0.0169561532165819,0.0260861608142958,0.149773773077396,-0.0271718902045745
-0.0529617673202768,-0.00769180630164634,0.0394554073180211,0.102277192047576,0.0275764123542808,0.0207592552186257,-0.0195653926917009,0.0300939587578292,0.0956476328837875,-0.0378249257949523
-0.0454888113034997,-0.0038203202967053,0.0527505350542064,0.112250766544335,0.0941490040675603,0.0330435090394369,-0.0260400290070312,0.0320413217369114,0.0517004515232351,-0.0500289289897279
-0.0593731148186102,-0.0123737869937754,0.0482488285148699,0.119926550364016,0.142895420577915,0.0333470057997646,-0.0264595032352121,0.0332781988840526,-0.0124555811389793,-0.0356086502496128
-0.0866314700725797,0.000265458921799158,0.104442860224196,0.154738972945025,0.16005557058059,0.0713148891523994,-0.0180367837195387,0.0289951396719964,-0.0472674402185598,-0.0208791867629824
-0.0671315555387103,-0.00934295601210708,0.0915651897950502,0.11037229900676,0.147762497932392,0.0666313719523694,0.00475666542856974,0.0112305819538632,-0.0585177017030165,0.0363128625943651
-0.0368108006491061,-0.0169473851823484,0.0723680330232232,0.0626340181074296,0.0738878975675507,0.0122503376674388,0.0211449137503666,-0.00652342793861705,-0.0238574137035734,0.0737579244203786
-0.0283644103555714,-0.0118992428380681,0.0359547947400015,0.0148531844246653,0.0628830914722291,-0.0350584127881423,0.0433831174412939,-0.0131596634895177,-0.0274759518176654,0.109544086675335
-0.0113140247352995,-0.0122390909030887,0.0228494950452256,-0.0160819125629471,0.02779471338534,-0.0811633561640211,0.0511996706980661,-0.0201799347085367,-0.00962362446699853,0.122539599739264
-0.0195119587031639,-0.0161403929989729,0.0339353116983313,0.00117916380288584,-0.0239625155021838,-0.124773477781461,0.0381368280390927,-0.01382733318151,-0.0124080982206823,0.0967578898732773
-0.0169546592813101,-0.03050199521878,0.0315582451610319,0.0163251966095796,-0.0391442819459344,-0.16718774408819,0.00731315451838478,0.0113501616209751,-0.0106388871739586,0.0432704578269735
0.00353331484561865,-0.0346008921026962,-0.00285157646951361,0.0112470394509327,-0.00765061832537583,-0.197872365707027,-0.0153060619470693,0.0357782295142419,-0.02492937790255,-0.0023821466457323
0.0129232734190332,-0.0222244647778857,-0.000484015009846809,0.0313999992709648,-0.0149442005476428,-0.207052226627136,-0.0258079598083369,0.0355792262103201,-0.0064870355303479,-0.0321922304893701
0.0209751027580815,-0.0173674384086525,-0.00168282159000475,0.047997780284722,0.0107605799029461,-0.20201370897028,-0.0330253437395198,0.0311822296923618,-0.0189002478926954,-0.0496035271305611
0.0131914594507798,-0.0104181995708354,0.0115508322481652,-0.0190402599336717,-0.00702938040776204,0.00131880187001832,0.0197303685224811,-0.00644086293634573,0.232738525323876,-0.0017281104242048
-0.0225600843707193,-0.0204795386039739,0.0205446541884988,0.0123567653654262,-0.0321554483582539,-0.00684676948354868,0.00704057403346727,0.00498584568124105,0.212826888683267,-0.00332029652299107
-0.0212809239167629,-0.0231362456568514,0.0232130939912927,0.0130409093984445,-0.029276477633419,-0.00929840364919902,0.00405590238604758,0.0107947381674401,0.210363788871818,-0.0116763560356514
-0.0109276211799367,-0.0117125368365235,0.0255970397271634,0.0301007598355242,0.0334768257433415,0.00355290379031064,-0.00397894159093258,0.0105835989846181,0.17700019704944,-0.026072250299744
-0.013811089691402,-0.0107168283206637,0.0200314443641316,0.044067972066978,0.113370027140536,0.0110957536629331,-0.0109637546335935,0.012281058626398,0.115169588452328,-0.0335435908435421
0.0212911299695961,-0.0151597811285609,-0.0216531645019058,-0.0108636421674263,0.237189019069904,0.0171944761328501,0.00491907520740343,0.0103320498455642,0.0354935411142179,-0.0186415376836001
0.00669686707993721,0.00497969284741108,-0.0309466039361975,-0.00871384050976062,0.290374739872932,0.0115887071315323,0.0202930082695932,0.0076281798032155,-0.0270501900480437,0.00724933956219238
0.00671570986514666,-0.0170398648466632,-0.0090672791696528,0.00615275997950817,0.291723657838582,0.0131269811017837,0.00454533372971158,0.0147343490972502,-0.0383266901585984,-0.00419428862038889
-0.0191194054501995,-0.0201910390514418,0.0454503302928128,0.0511142883026063,0.228976270123723,0.019684276185132,-0.00300211124292445,0.0116467191864658,-0.0342383513682888,0.00590580177604973
-0.0427912923252983,-0.00675091228173941,0.107998054039198,0.0936735930677624,0.161927972736246,0.0399820894033407,0.00529592842760591,-0.0119904900864056,-0.0173046173520736,0.0367904205485347
-0.0552774722806768,-0.0120360541316581,0.079254166287742,0.0713357402022813,0.100542214158454,-0.0161877174853241,0.0157721571821632,-0.00842469583353604,-0.0172467041463174,0.0583405808432029
-0.0301358553174913,-0.0328634148509199,0.0467930923954803,0.0311481184563037,0.0295645169748477,-0.0913082477466152,0.0111982309231595,0.00494922089124054,-0.00397022719551405,0.0534485868811975
-0.0352261239123232,-0.00980301484380753,0.0289660924148258,0.00888424145343527,-0.00619163935168005,-0.144717143428753,0.0286407210068674,0.00564193125874604,0.00264153693357457,0.0628691826367424
-0.0354086505781723,-0.0192234881446848,0.0172232683297583,0.00735862767181065,-0.0213657852528378,-0.195337247485636,0.0068606041222787,0.0296340176351711,0.0106200746385256,0.0167496703745449
-0.0111453367496781,-0.0171684106668483,-0.00871541651398045,-0.00607446525810681,0.00294188044507831,-0.220619824968315,-0.00952894739633315,0.0554278285880178,0.0129765991614576,-0.0235960214551258
-0.0135412602416499,-0.0112803714635559,0.00561316746982304,-0.000699224116396439,-0.0227052817895039,-0.224962102066165,-0.00284305460845756,0.0357602592570164,0.0212900206363121,-0.0124984985571844
0.0037346962978603,-0.0139996563224333,0.00960122078569126,0.00754108999317469,-0.0127662214718996,-0.213147537138227,-0.00589777064916128,0.017563993885127,0.0176007978115561,-0.0205873766877545
0.0258483152132044,0.00681470014294218,0.0084824666396512,-0.0609472111299067,0.0325923237154005,-0.00931915645126642,0.0477124584705063,-0.0251026277359849,0.230846683494928,0.024679737601796
0.0204717837801075,0.00218406556091248,0.00665265060282508,-0.0600021194453432,0.0381876301236371,-0.010294938341763,0.0457827698844229,-0.0239838603602149,0.226756412022152,0.0241911078683934
0.0193603321603577,0.00111295091070916,0.0124946770579758,-0.0569580416471738,0.0428517498103123,-0.00573010762354768,0.0441843813433875,-0.0251479835101495,0.221062033259826,0.0282357217988521
0.0265200488782816,-0.00485130146000424,0.00614459671717784,-0.0590309596578792,0.0910721414807285,-0.00384951745773358,0.0428330228522823,-0.0309573297642476,0.183679755463146,0.0296537436064285
0.0151619137254567,0.00429261911896485,0.00356811643411201,-0.038281473520672,0.14700052121194,0.000870861780603359,0.039133279404112,-0.0238932727195687,0.138314399026094,0.0184152231343773
0.0278576616567726,-0.0172367663072868,-0.0401455478421128,-0.0567786800463866,0.270316319976076,-0.0105168775020189,0.0249488640095962,-0.00567804450989601,0.0373627109580089,0.00818329367949575
0.022979751889536,-0.0204181377461868,-0.0501591382674736,-0.0426593009146119,0.312366444093959,-0.0203981901692032,0.0144453595242423,0.00827985641470609,-0.0125714999168148,-0.00875426141269015
0.0105732878258469,-0.0191303947874731,-0.0426229312604222,-0.0277107130507929,0.306218941489946,-0.0273330523764572,0.0124585372063749,0.0144690897774834,-0.036434003946614,0.0016329427961362
-0.000772050634403679,-0.032718789159391,0.0113894990043032,0.0285658242545836,0.246247168095703,-0.0118363799331639,-0.0127450966601143,0.0141143775305248,-0.0261832889092267,-0.0105378071791085
-0.0286249540170123,-0.0380536766281604,0.0458095699566603,0.0560577063275732,0.149822137296066,-0.0311263453767653,-0.0120167756013866,0.00994601485345969,-0.00926753136325032,0.00820138538206243
-0.0559780584869099,-0.00472764665822966,0.0683031535147653,0.0608639766062161,0.100314473884189,-0.045889236828341,0.0160739402010072,0.000479668634068049,0.00586583076406366,0.0365452507239522
-0.0556974295594562,-0.0007275114997672,0.0647878068775699,0.0387051360141785,0.0703301480749242,-0.0841316860719815,0.0271993197749237,-0.00995161582353714,0.00959979196215772,0.0494608928778936
-0.0329387491760762,0.00318361295888401,0.0234962506970449,-0.0299470432303466,0.0448612926089918,-0.146932049514098,0.0506168978073812,-0.0129358340428988,0.0231159700942138,0.069604373262371
-0.0440390523443142,0.0164653339941669,-0.004343843876815,-0.0424564052048288,0.00850752808888266,-0.188859703369981,0.0612842226876256,0.003879245008374,0.0165675462620055,0.0701389890056188
-0.0381876991526993,0.00950366215573281,-0.0143142649550679,-0.0472909975965677,0.0128239911070501,-0.213392326678224,0.0514862106895503,0.00650730098857569,0.00882168716188925,0.0537603179235864
-0.0383738473820185,0.00385509897077002,-0.0184357171592007,-0.038018024980017,0.00863614055031577,-0.231430539462204,0.0342529812271051,0.0134006706756917,0.0109597610337819,0.0246889532397174
-0.0370848321794376,0.0119646989290086,-0.00299733266888959,-0.0111429977118281,0.00602221433360849,-0.223938941288499,0.0291146818221002,0.00596291736886367,0.0139389114457866,0.000453282756781141
