-0.0178187590485666,0.0515167260688612,0.0696931251368573,-0.053014671421299,0.11487249269585,0.133782929244699,-0.100248975936411,0.0817034547298141
-0.0344802201274953,0.0676855959222211,0.0696750543357148,-0.0670803206441857,0.106257292747273,0.123323676376489,-0.114030351119825,0.0827059601399922
-0.0376820309736087,0.059211461052724,0.0732865663886606,-0.0839749406258877,0.10443767030525,0.116005137052253,-0.119084768668186,0.0820308065879379
-0.0479142632991086,0.0655040052432363,0.0722367115420471,-0.105993666403539,0.0967256567122896,0.113987078442889,-0.127902227830469,0.0806104813294956
-0.0570695974963175,0.0483709758978403,0.0682725456568109,-0.11350737922235,0.0975274300851608,0.0945829163555871,-0.119995012516332,0.075614460935266
-0.0783712997234377,0.0326180129865653,0.0584724514770128,-0.115898235200575,0.0965392317864861,0.0801191400384751,-0.104701456787815,0.0645487905329838
-0.103927424607472,0.0247934824464374,0.0443022065498558,-0.114406493042718,0.0920490396949932,0.0601782866365973,-0.0891543561665513,0.0538651841031225
-0.141755289652533,-0.00194365618913614,0.0344724541852056,-0.0982097392266396,0.0932126679929596,0.0452056947454362,-0.0725747115120804,0.0385150795014557
-0.170902422815036,-0.010976479596417,0.0170254003993603,-0.0700599059538022,0.0887756346653283,0.0316569379857815,-0.0501525117783382,0.0355002233342675
-0.19466048366616,-0.0293772060559924,0.00287929179680288,-0.0454072960387805,0.0885356541205748,0.0190060942070025,-0.0321074741117165,0.0312815951230009
-0.217732159532031,-0.018420693675874,0.00387294954547001,-0.0240930606168608,0.0770329201460405,0.0189315984801358,-0.00980024977319457,0.0225518560794707
-0.236528772837655,-0.000780105068574635,0.00417638264985682,-0.00584992012455078,0.066934664829091,0.0264950092165123,0.00908267831825486,0.0150714706023092
-0.254315572615238,0.00339240714866713,0.00367713765441962,0.0150885021014854,0.0587770264909218,0.0226973122968311,0.0232929390102627,0.0108382938469771
-0.256281186123499,0.0165800926986214,0.00822899498802537,0.0324654139919247,0.050775386582325,0.0305559368391522,0.0317006666007087,0.0143603933409201
-0.255713821538049,0.0192694484734253,0.011757831727071,0.0383149484815203,0.0471211010028926,0.0289542134239787,0.0333810322449805,0.0159960534744259
0.0237127079585386,0.0938736595859493,0.00968816740396398,-0.00863431975953831,0.124938443143679,0.0954838463003658,-0.0529214333539497,0.0626433158185736
0.029526540192728,0.0855134323978354,0.0250780130895516,-0.0328569289369436,0.105332074309688,0.0729372170416974,-0.0756237066877648,0.0800502276078926
0.0313284569250414,0.073904599074289,0.0270479045398639,-0.0510712446962541,0.103947998487504,0.0584777001686935,-0.0832069777761329,0.0813158459051979
0.0269481350094206,0.0550232563948698,0.0312164658240564,-0.0677811137990893,0.0955516646258837,0.0401520670475041,-0.0876313314261759,0.0837950194986656
0.0174163666497027,0.0369467808723596,0.0287709257619849,-0.0799296453536817,0.0936973745518789,0.0174555265871348,-0.0809484932379232,0.0770201042928973
0.000472177276492128,0.0256294223662077,0.0229299210569433,-0.0875796303509859,0.0876155921670072,-0.00139790461967406,-0.0654054686054535,0.0682861484489005
-0.0265232366642329,0.00962860372961075,0.00981065884261281,-0.0864682155728156,0.0852178534766267,-0.024297684135526,-0.0524691512001339,0.0569698977021888
-0.0539938256055568,-0.00751587157206747,0.00485168692086388,-0.078313876883206,0.0799321768967249,-0.0356668685824177,-0.0375899479564859,0.0484182894463313
-0.088255439887197,-0.0240028409387328,-0.00912373347059192,-0.0529079545684357,0.0709311435619172,-0.053991196648824,-0.0119907137181203,0.0475183267214679
-0.11124942850044,-0.0309376326130634,-0.0165270826041748,-0.0347857615719142,0.0656296111910842,-0.0566050703477355,-0.000290176461517928,0.0440949942657697
-0.147439480280257,-0.0300922442535757,-0.0223287236026167,-0.011099694037381,0.0572857199513948,-0.0583646651639196,0.0218190061123664,0.0323521781200119
-0.161190053010131,-0.00831221620101424,-0.0218207401128584,0.0186440331475477,0.046878164287555,-0.0526241490472112,0.0397047583542469,0.0304336188233118
-0.180361124787478,0.00465594830035884,-0.0213925563277519,0.0429594103250999,0.0361051608498103,-0.0431863533844197,0.0513457294594494,0.0272111792300916
-0.183976213637171,0.0196985485031011,-0.0151324851920846,0.0614454030184147,0.0271281567402876,-0.0329373624068781,0.0571335305628203,0.0320696628048576
-0.180283829978369,0.020145527200222,-0.0124426375024851,0.0666509615141518,0.0257693689481184,-0.0329497272847671,0.0572483902173425,0.0353522171403419
0.0662493004911672,0.100666308282062,-0.0150409555357794,0.0318451852401284,0.115024787424532,0.0622038216397376,-0.0122973471737742,0.0610265652667169
0.0712343022683975,0.0904895553487194,-0.00168324746583429,0.00768115889396033,0.0947837919388076,0.035601776423985,-0.0308338772488781,0.07746806901793
0.0798978176930617,0.0640315755925357,0.00260980387964941,-0.0176275840496052,0.0927138847549139,0.0136606801619199,-0.0429051938930458,0.0829553774429338
0.080364520505329,0.0437359210887793,0.00449075522801944,-0.0384175969879035,0.0844204630875279,-0.0143530951524965,-0.0458924918743735,0.086833499522187
0.0698497744353763,0.0226675222977989,0.00877401652047377,-0.0618010542162906,0.0828891522715677,-0.0339913581187565,-0.0485545756343502,0.0782882115860035
0.0530768403969758,0.0138391707305715,0.00320710820171722,-0.076937612240579,0.074173027675909,-0.053613004963382,-0.0319761609932071,0.0670902732064273
0.0389844107526133,-0.0121961901851152,0.00190367600583269,-0.0788923849243636,0.0672328581783292,-0.0767061027281004,-0.0213584400348172,0.0644424429798857
0.0152852675887251,-0.0338892804245065,0.000910786152824434,-0.0785252751617868,0.0628002130427503,-0.0992792952988561,-0.0109919488445546,0.0550891459929244
-0.0124106800885443,-0.0544715724951761,-0.0140322461621967,-0.0515494333935949,0.054028664448742,-0.106521054047286,0.0157590942653943,0.0555253831588974
-0.0358297513319839,-0.0475767403569958,-0.0141072947927491,-0.0294718733964995,0.0405513300803395,-0.106984179120305,0.028458223053888,0.0551539727946701
-0.0699677011343297,-0.0114986928272326,-0.024007638688987,-0.00255384725135795,0.0265060859031547,-0.0999823575943538,0.0516108854413179,0.0467876069450903
-0.0933634611702776,3.54178787582947e-05,-0.0245524291338537,0.0285861193857877,0.0143063635373079,-0.0952164237993237,0.0657185673046844,0.0456602070363951
-0.119403153327791,0.0185129388794049,-0.027493834111887,0.0570656073663922,0.00490413142729518,-0.0857206240577251,0.0767591030469118,0.0433140234486944
-0.130971098898117,0.0215877344381624,-0.0272371122336147,0.0753482152334304,0.00373510393894544,-0.0755623373750699,0.0775596652445623,0.0449786796492424
-0.134975194537636,0.0224102267632479,-0.0250742691204126,0.0857640537847333,0.000781701253476817,-0.0674629721669086,0.0768235642971362,0.0460636689176628
0.121763350964055,0.0511249529141048,0.00100656287733845,0.0731898232759732,0.106075799971022,0.0651728832252676,0.0190357322128893,0.0627373573546119
0.126402620794503,0.037884244097833,0.00683375387008885,0.0476815838605938,0.0930910648238591,0.0374569591289341,0.0101354613324377,0.0737171134150682
0.130714139082085,0.0145919745742713,0.00711961771083668,0.0228611563939367,0.0925424576533774,0.0111106297583085,0.000706847029039379,0.0768386986370594
0.128899879185762,-0.0065224109621441,0.0126667266011412,-0.00739653375566411,0.0792492997185447,-0.0218996198451303,-0.00719875488033932,0.082897726517676
0.12067627619871,-0.0204278864157054,0.0103634584351608,-0.0345937075235722,0.0762731632541625,-0.0457406081583728,-0.00621799922398484,0.0742496389243132
0.109679677893303,-0.0347947356660693,0.0116186256757703,-0.0645563497945819,0.0633009992090941,-0.0665443111327284,0.00208086178140837,0.0656063490663736
0.0897814951664103,-0.041488648325361,0.00475254692873674,-0.0853406123963767,0.0530241385871454,-0.0995452997888413,0.00937697589216475,0.0593437669781694
0.0727560438072014,-0.049651198986381,0.00421736538385592,-0.092105303856955,0.037928892401291,-0.122375862297279,0.0254968479780238,0.0568837053227311
0.0419842191115773,-0.049280776836103,-0.00108033106225034,-0.0719265178731519,0.0219969339866213,-0.129042190738293,0.0388042672347545,0.0581319450360413
0.0186502586888602,-0.0277196061856577,0.00182396273203339,-0.0424677430389775,0.00262431482536181,-0.115702843427571,0.0504134850500848,0.0625509332109512
-0.0176334905808182,-0.0110046128948646,-0.00977962209064925,-0.00791270482490416,-0.00601760444521583,-0.116544522341449,0.066334682459031,0.0583147264009103
-0.0349752910573333,-0.0079095753051004,-0.00310952467131473,0.0264701941898387,-0.0166738976973781,-0.106186056781457,0.0713317961198464,0.0638135495663678
-0.0586792507630512,0.0112767768039229,-0.00485883690086326,0.0549775258424584,-0.026367081928022,-0.0973538523170699,0.0805221427653977,0.0635453266419475
-0.0865648036737061,0.0267779368984712,-0.0167933001384955,0.0803431726198047,-0.0254953787096151,-0.0880564040630206,0.0860597357307744,0.0586090396503132
-0.0945741205787026,0.0274667966973517,-0.0126403518252319,0.0906231342647767,-0.0275461435179176,-0.0761719561806491,0.0812479113441681,0.0572412439093634
0.106455527465779,0.0459759855387945,-0.00760100821039048,0.100852176795387,0.102851756047779,0.062528337912141,0.0513575451516807,0.0319871963663634
0.111270692691696,0.0331874794385729,-0.0136985176635663,0.0916970816838885,0.103566016402146,0.0510362650414877,0.0527929353758219,0.034926782435102
0.111485591749088,0.0160736916181887,-0.00541660807290822,0.042180811610085,0.0884981888022549,0.0290318927347368,0.043261463577356,0.0349198546442556
0.110691369123463,-0.00978189122853191,-0.0076760010553534,0.00940290377259598,0.0811449337866281,0.000453647325014934,0.0397276390225916,0.0367659454613238
0.107952648060678,-0.0263943618969311,-0.0155134006096068,-0.0175354853648952,0.0775668671698015,-0.0308230706106598,0.0451424198284041,0.0320583686001947
0.102188390412155,-0.0342507062468256,-0.01819998550177,-0.0458078626950866,0.0660550403101556,-0.0552811320726043,0.054490366876726,0.028128872381668
0.0907681012993477,-0.029558583633693,-0.0032398541348536,-0.0793074627052136,0.035984212786605,-0.0765541234380133,0.0500549463169891,0.0331552484268564
0.0826090729200632,-0.0268500133778595,0.00111932386787778,-0.0986045446121428,0.0197929344174745,-0.0966482676700174,0.0547109132861625,0.0336671791450065
0.0595921233301544,-0.0270707045782264,0.00154515438466859,-0.0768358811823602,0.000912407255103944,-0.101701052087766,0.0617176205066632,0.0423572459944755
0.044029388542683,-0.0100222231843799,0.0132755702309079,-0.0562412278465225,-0.0255781377713954,-0.097294562929524,0.0665096808360889,0.0557399430873442
0.0272376285247773,-0.00692855944819641,0.0161501558231061,-0.0216916319488736,-0.0376148374395265,-0.0949844844741464,0.0706697312923887,0.0657622747629231
0.00924684984539464,-0.000975236581616339,0.0218347146369026,0.0170949439706018,-0.0487535843689111,-0.0867368491271075,0.0750832449121785,0.0762415218209047
-0.00571127270757474,0.00332523489586323,0.0267813279257563,0.0490892534438701,-0.059308818518512,-0.0818792200481694,0.074796660592272,0.0865688568205308
-0.0370712795004711,0.0229376697073528,0.0173542061617473,0.0714856945926677,-0.0597701378735092,-0.0736941818192923,0.0793377005331229,0.0779654278517729
-0.0463558356698901,0.0193358471798585,0.01400363054911,0.0861167376450204,-0.0584535014455375,-0.0672463765294319,0.0799151402095048,0.0762331797745516
0.0777332000490002,0.0337299091764192,-0.0133291808415642,0.125240362502466,0.0999475978952444,0.0771461714544633,0.0756231329302719,-0.00710873349468988
0.0769078639358609,0.0191350372611025,-0.0216246843742526,0.112267917767872,0.101497374392207,0.0666494941881591,0.0783867221456553,-0.0105718291717607
0.0773390101476885,0.00736435174224592,-0.0205259639793076,0.0674673008406504,0.0911321594892753,0.0441578130836925,0.0762050668711673,-0.0138845089794329
0.0841080617834553,0.0110049744984525,-0.0139205899031842,0.0167263835246752,0.0703043789645137,0.0255750701804203,0.0784770405213954,-0.00981217607835316
0.0778433675169051,0.00572680490205612,-0.016436608349532,-0.0177833672181143,0.0574363594910771,0.0140257389844484,0.0844733787548751,-0.0168189674018459
0.0733282724819752,0.0026863889523254,-0.0195442980056619,-0.0457261866086939,0.0480828809961036,-0.0082150010566558,0.0946662649216038,-0.0213311088570347
0.0696079247257098,-0.000881802149495174,-0.00612125042749077,-0.0825447357380152,0.0138031022569772,-0.041968347322459,0.0826017307831999,-0.00216285465068587
0.0657796029640195,-0.00250503061695266,-0.00415611930786233,-0.0971792284656515,-0.00426027791134484,-0.0541345017743859,0.0819989598843908,0.00624021719741722
0.0554974341113749,-0.00089672592751801,0.0030949915560337,-0.0886881483057901,-0.0226691655912975,-0.061603204138941,0.0794996413885153,0.019490139485937
0.0410928756574253,0.0152005301646893,0.0182051630541095,-0.0652644708415378,-0.0484064084460376,-0.0553713749699634,0.0760964076707436,0.0371560890200869
0.0268113392864135,0.0276902126877843,0.0276176698666061,-0.0309960928125779,-0.068287094929047,-0.046651873460258,0.078350284422995,0.0541313386267217
0.0146673777581367,0.0279055559469443,0.036577196190172,0.00201452557060037,-0.0815442036448118,-0.0446764479292811,0.0745951510377198,0.072326527336674
0.00386455839482659,0.0248465260071538,0.038272534965633,0.0351613039586177,-0.0849433237570791,-0.0443314675398505,0.0724590154557886,0.0830233128858425
-0.00692714919688619,0.0180992435741552,0.0394732949517227,0.0585285061873456,-0.0865911379677526,-0.0421363275167081,0.071267189807152,0.0886483494608629
-0.0186422105558295,0.0163246253154099,0.0338720740609508,0.0763515575268032,-0.081436982715997,-0.0413724803158874,0.0699831070622614,0.0859222966772807
0.0431249269260811,0.0123824390506538,-0.00699920228306444,0.138700764628777,0.0971213883092383,0.0783796766385914,0.0789274817855021,-0.0488964317818024
0.0390115795246663,0.00524590388201868,-0.0150919748959599,0.125835914410869,0.0975103796112347,0.0781745570970269,0.0904737632499086,-0.0567286273553047
0.0410411507461588,-0.00478228683124852,-0.0246937707978001,0.0869682107503902,0.0910951583307313,0.0575988755883817,0.0991518775110102,-0.0610142518951913
0.0474314783457673,-0.00272312910222086,-0.0258507157335775,0.0311482499654975,0.0708180482009888,0.0386494219606839,0.100560534247332,-0.0580794706713873
0.0414689373233701,-0.00478864227819487,-0.034650411126032,-0.00368081068633117,0.0596003446003648,0.0248412511183964,0.110919241817738,-0.066357701450506
0.0437906191076629,0.0038877489751944,-0.0181736952938097,-0.0518743513990675,0.0285670360979743,0.0239397086495108,0.108464064237361,-0.0557772982150789
0.0347068327525309,0.0149196849425792,7.03849248725689e-05,-0.106283481869432,-0.0166197110799231,0.0247652360325928,0.0958483262503336,-0.0461257887227323
0.0395563676977043,0.0199869757685298,-0.00307347396132583,-0.104821076424201,-0.0257089535129966,0.0020437971106102,0.0973582771418041,-0.028887053868774
0.0355485351411806,0.0233322249144896,0.00710530716842008,-0.097546780721212,-0.045988937538629,-0.00435579650881286,0.0897256919022146,-0.0088884469367958
0.029709012897491,0.0299966331390326,0.0285755948965913,-0.0724777448192028,-0.0724858643259572,-0.010173811879645,0.0754898306152982,0.0209962758212603
0.0224016598055701,0.0385531499211931,0.0413612012356874,-0.0427706477862893,-0.0932676670141716,-0.00307708684843561,0.0695373271172265,0.0455324184681957
0.0134944829069042,0.0395284125450982,0.0427195688343285,-0.005264494143231,-0.103180056393302,0.00240916144939649,0.0670858242045294,0.0651964537740893
0.00390070923498686,0.0317974414688521,0.0427479453196425,0.0253677452694763,-0.10546605352744,0.00164304359223492,0.0640650344692612,0.0780215283294705
0.000632505719849848,0.0224176024195689,0.042123785071981,0.0502055941848136,-0.102905278666632,-0.00362747096940543,0.0585748424535428,0.0864953769540322
-0.00783063480889601,0.0177955544033833,0.0382596712720631,0.0664466605200466,-0.0988509904309726,-0.00399495014431662,0.0587410682789392,0.0869351010945084
0.0221468184432187,0.0145974048429643,0.0171529758617963,0.149994420807625,0.0812629392008916,0.0911091904683607,0.074835919866271,-0.0701063831608808
0.00849566974064727,0.00225499538479126,-0.00326101333594756,0.117608851881711,0.0836514475752018,0.0735231220466355,0.0852515668177013,-0.0857216781854107
0.00386722177714943,-0.00386185134434843,-0.0165573133044021,0.0820707031478394,0.0798509699580836,0.0555124053856455,0.102857413623623,-0.0983688927494445
-0.0051102566293878,-0.00375599797886682,-0.0316154687819475,0.0423570095066165,0.0696356344604142,0.0466881775599962,0.112594767783796,-0.110330359211985
-0.00796597067701925,-0.00529063008340128,-0.0362684873243787,0.00119133102663821,0.0555262002141126,0.0379986906279794,0.116199117282246,-0.113119031940447
0.0100090607148283,0.00758316629273187,-0.0240850536944535,-0.0527906816756493,0.0241724691443392,0.0366547923234955,0.122386889762532,-0.0967026334107982
0.00162755265330895,0.0227009734646151,-0.0016161431197248,-0.112428178018332,-0.0275483255766119,0.0516503624478429,0.10206238902848,-0.0837013796306748
0.001402844854004,0.0240286842539773,0.0153830621557083,-0.130794339279822,-0.0576803086777125,0.0715205687658738,0.0927121828339556,-0.0698748013730237
0.00691184989571084,0.0397053022725198,0.0192112642517931,-0.12907671140328,-0.0795470380555561,0.0588873012283985,0.0842108730130256,-0.0417241133553151
0.0127442018758186,0.0376626676492895,0.0383688297730339,-0.0862514513895081,-0.0953572149918102,0.0432015948027619,0.0670107768376715,0.00212519239726408
0.0109603664436196,0.0384542400260639,0.0438305749350083,-0.0521512587854085,-0.107580881207817,0.0473310890292072,0.0597684652493706,0.0287838676291401
0.0104166195522897,0.0391636670306701,0.0454165331227691,-0.0165666332541866,-0.115242481271037,0.0436693012523446,0.0535010650418299,0.0555331557633295
0.00821549829637362,0.0160295515874846,0.0406895215105931,0.0168720015715604,-0.113221901091317,0.0309315725668289,0.0438104814274245,0.0763840894101799
0.00851103390405138,-0.00595833770817407,0.0374780577522742,0.046414355708272,-0.105543349933262,0.0209261318569204,0.0328218442913171,0.0911739713356271
0.00346898571206532,0.00168801007760478,0.0345868361483658,0.0683057750352852,-0.104118383484438,0.018377604114652,0.037062062824172,0.0937639147117085
-0.00373718086888595,0.0254623764912943,0.0366147484846411,0.138607161401365,0.0632428780926482,0.0950553334908112,0.0536645484398922,-0.0888728229546604
-0.019795098199815,0.00397371834595954,0.0277982862232802,0.110934095255212,0.0640407620726207,0.0756996585447852,0.0634217504005757,-0.106629717777906
-0.02625401039809,-0.014113109790199,0.0108865106453348,0.0750621278940422,0.0638431725600192,0.0562401492206845,0.0782026552423577,-0.120541087440379
-0.0236251914409195,-0.036720862008865,0.00516660567268008,0.0358959727988369,0.0549172101442148,0.045215973071321,0.081287306370253,-0.124307172130309
-0.0299960264504722,-0.0250491061377341,-0.0167880247251428,-0.0112362879739317,0.0400251199814039,0.056213296269571,0.0983240839765503,-0.137225987239405
-0.012434381792613,-0.0219325663487435,-0.00742361323390515,-0.0728867390670804,0.00747652556087459,0.0618066368538102,0.0986452782014102,-0.121810559545195
-0.0130916349134103,-0.00410522349838293,0.00383321121621536,-0.112924251851323,-0.0312202080394501,0.0668457745335459,0.0833757304784459,-0.103818238387188
-0.00793443388440917,0.00515667333236467,0.00983779519159679,-0.125101920237703,-0.0566774911701202,0.0797066757032049,0.0785303110036919,-0.0818374397929041
-0.00607761694295702,0.00046863676247284,0.0348628774593273,-0.116273997936451,-0.0821253140010338,0.0866450873535109,0.0479656752283213,-0.0493765436360719
-0.00714046547941687,0.0219125524714476,0.0648520303539416,-0.0927949236070254,-0.117717734417282,0.0997445378482809,0.0305197918236658,-0.0104979101048849
-0.00125503062853134,0.0226079641145627,0.0524938161497068,-0.0569966124069617,-0.11992406435141,0.0889155206211096,0.0298038590282921,0.0197716617826848
0.00272004206347498,0.00522135627218547,0.0450882737601564,-0.0122797726286959,-0.117526708643943,0.0763283977870154,0.0212532777566676,0.049418896343939
0.00224446854245641,-0.0287349187192003,0.0274402445348948,0.0246174472641645,-0.105079930803674,0.0507866898246629,0.0138493613960922,0.0710135123719044
0.0132915016667486,-0.124892751056688,0.00618912232319168,0.0724507944826447,-0.0677943574090339,-0.00217818819932858,-0.014246656022559,0.101936466236334
0.0133184868225061,-0.098957281967416,0.00711500110346856,0.0820514642023636,-0.0738693110631714,0.0034265884960072,-0.0121441845360744,0.106825398153247
0.00963668692206387,-0.00384770055636271,0.0872623155992197,0.117450341746861,0.0375753687755326,0.0669645245095335,0.00460114035040886,-0.0777739009438171
-0.000630289364849121,-0.0276847102873636,0.0791233044622122,0.0999531056246206,0.0406833099180784,0.0616607890924966,0.0119219607976327,-0.0920527959137976
-0.00913333787846961,-0.0593348859491389,0.0696739590374895,0.0620948786350173,0.0358098406696171,0.0459290644893069,0.015674047011637,-0.102539457600975
-0.0157276962122629,-0.0769428132236091,0.0493669135143995,0.0242320207621882,0.0292786219874857,0.0364291750072176,0.0236889910776862,-0.110539980463368
-0.0164639238907387,-0.142254159057832,0.0179467250547677,0.00811034824575524,0.0424989408705171,0.0102316820662187,0.0215600008649062,-0.10590476138406
-0.00472607142072647,-0.120631480061483,0.0146581399072239,-0.0379667124383149,0.0181257043027194,0.0129931845999385,0.0272679148800664,-0.0935284445498571
-0.00326684739422127,-0.104215346625647,0.0125253563407194,-0.0796608311400912,-0.0132200769991747,0.0279850558514221,0.0186014042226998,-0.0793059268334392
-0.0134226060083358,-0.00942658356196083,0.0265732511615126,-0.127291091781859,-0.0714178825260544,0.0906927439723873,0.0322723825939758,-0.0807267569615402
-0.00742027793818159,-0.0348372839515209,0.0248243238279322,-0.0923714132937588,-0.0712245701944433,0.0832741758440249,0.0115597800585358,-0.0492633032042312
-0.0315294895994955,0.0120895814214602,0.0242367871057451,-0.0703149404474821,-0.097730808537122,0.0988902864952773,0.00581148625450057,-0.0278932191639062
-0.0212875534912209,0.00236066274908738,0.0561875805069422,-0.0521530464175414,-0.12754927394497,0.132376368973727,-0.0147663620875683,0.00460937262822084
-0.0211887163259361,-0.000269135209469179,0.0253612484900385,-0.00757136358641519,-0.115393496000323,0.113836046549841,-0.011323351101455,0.0284374030694274
0.00545728205136327,-0.143193134435999,-0.0136552931625865,0.0603138750182135,-0.0614963033940596,0.0325241655126142,-0.0405716630590542,0.0749439099438715
0.0152688993651456,-0.135462821180822,-0.00968517738374992,0.0838858436873384,-0.0645862469023884,0.0299958741635372,-0.0464707823930158,0.0934059343559432
0.0269402975012561,-0.121646871261904,-0.00425938432721001,0.0896490148398711,-0.0709096494557987,0.0172864952683611,-0.0451495079054665,0.114699616318579
0.0108205400402436,-0.00234476167154999,0.130359516808603,0.104787140202168,0.00609651515585491,0.0377489707787405,-0.0445959898705328,-0.0630010669419452
0.00565329601395784,-0.0350099277236307,0.125208721945062,0.0873490203501804,0.0117193282227168,0.0225073291022246,-0.0425875705649055,-0.0755030431184293
0.00244451335725656,-0.0773801346253397,0.108450306643383,0.0560045395238077,0.0167335712457615,0.0037931149498371,-0.0427474154864901,-0.0834615579289785
0.00719356976927983,-0.223563674005367,0.0624147574346243,0.0496040424494588,0.0559916211322761,-0.0682151696459142,-0.0679673542341857,-0.069175272178069
0.00290100966426835,-0.237730455010958,0.0352029120020095,0.022051835819599,0.0522754491322514,-0.0680294723553947,-0.0550057433972423,-0.0756954363308114
0.00321778665261998,-0.222149342738747,0.0157767784271211,-0.0111527554528806,0.0363233360672441,-0.0456948060806422,-0.0454543010750511,-0.0740758509314667
-0.00190499384510807,-0.157014327015553,0.0172800814813687,-0.051593661128989,-0.00383709609224211,-0.00446941225320017,-0.0389425918998867,-0.0744601276876125
-0.00577169237782695,-0.0369805880684056,0.0330114017632983,-0.0893364119211034,-0.0663705981951707,0.0593054935173043,-0.0168846509251585,-0.0646706535767014
-0.00220844809095058,-0.0438081547025607,0.0119461208343703,-0.079393321525533,-0.070303719125387,0.0724560730250959,-0.0211359357992104,-0.0450485910609017
-0.00336004664742832,-0.0260563355052462,0.000230464711962985,-0.0550556535634628,-0.0836200658403025,0.096651147783807,-0.0233682051128225,-0.0245969131228756
-0.00164953555718407,-0.0305673818667208,-0.00402163110911762,-0.030084229175108,-0.0925297775233048,0.104283269596272,-0.0327261825006565,-0.000110030106843759
-0.00117982057815529,-0.0617727251645283,-0.00213764686574493,0.0123728309944545,-0.09317732704752,0.10272961858118,-0.052930582169767,0.0317031895551621
0.00866070590041989,-0.145367117765334,-0.0182370724614856,0.0611700377333369,-0.0688088858243866,0.0650512059014776,-0.082419186419518,0.068174275987697
0.0185241924234592,-0.0585836232126937,-0.0129866425530008,0.0750059096859382,-0.0941065795830771,0.0801374067051377,-0.058356992202461,0.0860555649929931
0.0259803198896828,-0.051915953895591,-0.0092638527279121,0.0818280904249102,-0.0941425674529932,0.0625195820542218,-0.0529315375904304,0.101050680307489
0.0282179493052419,0.0372572352789381,0.15680416036598,0.0911391508786422,-0.025358091154704,0.0021735022717895,-0.0830901923516916,-0.04519001762325
0.0206909484822834,0.00304416404212134,0.153355450714623,0.0754498818784022,-0.0182665089465305,-0.0149828760250331,-0.07914542697927,-0.0592600425789334
0.0183766063390038,-0.0376826023012772,0.137060989181554,0.0469363436332224,-0.0137490079667732,-0.0305496575173123,-0.0823949028367894,-0.0661347634874855
0.0181990792340511,-0.169557790667312,0.0894265946926257,0.0374889119944849,0.022744414439348,-0.0992245004944859,-0.101692504882419,-0.0617695201932752
0.0134874323343775,-0.234779905324734,0.0508658203146287,0.0221002893384035,0.0377537989555844,-0.105371598348773,-0.0969666173260537,-0.062296163735148
0.0127994077945589,-0.233024515473812,0.0235041775831697,-0.00605515000498343,0.0292127448824733,-0.0917258550977975,-0.0905716947004969,-0.0621730776310259
0.00742506215310967,-0.138439080976091,0.0173349259778982,-0.043392558599315,-0.0137835073914025,-0.0374898889924188,-0.0688634847373148,-0.0664744324836651
0.00177005936531283,-0.049264348855363,0.0140249196376786,-0.0707276262031375,-0.0548459175101924,0.0182500231344391,-0.0478957491270294,-0.0647467892298916
0.00119851804383746,-0.0163185477754158,-0.0173937944476638,-0.0693544086074038,-0.0659346060238029,0.0536134518489675,-0.0359386167162107,-0.0571903743967756
0.00389906383072417,-0.0101118343487054,-0.0394899455644731,-0.0503007229842819,-0.0738268844620806,0.0757658743702622,-0.03342267940869,-0.0336013019125621
0.0036949238208489,-0.00493671705244375,-0.0513823664654445,-0.0228713150090197,-0.0770989769478303,0.0872727560044878,-0.0411706379611121,-0.0113451609935902
0.00604180300575095,-0.0196423998278156,-0.0543512600424541,0.0114721181995145,-0.0802322510312097,0.0910931696894866,-0.0514486344302391,0.0174082067073152
0.00199252182362509,-0.0191243699236886,-0.0443029873987937,0.0437895198018775,-0.0911051538595667,0.107468813490375,-0.0690259059873953,0.0405590198659761
0.012826253714518,-0.0368326021694542,-0.0431801123258921,0.0702902396763365,-0.0910450422186981,0.0888624900780799,-0.0789290435147858,0.0668588422801184
0.0241129379176133,-0.0233416250651711,-0.0421965525128653,0.0837405672984924,-0.0903840131749175,0.0677005616847194,-0.0722170542870826,0.0856218150417214
0.0296298265923203,0.0764725395174296,0.161982844136607,0.0850618042339079,-0.0441379497078411,-0.0331537675807179,-0.102567737112128,-0.0420404571127302
0.0303243233472863,0.0418304359525171,0.157547087001093,0.0724120918286518,-0.0382470424674597,-0.0480886140321772,-0.0984700535430504,-0.0508748939662201
0.0268931328690822,0.0206970278887895,0.141537702886516,0.046731569316989,-0.0358293161825211,-0.0532464527338044,-0.0950531014037141,-0.0619353296701696
0.0294248494718352,-0.0886323217063355,0.0937741762279727,0.0374479165861908,-0.00261498196624745,-0.110339054551249,-0.113652000230833,-0.0572224490464888
0.0175122854265704,-0.044514823990819,0.0693879942975662,0.000277479853037129,-0.0230861232805218,-0.0717777623476162,-0.0877278234748285,-0.0741645839782622
0.0163452696462455,-0.0609851550763163,0.0318784370789793,-0.0334289007554085,-0.0232349530772176,-0.0770099941887709,-0.0823901592155162,-0.0778255195458806
0.00405658558790782,-0.0359904164816761,0.00324743519813486,-0.0463706709739997,-0.0331898850995994,-0.0575791349335732,-0.0699867065086748,-0.0768603957041007
0.00126501438878365,0.00562735050590726,-0.0220158660180346,-0.0646515319988114,-0.049840079679742,-0.0219937600879269,-0.0537710671953647,-0.0752326080275988
-0.0177150736680065,0.0681577341881973,-0.0828859342648939,-0.0637817019988744,-0.0498346168834951,0.0116418508352658,-0.0257383059306197,-0.0850181160159481
-0.0210979167436228,0.0504692223042116,-0.111963496637301,-0.0437523791994562,-0.0491776861262462,0.0392725492289065,-0.0224790498954447,-0.0654588070371466
-0.00804220765941869,0.0233793759177625,-0.131230333027365,-0.0178768332497653,-0.0434443862477352,0.0518975670031352,-0.0411454534753849,-0.0355651316974871
0.00654037189720922,-0.0127546392481266,-0.122443292699883,0.0168903135420079,-0.0498144717002602,0.0706145613029497,-0.0624877583934249,0.00560980267887126
0.0239137750977311,-0.0254563407104832,-0.111928515305854,0.0391315450585593,-0.0577644269024543,0.0577419789606623,-0.0781437758079169,0.042099330459204
0.0346271280674757,-0.0177301293427327,-0.0963846073427232,0.0632048742795088,-0.0641357696242949,0.0562670145820623,-0.0807451266893653,0.0615082030380869
0.0323212882358166,-0.0101431986575225,-0.0924014497338925,0.0823285462911579,-0.0660184762478615,0.0486705802077927,-0.0732121945403884,0.0665706389244085
0.0248202627227231,0.154862339519407,0.133293839657369,0.0753515790500624,-0.0544240763031664,-0.0592174317950474,-0.0911699887499653,-0.0551966257243653
0.0250064786036025,0.16060324762688,0.135361262959888,0.0648876471691057,-0.0592127743680494,-0.0674710905963984,-0.0923641800098845,-0.0589723349836123
0.0226377842120906,0.123309880787562,0.108290945248486,0.0505627569429233,-0.0483967442950931,-0.0784108632130558,-0.0885991876648958,-0.064717111005635
-0.00206712378721531,0.103085696417228,0.0592768086767381,0.0355822282633572,-0.0341728905592308,-0.0838356404236615,-0.0856624316000036,-0.0821375627467666
-0.00754740980845227,0.0786987923428998,0.0200401975098748,0.0102948180212804,-0.0267598971224484,-0.0938384453833766,-0.0766279248622685,-0.0948927303444579
-0.00733388723133447,0.0684580608935762,-0.0149714157303319,-0.0191011354728114,-0.0273671859299662,-0.0891698920302617,-0.0684838957807588,-0.0994408917849211
-0.000640217957117129,0.0668508042745633,-0.0461306868352616,-0.0504155478738597,-0.0331119503384479,-0.0913808439019983,-0.0592019732385662,-0.0984325680940952
0.0020523289048088,0.0462744856646563,-0.0642735594253478,-0.0495470410660096,-0.0346152811356055,-0.0762190802964724,-0.0520599528989246,-0.0862184741550879
-0.0010098188646305,0.0666610591468288,-0.112995059422555,-0.0499461980616589,-0.0346625709036616,-0.0239133251271329,-0.0278332874807762,-0.0850679200439242
0.00813450785705967,0.0438163869015707,-0.142520991206321,-0.0368770516753832,-0.0308961267171139,-5.46377759448949e-05,-0.0270733161251415,-0.0642186737936961
-0.00115463562840958,0.0335460676660137,-0.178060086517972,-0.0113158413183435,-0.0211209045195187,0.0121096403560974,-0.0410015729519296,-0.0464697036445869
0.0237618642208901,-0.0132720867897229,-0.167946732874012,0.0165598909383686,-0.0246646349988715,0.0303043021508521,-0.0713924565130413,-0.00426307193293377
0.0181421514321789,-0.0209800905171473,-0.183975084529117,0.0488950387742665,-0.0194214168728471,0.035404608562352,-0.0870416099866412,0.0180726029674302
0.0294178099247911,-0.0450325057353783,-0.17631802443976,0.0795845167913653,-0.0179936364004498,0.0238025950989262,-0.0957008528393338,0.0426000423132217
0.0270570732294416,-0.0221715631848315,-0.164111690121293,0.0834016932822023,-0.0241373882422298,0.0145465729413281,-0.0796125435985505,0.0424548309853523
7.88467772814966e-05,0.229324090738401,0.0634470673632081,0.0710053578338973,-0.0460324518385569,-0.0828877135806746,-0.0686096645142676,-0.0753143514164013
-0.00315268621600657,0.231814967790898,0.0539656074015893,0.0680680199291484,-0.0439905849839973,-0.0827282963583073,-0.0661897278433472,-0.0867103724904532
0.00388170602610196,0.188678860523654,0.0276687196800795,0.0591030115059397,-0.0317592570379734,-0.104180709563984,-0.0769783696617846,-0.0801462758929926
0.00335621620416047,0.165493183959132,-0.00926112496646871,0.0414658579409182,-0.0206022007082977,-0.110218770280957,-0.0737617056835813,-0.0873234719537165
0.00442275027614249,0.0929135905269761,-0.0352120712111955,0.0242291215026786,-0.00434019152221472,-0.129398037348931,-0.079074791143483,-0.0896588909218656
-0.00478742528282759,0.0920114200641693,-0.065750432196631,0.00400032520877256,-0.00553864987255874,-0.120625948053586,-0.0637506643654338,-0.100034456999788
0.0185771262884955,0.0392356075553222,-0.0765814037244278,-0.0150299047240044,-0.00839557162388146,-0.122987641953222,-0.0666184437817174,-0.0839476061281826
0.0146846299497589,0.0673574792255399,-0.103342475972414,-0.035192724181231,-0.0189373400100797,-0.103809735431588,-0.054777449903833,-0.0868665343434975
0.00596815604020898,0.0704396421359076,-0.147663997572024,-0.0410354811770156,-0.0133908993074874,-0.089755512460412,-0.0356640680261687,-0.0919632513987444
0.00359673998484949,0.0591730416799851,-0.178447651348636,-0.0264871716601118,-0.011946768354849,-0.0482310106965344,-0.0326679612645332,-0.075700402254736
-0.0129573604145843,0.0603427234165271,-0.21731368070914,-0.00541330440976683,-0.00182095536711697,-0.0200333118302184,-0.038325204783483,-0.0643529745574295
-0.00418852201433637,0.0274320478701693,-0.213735748575491,0.0213467469458565,-0.00478094178595768,0.00485024079496732,-0.0609457684012906,-0.0316389445387317
-0.00576199669526715,0.00493110232412377,-0.228651324096287,0.0468824435621108,0.0029439775473187,0.00789312666022024,-0.075901685837398,-0.0115091438405625
0.00745476379470083,-0.0199620846864522,-0.220903269359981,0.0668243132674633,0.00486635653077801,-0.00102232407973057,-0.0897275926444001,0.0115786414777743
0.00978665619139764,-0.0035801971998413,-0.211481280098959,0.0787591331226162,-0.00117521385773177,-0.0127061247667802,-0.0810626572656646,0.0186846227953293
