0.0600949008978421,0.112181015270838,0.0158458962497641,0.00286672495428174,-0.0139420591426801
0.0484901113651524,0.123244981428923,0.00740051409810497,0.00120521854444424,-0.0116502544739325
0.0440483931019595,0.125494996134875,0.00748902415718911,0.00222815575430339,-0.00975580989657657
0.0418639350532727,0.124676102189221,0.00948015066630281,0.00365225007996961,-0.00883290802363563
0.0441763580356913,0.129594617575624,0.0065014558624759,0.000409313005180512,-0.00736264483475616
0.0430597741639013,0.126380698242173,0.00878750149650427,0.000511665772790701,-0.00877411811520712
0.0447459408016234,0.131907702911889,0.00691392038238611,0.00041058963126,-0.00801719993236217
0.0426949801402011,0.127766425412168,0.00811957082138897,0.000359337892417958,-0.00790534966240735
0.0363020547318541,0.125788933675956,0.00751727758807076,0.000410315855877544,-0.00972497135617208
0.0351388306582717,0.133477182034297,0.00455047489813976,9.07503235602746e-06,-0.0107365331692817
0.0302357320293033,0.13587452555884,0.00296012149992816,-0.000771476789739046,-0.0113208765941714
0.0265942343075199,0.126720465838026,0.00725011941731607,0.000861092482414682,-0.0107829622562473
0.0297185996554042,0.124190077066108,0.00749635578078097,0.000398729729224043,-0.0112722715966125
0.0267771367377066,0.133002352466625,0.00512714436373642,0.00161289873263807,-0.0124702567301799
0.0250311092095621,0.145171470733981,-0.00228536525836859,-0.00138676334754855,-0.0116267561225587
0.0213085133317805,0.142204610306535,-0.000439707671944981,6.21435419998363e-05,-0.0118202816463931
0.0250524689218213,0.143375656515754,-0.00129089366070966,-0.00256315941281004,-0.0120002624257521
0.0227294155499488,0.135413796008491,0.000995979721774164,-0.00515686065912245,-0.0116516681520812
0.0218460041282494,0.134143845095353,0.00045276201694979,-0.00557551944538405,-0.0134053243698964
0.022546413228486,0.143323467885987,-0.00222315728411407,-0.00470422274183491,-0.015424526065191
0.020601571793146,0.125916456250086,0.00318468946266882,-0.0046281550838145,-0.0142979703220811
0.0231564034129385,0.12467268648353,0.00345079440984028,-0.00429156707023026,-0.0138599871652215
0.021152200981364,0.13503135620657,0.00141849439022988,-0.00256024804932579,-0.0157351423496013
0.0200107387515566,0.137633427031346,2.0894899184069e-05,-0.00340713755325535,-0.0145825939698711
0.0138595274997936,0.123336907582718,0.00634582371374348,-0.000917479576915038,-0.0116241170545838
0.0052623059450641,0.126303107845723,0.00502411267688622,-0.00169905883411473,-0.00983970183424062
0.00215395662838705,0.127329273106176,0.00542750650447246,-0.000378261474123804,-0.00951172324573968
0.0612192554068337,0.056437929108298,0.0279195258311107,-0.00206795368035465,-0.0110474274441803
0.055311459561561,0.0583027613904656,0.0260383560126415,-0.00212468447724693,-0.0101719088587949
0.0503753243772192,0.0641043519121708,0.0257257718819139,0.000261745454866376,-0.00822292263276106
0.0476677257086066,0.0679891797086628,0.0273997485704286,0.00164015696646097,-0.00755081962646345
0.04189987971678,0.0783198773586267,0.0229722731958545,0.0015950606588374,-0.00415031501840707
0.0379748427542558,0.0749272672361499,0.0231164784165272,0.000500572900701359,-0.00395791681282567
0.0396733805855553,0.0756555322460557,0.0247020150497913,0.0022236681594145,-0.00279271281478272
0.0345430883127112,0.0756268231132893,0.0248782358263753,0.00339872585556012,-0.00232174348835743
0.029613433013551,0.0738362973793722,0.0249213096553406,0.00307237881460374,-0.00264853102453951
0.0261310572892919,0.0752099581914902,0.0238063153081409,0.00281845397933243,-0.00184522408830245
0.0218463892355581,0.0759640020801531,0.0239212048374122,0.00410389069335789,-0.00336514888332658
0.0199666770095192,0.0739468243759554,0.0244023694170734,0.00347165753922388,-0.00358170502542838
0.0199171270063397,0.0740843692051491,0.0211575441015061,0.00183580880371854,-0.00492519551386961
0.0172781363381975,0.0779347642839766,0.0198676233102138,0.00246665534015375,-0.00507654167944909
0.014725351209442,0.08145622509273,0.0181113314068097,0.00248444720199013,-0.00556022584165617
0.0119889961818568,0.078421391629117,0.018666450180072,0.000467853520205383,-0.00484147820865592
0.0127821942218827,0.0784735819738398,0.0177500251478924,-0.00249870313383044,-0.00501273265004777
0.00953343822438562,0.0762701446137301,0.0181150546716432,-0.00479419312201782,-0.00383176447651448
0.011289847967674,0.0792313121622728,0.0156145712267676,-0.00598523223026315,-0.00634746002086469
0.0101160249773264,0.0859663973620774,0.0137490766007688,-0.00674469350420218,-0.0067245995092147
0.0072283641603199,0.0828793239957094,0.0149034242960984,-0.00572342812228916,-0.00852721963226132
0.00714436553987912,0.0828526984983132,0.0150487068611031,-0.00502084823632487,-0.00820645415208787
0.00681923013298446,0.0833749301264895,0.0159279822871956,-0.00303616747771865,-0.00902663702418794
0.00266746270668267,0.0843273334504127,0.0141460346809256,-0.00396331089969892,-0.0105112501252489
-0.00408926170967468,0.0850880231677881,0.0130965602838227,-0.00400142456156319,-0.0095706328599517
-0.00881378446921015,0.0843933266545892,0.0139943727181648,-0.00439522620382829,-0.0063875416845571
-0.013206556987329,0.08407019290315,0.0145025702994661,-0.00345535365804976,-0.00560932265385679
0.0552986090162505,0.0331233181647988,0.0294236020038642,-0.00357178908793013,-0.0108444024717652
0.0528225332826566,0.0323609423894759,0.0307501050125807,-0.000976802004922179,-0.012198715611794
0.0511654381097966,0.0324682236295714,0.0330549618149512,-0.00107802035976935,-0.0116626629086714
0.0517794098832628,0.0303475312066426,0.0348574373351597,-0.000987826465282619,-0.0105099168960679
0.0442451930409713,0.0361958679035684,0.0341696077222789,0.000204243264391886,-0.00595887730738413
0.0393891430907839,0.0383937700207578,0.0338628599682662,0.000616914874652885,-0.00484790921640461
0.0339533915214434,0.0413570488687798,0.0343017679751548,0.00222251507539824,-0.00314943735843811
0.031385276504145,0.041689097610149,0.0345426599558963,0.00347773449637875,-0.0024437218004001
0.0256925024371229,0.0445939227073476,0.0334232575068335,0.00298267298846292,-0.00190886229900824
0.0233324988341489,0.0447917695491932,0.0326122061665935,0.00240189488344598,-0.00116235973340381
0.0179006861546564,0.0476914136614136,0.0313905776306166,0.00336772011125845,-0.00190697122497689
0.0138158380541085,0.0465469920637006,0.0312200592281062,0.00360480234382501,-0.00255468168291495
0.0128576334310549,0.0500791263034772,0.0287754550884142,0.00254376283094038,-0.00261463929237
0.0126573345167686,0.0511592721742786,0.0269688236384323,0.000310317131607569,-0.00314906715101217
0.0147907016761808,0.0502280382944556,0.0275415356625426,0.000215449279861723,-0.00442859501228366
0.0118731058673438,0.0532330323864446,0.0250019600654587,-0.00193143465126122,-0.00386666436194832
0.00757465431849265,0.0529305196153805,0.0254785158526218,-0.00176143415133031,-0.00526441133676591
0.00697045256804441,0.054389161734383,0.0248979357975634,-0.00392281431780428,-0.00506130636123411
0.00798310814057762,0.0536092841927239,0.0252177794239031,-0.00590263473118609,-0.00510575633683241
0.00407546121649895,0.0588428574762326,0.0220036665666511,-0.0062356854422017,-0.00606248718330128
0.000867181998768994,0.0594575409888093,0.0219880002258617,-0.00447296996554114,-0.00876862352981479
-0.000955348776920774,0.0611814603263145,0.0224671751773397,-0.00305859585447833,-0.00798374642669632
-0.0128737771457665,0.0648395458434115,0.0222543347736684,0.0018159736908698,-0.00871610901924732
-0.0163082832357839,0.0693321329016264,0.0213901551826238,0.00287309484636497,-0.00829689714930516
-0.0236051990122873,0.0673686892148425,0.0210577352348622,0.0021111380647513,-0.00592563591572999
-0.0214340927846814,0.0682998834650863,0.0198688224069742,0.000361489614752716,-0.00436674651258812
-0.0268683456310588,0.0683092466271628,0.0202617998594153,0.00131208258317857,-0.00438087133910973
0.0615809631912882,0.00954103008737452,0.0332039802890296,-0.00574117899980115,-0.0131303570224901
0.0595298276541177,0.00682684613483266,0.0355533689242249,-0.00446448608509824,-0.0129560105930032
0.0500654247388588,0.0110572737127323,0.0350897213890153,-0.00322431857581544,-0.00940532110340362
0.0447479868147569,0.0155657077683002,0.034191888064867,-0.00272359093282986,-0.00622421420708347
0.0454638919305459,0.0164457570074673,0.0364009013433316,-0.0020429544357856,-0.00363719154414048
0.0419331019929105,0.0145994369739791,0.0379851640320726,-0.00114439238974761,-0.00254361616989484
0.0396839344035571,0.0156798067129663,0.0401302758025401,0.00104501109820421,-0.001739821780724
0.0360233348611682,0.0135745113617485,0.0421103325795011,0.0028434034785813,-0.00108073079862689
0.0297030156532222,0.0133486814501147,0.0428536674175117,0.00308965662262214,-0.000404619205859443
0.0267867919980782,0.0202072403748897,0.0398259300448988,0.00323347357087193,-0.00162275906286335
0.0276712963276728,0.0194501880736814,0.039617327908583,0.000287395239785793,-0.00168228510262042
0.0229506564659227,0.0230670841036365,0.0382699151313604,0.000886935807357646,-0.00274719760194047
0.0188087067210508,0.026273302035942,0.0365617790439487,0.000123995594057242,-0.00263807316757532
0.0172217792052379,0.0265892902990866,0.0361799053274308,-0.000856968978376385,-0.000825470799284406
0.0146561465433875,0.0265296803777664,0.0372672820699209,-5.75753958846868e-05,-0.00257533896464415
0.00974184065701897,0.0289914109507836,0.0355986464448705,-2.8118759976169e-05,-0.00282937209827519
0.0048748952241315,0.0288290820713663,0.036610361797367,0.00143580808644366,-0.00357487856164022
0.00119969933256319,0.0300656669633091,0.0363365342632103,0.000544050080000474,-0.00245130687091005
0.000397442257850808,0.0298850792671342,0.035257940040942,-0.00157424262733741,-0.00289695373045232
-0.00106330896601085,0.0357508072881876,0.0319723827965259,-0.0026679765259326,-0.00368293935872743
-0.00378045959019965,0.0300940019804846,0.0312760574450411,-0.00366201556437991,-0.00618777610433863
-0.011600251522044,0.0366246674106206,0.0312405093251105,-0.000311815903909681,-0.00562123601739377
-0.0252186910736256,0.0421667120738159,0.030795442495203,0.00512574069233706,-0.00457723708991776
-0.0306935610783777,0.0461027030350398,0.0299059168542353,0.00643250982440971,-0.00354850034542766
-0.0340392560441358,0.0490903266058239,0.028045356378289,0.00719278270495872,-0.00354838817086904
-0.0341124180019311,0.0541788245276258,0.0248033417190844,0.00460423367270848,-0.00443746198641572
-0.036247459863555,0.0559693686851069,0.0230405098567296,0.00369669417670994,-0.00456468414123711
0.0612157612256107,0.000789510440758249,0.0299244586258141,-0.00705320619818948,-0.0128988323589019
0.0600118943870938,-0.00132557369753462,0.0312333472127533,-0.0068261172666868,-0.0136069589986115
0.0545941199891006,-0.00035092903691887,0.033114714486069,-0.00567896427473137,-0.0117116491579764
0.0522178143711246,0.000797498578126253,0.0341054692420442,-0.0050169865435493,-0.00978111375610842
0.0519879929522841,-0.000344149287759667,0.036293323912588,-0.00455966806669246,-0.008322672328131
0.0481543886540969,-0.00191942376497364,0.0403816450888443,-0.0038069879511222,-0.00533587343762024
0.0418559279198429,-0.000885673445064441,0.0426183069319855,-0.00165676571735162,-0.0041058771015743
0.0390813222133835,0.000332528853291821,0.0439924173960671,0.000985294350475039,-0.00194425100328931
0.0351072697967462,0.00113865750211562,0.0442311113949647,0.00114252563436561,-0.00168945333149174
0.0317708838640824,0.00698244147599997,0.0413271354561686,0.000578212958380581,-0.00293821912481559
0.0308553761701553,0.00556353453776053,0.0417057049212029,-0.00140811525754871,-0.00290170512784779
0.0259599546852146,0.00743352968218915,0.0418638904057638,-0.00155145636479935,-0.00157254617214162
0.0198719939222007,0.0107908741687789,0.0416101269836065,-0.000536406796391435,-0.0016084642975862
0.0168961516458702,0.0129156895045377,0.0417040486811546,-0.000364895076198748,0.000275215526915887
0.0131149217202659,0.0134402412838898,0.0422521386603394,0.00169810639498492,-0.00154613362643524
0.0061048025968193,0.0174837824570998,0.0402245896901654,0.00151290644979133,-0.000883795266602436
0.00413811044815021,0.0172922628882742,0.0401599844904262,0.000348280539401383,-0.000788837032125639
-0.00175691259700766,0.0170277918852924,0.0404346388800754,0.00220067149815337,-0.00163652369893896
-0.00626924003801283,0.0181587807147292,0.0382457524978509,0.0003843335872802,-0.0019722144018474
-0.00874579024528929,0.0207927021122839,0.0356014803908088,-0.00222087644057898,-0.00309876893105222
-0.0129664421231893,0.0196346133340237,0.0350196420659469,-0.00339364679127653,-0.00359957864283935
-0.0202051019794749,0.0239023586509093,0.0342619822578757,0.00078675744659759,-0.00326268659038334
-0.0344660243915611,0.0306115060133044,0.0334285404584132,0.00539099059895923,-0.00183733252024092
-0.0385027149396113,0.0350283182670487,0.0321511254241838,0.00755562046102695,-0.00301039413736933
-0.0392706438144321,0.0372983836552268,0.0311325907735682,0.00705823734783359,-0.00296507466765106
-0.0405385595554256,0.0413656330647999,0.0284401427012685,0.00550807320983173,-0.00290401512096407
-0.0403502618268634,0.0397590857588269,0.0286897491162594,0.00578065516115447,-0.00197244217573063
0.0630860752240254,-0.0117684554212527,0.0272267133126253,-0.00875047657293358,-0.0139118539747037
0.0603974361471536,-0.0136909615347689,0.0288248243018939,-0.00826932546188751,-0.0149759471942844
0.0612361781907009,-0.0142605567218107,0.0315226269613816,-0.0089282240825264,-0.0148444880303378
0.0588303123286837,-0.0134374862642246,0.032356701269359,-0.00899222355201923,-0.0140028558288441
0.0570581613035364,-0.0146787648836018,0.035467085547276,-0.00730681994245772,-0.0136578185056313
0.0528955330110356,-0.0184388795206231,0.0391558135890053,-0.00608288683803963,-0.0103671306854518
0.0474253131931033,-0.0177301599642178,0.0420747814768284,-0.00653922345202949,-0.00717040502551621
0.0428327677355202,-0.014004483810791,0.0419474623657029,-0.00478597832449362,-0.00740177537433002
0.0395538578745291,-0.0127481880077362,0.0424802490347373,-0.0043771821504538,-0.00716754669627866
0.0358924659829437,-0.00868350654074546,0.0413189940071924,-0.00447617015322964,-0.00863816563642777
0.0294904728952416,-0.00691880048145419,0.0421526819644938,-0.00340757080577735,-0.00671502397962225
0.0257528296003037,-0.00533124966448283,0.0428770605436556,-0.00304598567874882,-0.00450176180897346
0.0212585841288965,-0.00342044786792395,0.0445656547909043,-0.0013427670887841,-0.00188019806756696
0.0149246382603689,-0.00370910962454399,0.0469357660353516,0.00140991349931347,-0.0007999119048735
0.0109734317866576,-0.00212775336014322,0.0471222452767029,0.00345218972356447,-0.00106717632613134
0.0072417662543216,-0.000823761740621446,0.0475715254090802,0.00416459602636145,-0.000717447003461792
0.000183600556610597,0.00173778028048945,0.0462654347037943,0.00313770541415575,0.000323768185484938
-0.00363652896591153,0.00180370141011554,0.0456943511195174,0.00284325230151688,0.000949968488371165
-0.0120021222145566,0.00258490494734714,0.0435117713937586,0.00170788341692209,-8.74982616329897e-05
-0.0183792619966932,0.00632118327903911,0.0407529810471738,-0.000220805753916088,-0.000671438134728254
-0.0222927656189628,0.0103185218652758,0.0392045835153351,0.000635299498030112,-0.00152487129652105
-0.0291698328775582,0.0144557295191822,0.0403162039419046,0.00530815708787179,-0.000243434903378161
-0.0421557407932447,0.0201102851300625,0.0409801338156022,0.0118992053411397,0.000952485772586087
-0.0424558859918332,0.0234853685119629,0.040259126645896,0.0130534522668213,0.00102728312562021
-0.045974149274222,0.0307407132332734,0.036048118603385,0.0118629271072906,0.00131194467730797
-0.0462170691615386,0.0310386240372293,0.0349324779817632,0.0104691442342388,0.000402821020734063
-0.0451813459684431,0.0286330248891787,0.0355827096400364,0.00948131370791013,0.00122230651780901
0.0691777257234506,-0.021697640247296,0.021403420697025,-0.0107349328932192,-0.0193698877744569
0.0680228487990372,-0.0243001928369051,0.0247524338953645,-0.00912198912697012,-0.0199626566077491
0.0649031758125892,-0.0274722827152034,0.0321910730206241,-0.0104497400651703,-0.0174724362406916
0.0617009785518512,-0.0291649504779574,0.0362451698292277,-0.00935862641413363,-0.0154127228629812
0.0587465690767043,-0.0287317247941859,0.0382996171549486,-0.00917007134282997,-0.0137968509874377
0.0538331731976417,-0.0289546929422103,0.0405903380608655,-0.00810970812974291,-0.0134565463879347
0.0510328486396836,-0.0311122391732288,0.0414372135609203,-0.00884187713578033,-0.012867489078457
0.0502137895636633,-0.030723638523152,0.0421957479136936,-0.00852735500468564,-0.0120381501026493
0.0442390056528435,-0.0294072290485826,0.0429228652230609,-0.00797355245738899,-0.0100755052659613
0.0398217135957712,-0.0248833544181607,0.0440011355725965,-0.00577882253031324,-0.00890339845571318
0.0330162018602947,-0.0243020025681615,0.0489030655336422,-0.00213327735598054,-0.00671286795995124
0.0286007324533162,-0.0227402282411629,0.0496235239485325,-0.00198876664456652,-0.00304013584917035
0.0251780019139466,-0.0195635718387699,0.0505668572564857,-0.0002723813993682,-0.00106125890797351
0.0153059402150836,-0.0160357565680829,0.0510689936570084,0.00245949309716072,-8.89078837875311e-05
0.00733497987675254,-0.0160362886075457,0.0518712199254971,0.00489439855371259,-0.000173834923331473
-0.0016437320852758,-0.0114614582139098,0.0498485783573264,0.00619512345000711,0.000983448354825483
-0.00774208494310392,-0.0089659506915316,0.0498269133626876,0.00721583239745165,0.00229706238839494
-0.0115588186193552,-0.00531357980724203,0.0496183403440492,0.00737517086500233,0.00255736339476485
-0.0217139449724865,-0.00171637891382938,0.0480945689205775,0.00711161895480443,0.00340295791085945
-0.0280950842172038,0.000318222374050384,0.0467749912830481,0.006419170082686,0.00322297562443753
-0.0324196522718582,0.00416583721899754,0.044030651996497,0.00562302457422711,0.00268469629253367
-0.0351933416374158,0.00573151450444632,0.0436595654972456,0.00738574875957014,0.0015061171418496
-0.0414157614846152,0.0128064827334339,0.0408093534070191,0.00856533589534006,0.00106663953912573
-0.0439869098329524,0.0177336897554761,0.039135542691955,0.0104394012913843,0.00087137222996847
-0.0465898768934298,0.0189518154041546,0.0384431041264288,0.0109895621649652,0.00176021883515459
-0.0485077143247129,0.0195869996896977,0.0396785460675773,0.0112516309735983,0.002518649486616
-0.0488525040652808,0.0205122823462521,0.0396995282191692,0.0108426765504811,0.00220087346384345
0.0725675579429239,-0.0297319228730204,0.0161005961986809,-0.0109410292414164,-0.023050509465416
0.0712917258818,-0.0319610920880567,0.0185848594504324,-0.00940786147328643,-0.0242142046946336
0.0713078065358757,-0.0364931130884766,0.0274491355339104,-0.0132509866145615,-0.0215481314914182
0.0678694191506808,-0.0380955345805018,0.0322801023426564,-0.0114110177576196,-0.0190818791801734
0.0664732658762222,-0.0392656494085122,0.0352377491692395,-0.0122579097493589,-0.0180705769125434
0.0590741231148314,-0.0408762819393776,0.0392715181362292,-0.00915278816681542,-0.016183911813094
0.0544146821282784,-0.0417373490466087,0.0417217653654002,-0.0079026739716423,-0.0158596016406501
0.0528180193964312,-0.0414836201776039,0.0426155662474212,-0.00839888277525663,-0.0133717955004123
0.0450964579647354,-0.0402350974072073,0.0434030177416283,-0.00811359347243208,-0.0125171485808747
0.0435142916582094,-0.0399623802369338,0.0453336612201988,-0.0072719611460745,-0.010838882927166
0.0384406547657062,-0.0356762724487986,0.0486010150451604,-0.00345568029567371,-0.00864352902035792
0.0326011099683842,-0.034700515299589,0.0501160779260642,-0.00355658359117188,-0.0064926143300712
0.0247464846213109,-0.0292791810320457,0.0506460387504632,-0.000739642339747833,-0.00423225689225951
0.015827210946948,-0.025665600777564,0.0515441806286596,0.00317377113746733,-0.00282655766320369
0.00427499147049333,-0.021846389927926,0.0524437056696858,0.00676526875904554,-0.000664753064691831
-0.00659422988873459,-0.0175228383836187,0.0518260202005409,0.00860878482806094,0.000633521851708752
-0.0149143755262702,-0.0144829869102457,0.0506382531978117,0.00954686763578543,0.00199626755363244
-0.0246045539747956,-0.00877450539627089,0.0498624245906557,0.010371817212327,0.0032818660397845
-0.0310133992673002,-0.00593305448537643,0.0485784287919799,0.0121392017195562,0.00323519591577407
-0.0357322638968061,-0.00450323581857959,0.0474232727594262,0.0112170936115477,0.00263939207078701
-0.0381380563043296,-0.000595779023832456,0.0453415011416505,0.00875042766587319,0.00242260432215788
-0.0386239092933612,0.00139596788012816,0.043314726179353,0.00850020426759872,0.00111633966491904
-0.0476488097021613,0.00753480489791143,0.0406504049832527,0.00965406711180461,0.00016294657091822
-0.0458106524496624,0.00831270171297913,0.0405240922344959,0.0100249579378602,0.000550351158932019
-0.0456790500730563,0.0115551673907839,0.0403877779566995,0.0105285817080397,0.00138343896029958
-0.0511709990974926,0.0158771056897142,0.0408185919961014,0.0106037211109465,0.00274054293108763
-0.0525683899509077,0.015353609353223,0.0414540293644219,0.012843569642866,0.00201442304505731
0.0754448492244254,-0.0409037660930802,0.0152093333643725,-0.0115693517024932,-0.0256468432380322
0.0739968308143724,-0.0438110530722837,0.0193311550478115,-0.0114012560596151,-0.0249357958205018
0.077571795056472,-0.0487105394719247,0.027069587472263,-0.0163397754662954,-0.0239222117867571
0.0754714052223537,-0.0491423270293995,0.0304775153363686,-0.0158905297443312,-0.0230302259732865
0.0698919298284373,-0.0497185513171371,0.0316916958824423,-0.0145593244114593,-0.0226978207770232
0.0635190318340628,-0.048461477401235,0.0350768394386079,-0.00980246574435455,-0.0202195039041706
0.0582803381665735,-0.0485781849973892,0.0386255639596537,-0.00886676329583899,-0.0179637268172488
0.0564171550532621,-0.0467068223380556,0.0401054428836143,-0.00849866984836839,-0.0159269644248371
0.0503341384297148,-0.0470452180908279,0.0410507001939449,-0.00793451711360121,-0.0157967221137441
0.0471058365354328,-0.0463257274021927,0.0426725670222792,-0.00712840294690144,-0.014313222481624
0.0412564950605193,-0.045396436765781,0.0464169548325575,-0.00613555448323975,-0.0120813693085221
0.0331540828263365,-0.0407028165445278,0.0463948670677191,-0.00261682592349902,-0.0103439338719321
0.0206585548348352,-0.0353548938253364,0.0494290760189239,-9.31326590871855e-05,-0.00678673773748273
0.00905221979265614,-0.0292200720152975,0.0507173312605043,0.00442318816282093,-0.00270315979388936
-0.00155550270066074,-0.0241166460399636,0.0506468111684851,0.00670452524358321,0.000189000410839818
-0.00979727924930395,-0.0219413798318033,0.0497660599224753,0.00849483482704187,0.000800215616342572
-0.0194801525827799,-0.0176487060912739,0.0488501384973287,0.00988240614636205,0.00215910743748079
-0.0260825654540426,-0.0168242396513157,0.0501312910191602,0.0107555532020511,0.00278981887967667
-0.0309729682934395,-0.014782213582341,0.0481540720904489,0.0108443641389992,0.0020234051515398
-0.0403492116158897,-0.0109734088941988,0.0470293763737445,0.0122124188732433,0.000415625774609866
-0.0412777293682509,-0.00771386447699518,0.0443654555700867,0.00985866972165572,0.0012868114226458
-0.0432861465500662,-0.00339912333405274,0.0414736731970668,0.00932922237923738,-0.00182885254537162
-0.0456459154473992,0.00123387339454353,0.0390533902616529,0.00755716335566145,-0.00380988763083002
-0.0464663485806362,0.00368467009832995,0.0381245597914705,0.00841934178571462,-0.00277715607345102
-0.0497915482384745,0.00772207027171514,0.038827666044669,0.0088015511632907,0.000188158647315739
-0.0518622796066238,0.00720150672593431,0.0419802151631941,0.0109799497712764,0.0014457847221652
-0.053284841373827,0.00522688840378629,0.0435962609912886,0.012487068894959,0.00191382390221727
0.069454723877089,-0.0317693730426173,-0.00403472026329204,0.00717272101660397,-0.0376859038967231
0.0686532549009715,-0.0351959778198081,-0.00177962514613134,0.0099005001703999,-0.0358126751119015
0.077484668713247,-0.0504951362269845,0.0198399503605218,-0.0124950273248436,-0.0273848447305398
0.0772284118053208,-0.0553287275624419,0.0243135601210627,-0.0105268666558114,-0.0261450982673486
0.0733571166297782,-0.0555117420437819,0.0272520644026316,-0.0105105462673762,-0.0239624839999658
0.0683118809225978,-0.0546594522676987,0.031768950699686,-0.0105277599882946,-0.0222362900912454
0.0637858992142211,-0.0547841678166251,0.0346066332127095,-0.0104249013370508,-0.0211608029556301
0.0600620898105333,-0.0540231275141835,0.0355654261284009,-0.00855092834099715,-0.0224445032485666
0.0572890304575249,-0.0544859509602551,0.0381594840055236,-0.00885967114315077,-0.0194004439910766
0.0523462056924659,-0.0522054147672653,0.0378488289693261,-0.00847117071735242,-0.0181793724292948
0.0429122241885169,-0.0507487521756147,0.0408633138876552,-0.00494254434798794,-0.0154184866311377
0.0273266683619375,-0.0466880692746647,0.0452320892952311,-0.00171646304742082,-0.0111014146733592
0.0140002871493018,-0.0392535896850816,0.0470234430025593,0.00210345250991791,-0.00748718713751141
0.00361455153559488,-0.0374078713201986,0.0479046556603915,0.00499421235710492,-0.00537585761309912
-0.00198924595959027,-0.032144911876477,0.0470382530731997,0.00405112627651289,-0.00296849262642879
-0.00789292180147413,-0.0324433546561848,0.0468821027180099,0.00474627606410204,-0.00186666478349371
-0.0192779009964703,-0.0266929006818352,0.045846252362898,0.0064105559404826,-0.00106264074478513
-0.0226384584816961,-0.0230666676241087,0.0442012078608764,0.00500087285345266,-0.0011355956352591
-0.029319179023315,-0.0213770072195764,0.0443163834935329,0.00678033880338525,-0.00228938849888052
-0.0380838617618302,-0.0161509235229317,0.0432928626896275,0.00698574335064183,-0.00120242720702021
-0.0453769524585158,-0.0123749337318554,0.0418191603981749,0.00829402352407923,-0.00119944119249133
-0.0463452521337447,-0.00814442497965417,0.0400156070630856,0.00598641347927304,-0.00218925795757211
-0.0490700157237339,-0.00287139647050375,0.0367482814652573,0.00520207774064063,-0.00357200489726469
-0.0516739840625027,-0.00191016493964449,0.0384779908012905,0.008983962498,-0.00331416334477596
-0.0545015425529929,-0.00140214974237603,0.0408936553352213,0.0110341279996975,-0.00024154514784651
-0.0566858478993979,-0.00138015209142771,0.0428199155150984,0.0122092135566273,0.00237581901914015
-0.0562653342326709,-0.00297653288923659,0.0442904959517942,0.0132856180719085,0.00181461963927867
0.0709867706168491,-0.0266385173110846,-0.0318300894495936,0.0414792716249372,-0.0523517480423634
0.0721570947529132,-0.0310500666830816,-0.0254406938412461,0.0385634508538433,-0.0504866705058323
0.0865841777242697,-0.0530479986574891,0.00428861026126918,0.0104612973327775,-0.0388470761119794
0.0870575181788712,-0.0551916041066823,0.005896961477771,0.0101044233972249,-0.0381249879219187
0.0714490355881424,-0.0527063445790586,0.0184008155491833,-0.00705626224753318,-0.0288048751799314
0.064535982802544,-0.0526693452983615,0.0222173974698294,-0.00370698868026352,-0.0268084859903424
0.061730083547188,-0.0557701401950007,0.0295858308322396,-0.00795081058957686,-0.0237478323055956
0.0604749448375608,-0.0564823539974272,0.0285564585516489,-0.000249001851653187,-0.0253534276249887
0.0601697714383331,-0.0584305223299942,0.0321051336809435,-0.00436393573684323,-0.0240031169940768
0.0523355856947764,-0.0560395131295803,0.0316974469783549,-0.00470292015597558,-0.0210690464473729
0.0328144061330267,-0.0529152114549896,0.0360495820806319,-0.0054441099306838,-0.0158153214730838
0.0190270656554153,-0.0490178312100099,0.0385060128877137,-0.00218293749685686,-0.0128202754904122
0.00814144395422794,-0.0429822984713771,0.0400762165613335,0.00205402578266418,-0.0110429800769632
0.00572449139445743,-0.0410970237663778,0.0396108946634333,0.0016765608045433,-0.0108939681860887
-0.00420274241153709,-0.0359538278375563,0.0384921475180251,-0.000311014777325085,-0.00865673678774494
-0.00986788284821255,-0.0324876864298842,0.037067603330399,0.00188695761345184,-0.0088725226155211
-0.0191452241579696,-0.0305954001501345,0.0382573103045707,0.00452992393646372,-0.00838711223474251
-0.0237822379099843,-0.027082424913864,0.0392723315012969,0.00522330449151874,-0.0064057733862668
-0.031638489822036,-0.0249537125665956,0.038892923466696,0.00661041206700543,-0.00475292537542978
-0.0406942040340414,-0.0200582203195858,0.0400533079340919,0.00580365905651827,-0.0016515618786115
-0.0475200675293877,-0.0186253404464388,0.0390436103542523,0.00609855104597464,-0.00229303912416366
-0.0483685469762858,-0.0145294014494482,0.0380179981376699,0.00570963829682109,-0.00168037725140333
-0.0544647341753979,-0.00913569431203398,0.0371444546554782,0.00772268316351226,-0.00317087777439451
-0.0576242346927617,-0.00689008664290225,0.0386481074543196,0.00902954581992055,-0.00154237301951688
-0.0592542198434474,-0.0102927590886519,0.0425109153407825,0.0113598665546647,0.000459924979299628
-0.0575372359830653,-0.0151980975745563,0.0445955093866124,0.0106817848376804,0.00317230914773493
-0.0574298388859712,-0.0134375827124463,0.0446512762386243,0.0110011143324595,0.00423063931178462
0.0805075597398414,-0.0274855540892526,-0.0455679284892236,0.0562451718659919,-0.0609532852543428
0.0720450839215766,-0.032758272613773,-0.0323487355937763,0.0682060991150943,-0.0520133588760194
0.0690404013473344,-0.0494908637932272,0.00305864766102112,0.0545552367666745,-0.0297583641397748
0.046926989373338,-0.044488291200041,0.0200398847800139,0.0493932996670879,-0.0128025480188837
0.0358579247695972,-0.0482341914178803,0.0336906009882353,0.0339916244693372,-0.00434692599307152
0.0421309341123968,-0.0487248195895184,0.0257606161358724,0.0269679388351475,-0.0141045577551793
0.0502453321497452,-0.0552345053704519,0.0281485938028755,0.00587173177085113,-0.0187068640007619
0.0539009914930346,-0.0536150025232243,0.0210073128497446,-0.0023484127248619,-0.0278454276759533
0.047506863320645,-0.0503794262809855,0.0208164367907948,-0.00155973028070898,-0.0275887412288809
0.0356815965749421,-0.04782640179631,0.0198475405604144,-0.000985880019744499,-0.0259997687698913
0.021910864685904,-0.0472691195719784,0.0253016766416824,-0.00266136022836073,-0.020753733399093
0.0172024775707612,-0.0491319937126145,0.0306642464974894,-0.0035963773495609,-0.0173788067626347
0.00481148208602517,-0.0442261940576388,0.0345465388222638,-0.000407175100452069,-0.0128269550818017
-0.00333944355705093,-0.0387003687023191,0.0320505774169001,0.00204958315397088,-0.0133483835988119
-0.00681629488614279,-0.0353941401143657,0.0307139295661774,0.00110025686768627,-0.0120879933923818
-0.0127746863512656,-0.0307571381464187,0.0289655916196985,0.00152329469566741,-0.0117258183190361
-0.0201543077753476,-0.0266830901792711,0.0292368268174172,0.00346555898009441,-0.0106856873376645
-0.032090988982601,-0.0255639493306438,0.0318130284868661,0.00830054749884729,-0.00912527141687101
-0.0379800824120855,-0.0237692825853802,0.0338983599823034,0.0036717226877418,-0.0051808148538982
-0.0440213388707045,-0.0243398496644685,0.0337795054862603,0.00407325007445045,-0.0043203273878733
-0.0480411558272165,-0.0213159441738717,0.0334124435981348,0.00373749875105281,-0.00420130583260943
-0.0499970575929456,-0.023430267323748,0.035531575954073,0.00393090623361293,-0.00488454844089459
-0.0504932232759232,-0.0212921715960739,0.0357966082809562,0.00266898549616579,-0.00483298674317734
-0.0578750750428307,-0.0184667008940265,0.0382623139086286,0.00601470026628594,-0.00282499791948281
-0.0619705179847651,-0.016385255758933,0.0399866617093315,0.00882655102538793,-0.00112159515622852
-0.0649399105656551,-0.0139601535949226,0.0421905304360408,0.0112738928964006,0.0020445364939406
-0.0607904934999095,-0.0144491160485956,0.0410597863818806,0.0092377278862105,0.00352044506615333
0.0839390936345261,-0.0267416705027221,-0.0498392607513452,0.0532668363221232,-0.0596727039400173
0.0705585819012142,-0.0294115897614452,-0.0372769400008038,0.0670524759215691,-0.0488789591104279
0.0647035905807247,-0.0463813568274274,-0.00289415940661774,0.0565195734484909,-0.0261367540735386
0.046789636326849,-0.0472866965093521,0.00997102397942167,0.0596284871669975,-0.0159272585459942
0.0325238095671996,-0.0419426414299719,0.0151233821113138,0.0510250581470551,-0.0114536814694316
0.01824385130235,-0.034586190603169,0.00976689430404897,0.0480454295492762,-0.0149757669881709
0.0207967080838995,-0.038175356825122,0.0136253516834542,0.0347250564813396,-0.0176894094529573
0.017110390559136,-0.0362327183267385,0.0104304874897792,0.0311298228768402,-0.020296635088186
0.0162841601882634,-0.0341843477902768,0.00462142404289922,0.0271412148752417,-0.0263549970159326
0.00756588218404961,-0.0295530339195665,-0.00280083006458721,0.0312165473421494,-0.0302179457630749
0.0031083416835615,-0.0257766056119179,-0.000633683353089578,0.0239130760501707,-0.0290411853062291
0.00987765930361781,-0.0469191553096658,0.0274774189075398,-0.00473824631028486,-0.0154588587524563
0.00165920722659208,-0.0441996165103579,0.0307595199627363,-0.00448667663477499,-0.0127575587523904
-0.00603575665269409,-0.0379211776108696,0.0277480841441335,-0.00482844751288786,-0.0139047927803658
-0.014752896162784,-0.0302046934765314,0.0185790805730364,0.00743217045890754,-0.0185427181277246
-0.0192664814443522,-0.0231535833833162,0.0141138094287514,0.00441296940797575,-0.0182778939820866
-0.0249691515061139,-0.0224166665612378,0.0158336475882448,0.00571884725008632,-0.0173926079861901
-0.032143961392682,-0.0217337161602009,0.0213275209236026,0.000712607936829218,-0.0136313700099349
-0.0376998086208011,-0.0221328839518283,0.0246018523234117,-0.000418352923649533,-0.00961201627441815
-0.0450845805384453,-0.0190068889826131,0.0253393414656047,0.000570952332009178,-0.00743651530923268
-0.0495609150091262,-0.0198447631472771,0.0264066528504624,0.00124393996437811,-0.00612310612242974
-0.0494210485109261,-0.0216332544071178,0.030132058419554,-0.00173808769064703,-0.00449332136008186
-0.0508512638112069,-0.0215520335042736,0.0312444245398917,0.000574660384111783,-0.00458125542532288
-0.0597023561920349,-0.0198277196226965,0.034171523398844,0.00444982079573458,-0.00420113881218043
-0.0654896216427267,-0.0145220984244513,0.0354949314959791,0.00723195494863053,-0.00100314840641849
-0.0666339208788666,-0.0142865731185485,0.0390479982557079,0.0102611412816662,0.00183535795475176
-0.0631611717763071,-0.0146066914651018,0.0375724859905929,0.00826280097738,0.00228664115555574
0.0815049468553355,-0.0300344461484515,-0.0499299268568716,0.0458612500396409,-0.0554854132347114
0.0646098331800219,-0.0335315904785058,-0.0326840677427411,0.0650475641476016,-0.0407733322249416
0.0260198664491696,-0.0308604257400924,-0.00606158825003454,0.0766627981240841,-0.0153233640390547
-0.00678373544337415,-0.0252201490933242,0.00304420686373768,0.0993527398413899,0.000927875973386673
0.00256781472506501,-0.0364715164208629,0.0149106680642735,0.0888381701620333,0.00370753558039528
0.00174967049172881,-0.0333646419261374,0.00486007256769698,0.0794195269099617,-0.00663050588550352
0.00105921933741585,-0.0222156710562996,-0.0191149379132972,0.0876399707572733,-0.0257179842856285
0.00615155479107509,-0.0212357906329177,-0.0266987674662984,0.0774810701669682,-0.0350250092113108
0.00131170713949864,-0.0204011935364311,-0.0275488563718496,0.0756549381201211,-0.0367100179956763
-0.0129376316866627,-0.0139509862475019,-0.021185321280401,0.0574120436638046,-0.0299779005477214
-0.00856408338484914,-0.0232933159038547,0.000694119768025215,0.023724497571476,-0.0223933569559344
-0.00299742611059338,-0.0321838694661433,0.0124435727615019,0.00305596926836008,-0.0203217494319961
-0.010013700021569,-0.0291123894374331,0.0106482774624123,0.00694828720001625,-0.021685162077994
-0.017048126177445,-0.0255448624460085,0.0107535767908323,0.0058505277366095,-0.0217335209754297
-0.0195981130468181,-0.0245247906987707,0.00956659091262213,0.00510761197377443,-0.023688617385494
-0.0224178670540306,-0.0240241313261643,0.00815722859202572,0.000969427961623813,-0.0228213381790936
-0.0274177757966667,-0.0230705410597426,0.00872763969923818,0.000405805675538677,-0.0212794579380001
-0.0348464355759463,-0.0195715650097555,0.014936117148473,-0.00525511563333129,-0.0156696937580532
-0.0389060127104107,-0.0182869401715578,0.0156877007701185,-0.00386791467065802,-0.0124756912455037
-0.045668556218991,-0.0169410578248015,0.0191982853061292,-0.00383537047953419,-0.00742700415395497
-0.0485712629479147,-0.0160675271450165,0.0206064454314735,-0.00489484235047431,-0.00526898928401742
-0.0499569000724806,-0.0166938227296597,0.0236098753364066,-0.00371061015543442,-0.00469093776113665
-0.0534812755785356,-0.0143356781214497,0.0239688162223708,-0.00292129184959712,-0.00531443065438223
-0.0602552410676804,-0.0146774945135232,0.0280618695182541,-0.000439045123610067,-0.00314070183285184
-0.0683594331618136,-0.0141762828081408,0.030138299984386,0.00342958320790178,-0.00246000000502609
-0.0695678949480702,-0.0134562347758192,0.0335981125698287,0.00621632281956438,0.00063707160115655
-0.065581419301952,-0.0105493155046496,0.030943879690052,0.00598917393961808,0.00249955836362062
0.0717321147195199,-0.0264962954633367,-0.0563799214571192,0.0524049992152323,-0.051373238901013
0.0550733628620424,-0.0266550368714569,-0.0429725126599362,0.0694856471108288,-0.0382087073579827
0.0209874717001391,-0.0226554117740114,-0.0284132136084479,0.0908283158201239,-0.0228378262942881
-0.00206625881150909,-0.0203708693853249,-0.0145028574365904,0.107177530055058,-0.00636994996471576
-0.0083332317468992,-0.0212931763718846,-0.0116158602456461,0.111471641167558,-0.00316442618155297
-0.0127570515249018,-0.021039194337547,-0.0127765276918813,0.110013291283502,-0.00547452873562043
-0.0115440433421745,-0.0182663983323593,-0.0210113161289105,0.101772372995802,-0.0160259865783543
-0.0134165164253694,-0.0150588051813336,-0.0215828367334103,0.0889521893629948,-0.0162326536986675
-0.0179871164213573,-0.0165182138431578,-0.0195069464094055,0.089320335893101,-0.016424822862639
-0.0249380435733064,-0.012611385854515,-0.0206071078151117,0.0880235938631919,-0.0208308091635374
-0.03583190598571,-0.00777601165784809,-0.0110812977439214,0.0461351908375232,-0.0158412313098108
-0.0201143374287553,-0.0163517970049321,-0.00732513400991772,0.0184044240042924,-0.0238095846664915
-0.0130623596006501,-0.0244943272023369,0.00328898224421755,-0.000575799289948892,-0.0231554848250276
-0.0162744511082487,-0.0232723813202468,0.00447878072909766,-3.253864214931e-06,-0.0226088716495324
-0.023688151152923,-0.0228180479853515,0.00540903524683572,-0.00182897662638156,-0.0222804901687152
-0.0298173779084767,-0.0198727150349107,0.00309918925243738,0.00182995300654566,-0.0244330344603069
-0.036489639536966,-0.0141798192528786,0.00214211021488472,0.00165852011730706,-0.0218868322465425
-0.0386791168146708,-0.0151551705831209,0.0107557047707861,-0.00801874576790121,-0.0139389860790462
-0.0427666158202017,-0.01408459416122,0.0114522627736753,-0.00734105767774236,-0.0117428936430426
-0.045789033169396,-0.0166674112878163,0.0159746142292752,-0.00909785592565533,-0.00863842177898343
-0.0473458586326532,-0.0179376130954628,0.0170304674327507,-0.00922247577578768,-0.00777644741188776
-0.0468540402319439,-0.0146354149790053,0.0164249896233831,-0.00982486345992631,-0.00603125664316329
-0.0490432508057584,-0.0160274744588194,0.0179409216443174,-0.00972690336966986,-0.00547733245277849
-0.0580008726421874,-0.0169276785575712,0.0221850228418247,-0.00561706894584007,-0.00461442219915656
-0.0651810933440623,-0.0145995325517204,0.0242415243189769,-0.00160308780243419,-0.00152702984312417
-0.0687226973131297,-0.0134141728405372,0.026439765832322,0.00104029939740858,0.000839998873977238
-0.0640252981627335,-0.0126913941199045,0.0261742629787403,0.00134575701600654,0.0020034828165614
0.077112281006301,-0.0189778066559576,-0.063258248996379,0.0522368105405959,-0.0184793117808612
0.0529392603905529,-0.0154037986611574,-0.0532093423208388,0.0681728566635952,-0.00666891551950709
0.0110614168249252,-0.0155332733398092,-0.0342190382994485,0.0903505693048982,-0.0208981287813349
-0.0154099165264493,-0.0153011532871256,-0.0197866225706427,0.108748757108549,-0.0054406329338681
-0.0231993952517596,-0.0155715232679701,-0.0171676624623087,0.111288138656767,-0.00142632915308855
-0.0186794583663298,-0.0124392521036942,-0.0205383440175698,0.108547102667017,0.00815867136821902
-0.0180170829250814,-0.010985878162684,-0.0247262771847992,0.10259007750684,0.000667011074677797
-0.0211805321489368,-0.0103167425726015,-0.0228241992834479,0.103635908541228,0.000875119951555286
-0.0375380507140359,-0.00887713029296186,-0.018853989003539,0.0995908530655609,-0.00556333239346058
-0.02627009294546,-0.0171545756288409,-0.0111773616930273,0.0678750120505856,-0.00967996821042191
-0.0285586798319743,-0.0106906740636151,-0.0126817942765761,0.0293502747345087,-0.0155820983407679
-0.0217638126515581,-0.0064995898821095,-0.0295089092684181,0.0252462104752451,-0.0310465472780489
-0.0304459996441506,-0.00748637627227563,-0.0272365350769352,0.026708865511962,-0.0335624871994554
-0.0350229861185943,-0.00435402692895674,-0.0304191311356069,0.0289750604430138,-0.0368223024467395
-0.0412132576075474,-0.0043871658465633,-0.0285867550330865,0.0264509408456498,-0.0355204297939543
-0.04661601826101,-0.000647608008962974,-0.0283091611008841,0.0267343078938517,-0.0349070308680005
-0.0403800982198937,-0.0129725801236142,-0.00465449314874777,0.000346708054133492,-0.0217288700073423
-0.0382256720184628,-0.0136040273706719,0.00305977454262675,-0.00996355986019221,-0.0171093020849697
-0.0418256817646522,-0.0138128281933244,0.00483264026950853,-0.0110470984342333,-0.0155156778105583
-0.0435953383597262,-0.0148235178114626,0.00556246366421083,-0.0130210437877085,-0.0126652764598954
-0.0456765878673685,-0.0166729017390601,0.0106596244857885,-0.0117276567873217,-0.0106344976460052
-0.043540823400265,-0.0174285921841274,0.0130182831442089,-0.0127534684973215,-0.0076945798718186
-0.0471066840436941,-0.0164007976146367,0.0135265090918142,-0.0123474175692739,-0.00585588082228058
-0.056723681279622,-0.0156940431366095,0.0164823734800681,-0.00845083315061366,-0.00423277437925944
-0.0611317277844684,-0.014779292582239,0.0187059314787443,-0.00487064009304216,-0.00241832101990148
-0.0636736126465586,-0.0155933532840882,0.0211016421734118,-0.00407495367281656,8.46073509578947e-05
-0.0622918867343376,-0.0146542949116935,0.0213931539352299,-0.00248212562207515,0.00125743210627485
0.0705931590830718,-0.0106845088723018,-0.0701557612283309,0.052849294780742,0.00965368404080624
0.0467456492393005,-0.0159515243438982,-0.0563756086288306,0.0677772463449558,-0.011280110045431
0.0174631851530014,-0.0164167347347168,-0.0404428538843767,0.0700439848452287,-0.017917785874707
0.00659977238590895,-0.0140802316069752,-0.0414257093676213,0.0890002022987637,-0.0127207235804789
0.000108336641480649,-0.0143845357447324,-0.0402507834333561,0.0901417640347973,-0.010641001240802
-0.0116180431330342,-0.00385072358805321,-0.0402604280601606,0.0914873305890433,-0.00445269474812884
-0.0231424302818643,-0.00473586199986618,-0.0336424765804747,0.097428860611741,-0.000523663617603185
-0.0369408951666784,-0.000983201413561336,-0.0263130889668648,0.1056538982356,0.00794831388514031
-0.0620561676306055,-0.00156292079015586,-0.0108245249110152,0.102825580191908,0.00974019202080686
-0.0563471509328079,-0.000623042234339186,-0.0214923522647358,0.0895099032567491,-0.00170013281946112
-0.0495247708749257,0.0075651541435972,-0.0317423093974866,0.0599848539461669,-0.0176358509639055
-0.0285363684112868,0.00648144665988551,-0.0514918833026545,0.0354023324114671,-0.0405764848563206
-0.0325951960814203,0.00548623820940302,-0.0503967969956948,0.0274212506142496,-0.043743047316314
-0.0345305414107019,0.00641426287384771,-0.0505097112152792,0.0271345570945067,-0.043803218545726
-0.0379270986984516,0.0021756943581418,-0.0416299897350853,0.0170756057751076,-0.0393473900440351
-0.0423627004457098,0.00430719564006401,-0.0399371907304452,0.0184492786636763,-0.0383434197581149
-0.0488326975692624,0.00482099521125852,-0.0374312467533131,0.0201794534526001,-0.037049022345254
-0.036957945162372,-0.0163471892541006,-0.00666268017119651,-0.0165125258548175,-0.0205591803790058
-0.0417149560266456,-0.0167711892212789,-0.00373330108757288,-0.0170823819940565,-0.0182522403014008
-0.043986075024495,-0.0183468585872128,0.00102303792663538,-0.015669275707297,-0.0132542380597824
-0.0482381732535513,-0.0126381159607923,0.00171016871712049,-0.0141377160916438,-0.0123563055461176
-0.046096803823551,-0.0131670751611652,0.00514500520343326,-0.016444467153109,-0.00898453252925789
-0.0482129025092081,-0.0116243640336465,0.00406967350167906,-0.0165181264338807,-0.0083079710044399
-0.0504800233318212,-0.0140881960955782,0.00795588959020546,-0.0149438097742136,-0.00809898139029239
-0.0535355852811476,-0.0135355277227057,0.0113166746309975,-0.0133525642909747,-0.00519350896157122
-0.0574484255336915,-0.0139508516261105,0.0149112397335556,-0.0089848184055408,-0.00104827333079902
-0.0558366457735533,-0.0134533816433441,0.0152903675680052,-0.00818390753955796,0.00366097347894834
0.0637911357467198,-0.00750212963777431,-0.0662610167231754,0.0491800965645497,0.0252883842625809
0.056793598154628,-0.00917045025821457,-0.0640015692469814,0.0510136854925469,0.00991924088806529
0.0408842045076891,-0.0103722121597202,-0.0623109033341951,0.0537126545382818,-0.0128388379924666
0.0272208428098316,-0.0111687926934996,-0.0671880009587747,0.0595577414478868,-0.0358615605908763
0.0254321645842315,-0.00650028261777788,-0.0716715328630305,0.0559292040298885,-0.0353894436788244
0.0129168893983965,-0.00271491204647497,-0.0651274034249086,0.0614169497336138,-0.0281148513140354
-0.00274353870756019,-0.000723027481291416,-0.0547071519230911,0.066864344643793,-0.0157251011850316
-0.0250076687323579,0.000655990392354934,-0.039518671162819,0.0833538675752841,-0.00089999428757375
-0.0399483122502055,0.00302111444591752,-0.0385750300404861,0.0843655005452855,-0.0113549085612065
-0.0461699252269546,0.00888502972874805,-0.0407305345624542,0.0651815530267127,-0.0153196146629257
-0.0350302209836193,0.0097505646839108,-0.0512184498139634,0.0412249042344372,-0.0345020426564298
-0.0237685481853565,0.00715547005953275,-0.0599645172567557,0.0272930471486008,-0.0465351516429963
-0.0279150993673694,0.00695729824107003,-0.060367477746269,0.0186077159805248,-0.047852543739454
-0.0347148941283745,0.00803054340959935,-0.0596361537844094,0.0197978923067656,-0.045606951584109
-0.0432721724331138,0.00534652513296283,-0.0551874975604784,0.022843537686175,-0.0430890027971799
-0.0417292718188527,-4.70649158081093e-06,-0.0468885495839539,0.0146148613457286,-0.0389466033556289
-0.0466778274264382,0.00160924420806245,-0.0451925126085912,0.0147133936160421,-0.0374153882886585
-0.0335406972175198,-0.0176391726475989,-0.015081095853847,-0.0236990095961441,-0.022555156509599
-0.0401070538342901,-0.0176328246203162,-0.0131223220686214,-0.0199483019874794,-0.0219466243077593
-0.0454981903804395,-0.0112575824016563,-0.0117854229215104,-0.0195212200882984,-0.0182815393318555
-0.047959517663851,-0.00691678394738108,-0.00995976829343249,-0.0163681579743124,-0.0153103940089038
-0.0447425285332829,-0.0105118434266357,-0.0049840328035327,-0.0193972553529882,-0.0122217536627079
-0.047834729659889,-0.00932831918486228,-0.00345866722410461,-0.0163845600917077,-0.0108307355487459
-0.0472307129502897,-0.0115450380563507,0.00192426072065642,-0.016625367695349,-0.00883756377908997
-0.0497856918999708,-0.0135840248140197,0.00419085896302538,-0.0148624166974834,-0.00684737463784115
-0.0515761337594369,-0.0133237934255146,0.00854198802723354,-0.0129254350970481,-0.00225143944296151
-0.054573083187199,-0.0102355965715869,0.0100072203522225,-0.00973195728903378,0.00121495260536361
0.0629343231464352,-0.0176095772031514,-0.053905508520373,0.0553834555486844,0.0308715790854396
0.0532970468042383,-0.0191737407746859,-0.0517831488716192,0.0601632912611337,0.0237006649817058
0.0451475121373115,-0.0111875017973583,-0.0660140590548872,0.0634801893251469,0.0120375908960934
0.0384045331149436,-0.00446565075999021,-0.0746286843204567,0.0541442188719773,0.00200017653243582
0.0390155896917715,-0.00323118008703448,-0.0778934813581603,0.0503295431509616,0.00178410861411452
0.0372314767659225,0.00362502950928518,-0.0821911687377066,0.0454390810537616,0.00164498735935277
0.0335952906119488,0.00380578222774687,-0.0812214220906282,0.0449603232176113,-0.000721606752062153
0.0100669015395645,3.05288992907887e-05,-0.0729130730325774,0.0518509940513559,-0.0307078510857155
-0.0119841439755243,0.000142865874002525,-0.0624911590946988,0.0634267178088967,-0.0323864054099125
-0.0262704161113342,8.65037753979151e-05,-0.0399517720800456,0.0246444063473636,-0.0153753164071379
-0.0371257942356543,0.0140557405545734,-0.0540516204467319,0.0295966436259784,-0.0254206798525252
-0.0294015896110132,0.012864117931419,-0.0617729038881875,0.0201324546071163,-0.0391081439908612
-0.0271710242441731,0.0094704145725893,-0.0644678779349022,0.0152150840143664,-0.0442796009652414
-0.0299895883964485,0.00757954741705335,-0.0640066053655547,0.0128020817280083,-0.04298095924814
-0.034415683072993,0.006724588357411,-0.0620777060384638,0.0140104134059722,-0.0436974744209465
-0.0269060436884316,-0.00492942348534097,-0.0469266278578716,-0.00825947875948173,-0.0357103907523993
-0.0341321752393225,-0.00485185284132217,-0.0473794014064642,-0.00881713243472643,-0.0349052948836825
-0.0305172815678033,-0.0135063783255453,-0.031100434090323,-0.0252710450422931,-0.0286877183932006
-0.0367014214531137,-0.0101885355272718,-0.0288568084712458,-0.0232686560015705,-0.0278704635552084
-0.0401076562718977,-0.0107508596159942,-0.0185163913001989,-0.0264660049390478,-0.019114029690961
-0.0436699253228269,-0.00721135162632176,-0.0162181434241382,-0.0232685981271718,-0.0168237795757892
-0.0455517622623102,-0.00509020066688579,-0.014289274531139,-0.0216324021527236,-0.0136261885062919
-0.044599039689374,-0.00629026918969637,-0.0131010127180082,-0.0216664998301027,-0.0129312948977722
-0.0457690534926229,-0.00815967408305868,-0.00849066362548565,-0.0226410178603461,-0.0101571000603804
-0.0440710912452099,-0.0107665841609531,-0.00520497561582815,-0.0231472156615478,-0.00718681657049022
-0.0449273428092295,-0.00963868321237786,-0.00211592275005928,-0.0187180547763776,-0.00464118793443584
-0.0465738266266542,-0.0097166016685111,-0.000186392753017814,-0.0168365533296932,-0.000613050867468073
0.062030297816101,-0.0220240948729029,-0.032918960560421,0.0419746554975938,0.0786846811632611
0.0535329158779713,-0.0216834794988032,-0.0331495378529397,0.0446546944319423,0.0705532016274796
0.0351695525163616,-0.000161881196206018,-0.0571697504226112,0.0579894693260828,0.0530401123720886
0.0294928465902264,0.00434315538354428,-0.0618021744813862,0.0461741007967916,0.0455178143174321
0.0371269554536503,0.00273549320537493,-0.0734946091260649,0.0542104227775873,0.035763263335218
0.0303298291878713,0.003392828562613,-0.077538891277972,0.046891524427227,0.0182846350384158
0.0358377197474497,-0.00551816762030176,-0.0685701451139475,0.029625157674601,0.010324757963718
0.0276781586048623,-0.00449465699780218,-0.0691757565674477,0.0351684688318762,0.00381319193926122
-0.0145528700159096,-0.00582388355957103,-0.0501392330141923,0.0226344294650166,-0.0234671210548336
-0.0156914236403646,0.00248796986601523,-0.0554852845208043,0.0182346042441618,-0.0261485307450644
-0.0231745428293835,0.0162567784352575,-0.0678312221985559,0.0143110002727026,-0.0354785677174064
-0.0219182278724921,0.0133290668319956,-0.0691839206073075,0.0093301992370503,-0.0386392635145323
-0.0238271468810689,0.0125945285193554,-0.0689074954332177,0.00777687337609439,-0.0424833683119676
-0.0225535794441387,0.00821425716765329,-0.0642075647378281,-0.00103552898818035,-0.0398284178198846
-0.0274878637930618,0.00782642967473434,-0.0647434661109014,-0.00145382149574487,-0.0418385069694775
-0.0296581299909355,0.00624097269177508,-0.0648050246971662,-0.00394526012934093,-0.0421341489636277
-0.0264598870882713,-0.00586812843956705,-0.0494654855577717,-0.0241559138862336,-0.0338019008866912
-0.0266116966906466,-0.00970615071726432,-0.0393771598804237,-0.0339988766127486,-0.0283204313238158
-0.0308574339504624,-0.00876352686367361,-0.0380161217760214,-0.0320501500824998,-0.0266915554199215
-0.033394171259711,-0.00620047188070373,-0.0310994133350319,-0.0359699218058149,-0.0215363840808713
-0.0340058472293151,-0.00652205991551083,-0.0273477213109579,-0.0339721783358836,-0.0192899384207678
-0.0330783164652329,-0.00999012234266877,-0.0242181742053826,-0.0345175489678149,-0.0180176013683005
-0.0363773098994676,-0.00546786065807914,-0.0239203809924494,-0.0349014222313159,-0.0166987621285364
-0.0359223355861069,-0.0103877126509822,-0.0173478602384007,-0.035069550409962,-0.0131419657425392
-0.0373250276045388,-0.0102761353656254,-0.0119869385013636,-0.0305109075802847,-0.00744325954571627
-0.0404538023157387,-0.0107928191403491,-0.00714735978643987,-0.0252704753017742,-0.00409125672369508
-0.0408180930448461,-0.0113132811301611,-0.00516242078927226,-0.0243459693001261,-0.00027235454156245
0.0476731548832455,-0.0125311002540549,-0.031772044305952,0.0363604136009676,0.098663658066435
0.0432762338053184,-0.00708461123085132,-0.045911443713308,0.0620569108830893,0.0876375803463467
0.0339834923466832,-0.00159333830201645,-0.052968366238843,0.0678653092775504,0.0765266695828016
0.0251878198825337,-0.00106966615532844,-0.0577325113541924,0.0665372899594182,0.0586514552933488
0.024556124972269,-0.00388147447159609,-0.0506189834327664,0.0429327751099498,0.0593575431952292
0.0188266772736538,0.00562626395872328,-0.0675266557134891,0.0489913668444416,0.0434801818720981
0.00881508652160732,0.00800149333843294,-0.0683716099879034,0.0390861051160769,0.0224609103405965
0.00308599907693267,0.0105452277476774,-0.0688740695157542,0.0321162147180006,0.0176336170963676
-0.0293391716466891,0.00737351035025045,-0.0589835654568949,0.0287811783291655,-0.0198816315264824
-0.0277663462338505,0.0168102527355735,-0.0660736686834433,0.0225344912896012,-0.0205868034433765
-0.0265780462575978,0.0155954752261863,-0.0680186928813398,0.0127866120823092,-0.025198809103323
-0.0216702178952218,0.0140628125289792,-0.0693938096719758,0.00737565852933401,-0.0284925145037581
-0.0219102570771167,0.0121636759780944,-0.0719595213026316,0.00196651561577576,-0.0354801862947595
-0.0217141959763622,0.016298276296571,-0.0748590582449469,-0.00193956840554466,-0.0367161077173862
-0.023879124761352,0.0172953949274168,-0.0764243440584097,-0.00356360116705433,-0.0426215897633825
-0.0268958116318954,0.0162632674053759,-0.0754386003060083,-0.00549974439714529,-0.0411278568059697
-0.0175031513264187,-0.0036217174264043,-0.0493480135662784,-0.0402822957471536,-0.0284586813253242
-0.0163992408390084,-0.0106236969065986,-0.0379177577640695,-0.0512220802442404,-0.0218119253835934
-0.0217603925016018,-0.00965863965154857,-0.0362584019249442,-0.0485241524491248,-0.0217366163739757
-0.0234318009457464,-0.0100211299557171,-0.035116988940035,-0.0463254111741161,-0.021366839341742
-0.0212866917506056,-0.00904799879524151,-0.0328605002119047,-0.0460767232948235,-0.0206434171690114
-0.0203604722584499,-0.00861980178998244,-0.03120977676626,-0.0459650956623028,-0.0181940244726775
-0.0274624964005009,-0.00544925844004051,-0.0275644516240807,-0.0433183341228346,-0.0157919659303933
-0.0300084272301929,-0.00984822546813984,-0.0192829040788051,-0.0388454192404627,-0.0115473776941707
-0.0287455878941903,-0.0121016220589753,-0.0155939506053241,-0.0375318952794038,-0.00535761193784201
-0.0321398490115687,-0.0107665330768137,-0.0117708421579502,-0.0338142713920333,-0.00104715500475395
-0.0332005143978942,-0.00821996802840136,-0.0125556109878285,-0.0329645072476544,0.00220210948886005
0.0275052962935237,-6.22381123097839e-05,-0.0410108320015936,0.0605693653222744,0.103483168130975
0.0274204455804206,0.00363470334699272,-0.0443872265656205,0.0630582264329283,0.102360941750369
0.0197443858441303,0.0024940911293204,-0.0484012608725524,0.0570401800706319,0.0837774092854341
0.0291543099814071,-0.000562351095951431,-0.0607917790242539,0.0601710694093116,0.0664612422478411
0.0201636830181133,0.0043136130394042,-0.0630776896806623,0.0468009094587149,0.0612665396901545
0.013001222341805,0.00196001507055485,-0.0590180725444777,0.0396210312139799,0.0560936157594389
-0.0126130196199768,0.00372183074657282,-0.0550515308422296,0.0351397538397066,0.0256013111694792
-0.0111979449580576,-2.53015454950651e-05,-0.0484832912045885,0.0252217014005104,0.0250157265452931
-0.0250710902901257,-0.00353981546841442,-0.0477679560372153,0.0297279664360393,-0.0042905703985346
-0.0201666838567733,0.00238800379892637,-0.0475706695407111,-0.00255752527335341,-0.00125662053806153
-0.0149099391290617,0.00541178308247665,-0.0539078135069672,-0.0153497643952731,-0.014664167587769
-0.0206554831556594,0.0145513709092383,-0.0722555843915969,0.000769023094989766,-0.0265747130632822
-0.0169515902908433,0.0137663177722086,-0.0738023580418704,-0.00362258087332585,-0.0303215977074877
-0.0176289950123021,0.0177460350323792,-0.0779042898867121,-0.00723830030065209,-0.0323756173461736
-0.0170305270994706,0.0152385755022688,-0.0795397159022429,-0.0105587341099091,-0.0377858847927155
-0.0061871351206191,-0.00266368126302473,-0.0563156616988391,-0.0457906393296861,-0.0275603802058398
-0.0105937130117955,-0.00060869507986218,-0.0578328168539457,-0.0468961115556175,-0.0265190335321655
-0.00950885320616816,-0.012910410425274,-0.0428682044850081,-0.059261265036597,-0.0197567016765801
-0.0123408212999408,-0.0117354038266246,-0.0404329175191887,-0.0581906909533763,-0.0193565582220106
-0.013322169101104,-0.00892423189865019,-0.0387895120313401,-0.0573139153291419,-0.0182208650658527
-0.00875422587169618,-0.00933082235820797,-0.036915479975335,-0.0587210869377822,-0.0156586678802027
-0.00914991734568977,-0.00694197185696844,-0.0347754303709608,-0.0583876348997087,-0.0129873205137787
-0.00868280267934722,-0.00908326641206821,-0.0314337101597544,-0.0581176378136813,-0.0140169662148215
-0.0128974355273704,-0.0101671356001848,-0.0276562397877346,-0.0544102079416677,-0.0116525660272526
-0.0153420813678289,-0.0134556834874564,-0.0207548861497293,-0.0495430042134579,-0.00486917143026995
-0.0187947679299412,-0.00945907900506569,-0.0190017029705688,-0.041819871842447,0.000254516537852583
-0.0249295341288138,-0.00797444214768202,-0.0162560763893236,-0.0368900055822706,0.00400361131048526
0.0231029620687306,0.00663633116812867,-0.0264251874832444,0.0416864161480792,0.151093175867153
0.0230538375511402,0.0109361237380466,-0.0321638492184573,0.0402108348006567,0.152827621292378
0.00882679669941452,0.0162062792898041,-0.0366889091112271,0.0307326724788042,0.130623288840456
0.0205809160191835,0.0105895181202478,-0.0480513890534685,0.0385511764342525,0.116239662454633
0.0178438972793085,0.00309332044016534,-0.0396334678776994,0.0248665744302779,0.109094533256923
-0.000893556787953628,-0.00246999870942446,-0.0328111149245043,0.0241118262830895,0.0820341370873265
-0.00554807731641442,-0.00575954953607196,-0.027811977491121,0.0168755024807911,0.0684205838809402
-0.0298768369676126,-0.00300627701483307,-0.0260835233841039,0.0192704297923634,0.0437341249405012
-0.036353410837338,0.00177120815738184,-0.037645354362736,0.0221054376018855,0.0219413581114807
-0.0358730531033265,0.00928312899412428,-0.046674589943122,0.0125091202152014,0.0138880161382205
-0.0303230426509972,0.0132146825975719,-0.0632087052675853,0.007936947059329,-0.00713284171452834
-0.0197416373457666,0.00632406609776344,-0.0599576875138578,-0.00760553305156031,-0.0104006044766376
-0.014767653291381,0.0073558253538212,-0.0641973416698388,-0.0129729581613106,-0.0182861784475534
-0.0089466100695914,0.00417860690334423,-0.0573444942018176,-0.0298020399589769,-0.0155871085501053
-0.00247714781793452,-0.000891557742343919,-0.0546830435552713,-0.0448046980028289,-0.016309359265204
0.00613308797108098,-0.0113051960487438,-0.0479242976220274,-0.0626673121906445,-0.0161209530892918
0.00634682951380288,-0.0112690998219492,-0.0510830435364029,-0.0642793929578536,-0.0194996458031957
0.00236843831532139,-0.0153657962062595,-0.046523991884305,-0.0689211558904096,-0.0175735882605009
-0.00200497440675619,-0.0165812794461627,-0.0420873170805488,-0.0685119158718188,-0.0168140637575949
-0.000164475221228432,-0.0148391520514688,-0.0420466127101927,-0.0704910288892155,-0.0150496240026441
0.00476121110664549,-0.0133459303565896,-0.0385141290914547,-0.0725071869048577,-0.0125343668107452
0.0045408905256233,-0.0127371303332826,-0.0352684274723333,-0.0706420554322314,-0.0108110063044292
0.00628927559063314,-0.0130644719883236,-0.0328113683337673,-0.0718033446591231,-0.00915946356958884
0.00463700277620164,-0.0126266805825233,-0.031701146341063,-0.0694256102293458,-0.00935402053991457
0.000975904876657576,-0.0136727427107917,-0.0272548082887004,-0.0632914208885912,-0.00569943499231483
-0.00408511793065834,-0.0129712064229845,-0.024001742695042,-0.0576512134059501,-0.00201891363640514
-0.013360127374087,-0.0112473831074546,-0.022327319116554,-0.0482301802146106,0.00217247387268898
0.0217702347913227,0.00749628609229935,-0.0223747980760622,0.0280368830108959,0.170990377122713
0.0187268433392904,0.0116441499362777,-0.0257552235989612,0.0231191540221247,0.168064299051323
0.0224397696679462,0.00242882046539484,-0.0166710026737226,0.00302183067002658,0.154936101035524
0.0124257287517196,0.00219073940018535,-0.0225801825152234,0.00986029059178094,0.137807510073601
0.00736200520416451,0.00216495764224998,-0.0234360636478531,0.00811190279375867,0.132524697620864
0.0127464912896722,-0.00768554734624699,-0.0180936527939154,-0.00499655118229339,0.129297876723561
-0.00354832305931671,-0.00338345585325437,-0.0286326812647092,0.00505900045795895,0.083757763174799
-0.0225614597245883,-0.0115318272031736,-0.025737212673551,0.00306434363385907,0.0424738072231831
-0.0353263473183236,-0.0140388298865116,-0.0198488207864597,0.0040986355761669,0.0291784204489047
-0.0332731765245571,-0.00771827307506743,-0.0242933022973888,-0.000276407024723826,0.028762613380273
-0.0374878529736244,0.0070059573417693,-0.0494526717001512,0.0139467696480528,0.0102131548426645
-0.0296859602887564,0.00194173540320866,-0.0479802019630571,-0.00118746595783284,0.00368213447000534
-0.013251703446056,-0.00213065507880978,-0.049002459823544,-0.0241142657880513,-0.00314060017222802
-0.00351413435082834,-0.00448167797342215,-0.0464507655119281,-0.0440083391422149,-0.0038311517529248
0.00199805148856124,-0.00580412241008533,-0.0500099058187193,-0.0548118907581545,-0.00942072682183276
0.0060770282421524,-0.00778155161615302,-0.0543946653926651,-0.062768412379993,-0.0119320613446659
0.0144470453770362,-0.0136425322610897,-0.0494509612568947,-0.0760120660005781,-0.0111119118341791
0.0135591611613128,-0.0168452757338662,-0.0467648626322839,-0.0781508413539599,-0.0107325990409188
0.0116053303776821,-0.0165694039807953,-0.0447520063010411,-0.0768203644586529,-0.0089196137180019
0.0105405054715587,-0.0179094377125688,-0.0413671162828081,-0.0758102356671655,-0.0113086595040359
0.0144348369748244,-0.0163727244145294,-0.040321569790265,-0.0774825095131044,-0.0107675969755018
0.01623203032768,-0.0149510734951678,-0.0385942005804656,-0.0785309068614858,-0.00867035937293636
0.0217184270053898,-0.0134360042890116,-0.0369250419963495,-0.0821947563053282,-0.0061059444148882
0.0149643751194371,-0.0132644359762652,-0.0337699940348876,-0.074736315820752,-0.00680000370255623
0.0115459492087553,-0.00797405060603754,-0.0329001752775747,-0.0707881849168351,-0.00614399780951102
0.00358517697413127,-0.00639349922449643,-0.0306726594733233,-0.064906908852512,-0.00253074494165315
-0.00119020949709103,-0.00833464464389807,-0.0259277169357149,-0.0590136579616724,0.0012608326675178
0.00121135356408067,0.0019456201027954,-0.0132850087586435,0.0273749763357355,0.154171952113348
0.0101332995318298,-0.00512165215962431,-0.0040958787021709,0.00951116522414617,0.155878676726273
0.017583765128872,-0.00190569676814038,-0.0136915380635459,0.00076657314628987,0.154529489344541
0.014313252601649,0.00121891510854027,-0.0163417569557436,-0.000429185884114646,0.150794080653103
0.0177056200395333,-0.0116623378060781,-0.00620287706968058,-0.0166948705592042,0.142959178950809
0.0141478753983178,-0.0110901736539188,-0.00762734092367203,-0.0161647752806624,0.140305565824118
-0.0158680674890022,-0.0238406107502162,0.0021591316091956,-0.0159862052984191,0.0717576340617647
-0.0132113573114605,-0.0251195789013613,0.00191773643835606,-0.0223390672121812,0.070772705583515
-0.0240593670176959,-0.0238439197274952,7.17221205306772e-05,-0.0231681243532475,0.0513977760756234
-0.0241576369526793,-0.0213448562538413,-0.00404569632241775,-0.0278632018379334,0.0459801154686573
-0.0287932692662174,-0.0042877523237608,-0.0349424568915872,-0.0101776060098643,0.0211067134704458
-0.0235727119900609,-0.00482249349143263,-0.0415510153396504,-0.0134882947487204,0.00974851271275263
-0.0109853319068939,-0.00857380108970624,-0.0371222024581457,-0.0370111978589998,0.00841051371460265
-0.0113210103581084,-0.00355088189325452,-0.0404693414777126,-0.0401320339044551,0.00702856431204506
-0.00153331408094423,-0.00959936186779164,-0.0388083715622317,-0.0579826838844453,0.00375284044086569
0.00811000631184404,-0.00958133886980148,-0.0467196874005665,-0.0711751415719004,-0.00156684964390025
0.0164242729252223,-0.0147413673272996,-0.0478847084295132,-0.081636485296566,-0.00282221049874144
0.0195685869357329,-0.0161600401845562,-0.0481672590220343,-0.0827438415551543,-0.00423292634458991
0.0155285223143896,-0.0152877334149737,-0.0452063097292221,-0.0811565728771327,-0.00326212893289216
0.0168580282346978,-0.0152405661768149,-0.042711113328464,-0.0794070062976267,-0.00414537156971456
0.0202894733446551,-0.0141984127638415,-0.0420152021032166,-0.0802150729543048,-0.00621168082158635
0.0277954986913538,-0.0131531732037216,-0.0439881473448154,-0.0861662900925185,-0.00797190887604756
0.0350588080862245,-0.010101147928748,-0.0438356395231758,-0.0929342117027269,-0.00536212679946628
0.0355170520635196,-0.00645263011952818,-0.0447064703963954,-0.0875089347328979,-0.00640582015555428
0.026635090300589,-0.000584537996997262,-0.0422194829886727,-0.0818235837666068,-0.00452494511113178
0.0203550307230512,-0.00153627808242411,-0.03908573055455,-0.0784421295208565,-0.0013387725132045
0.00939544991110548,-0.00579944316518484,-0.0316329791064972,-0.0663470413699962,0.00142336394242781
0.017581856484946,-0.00913876137561506,0.0103562397051816,-0.00956705396824885,0.179776625518584
0.0198727682969541,-0.00841562557770392,0.00678820557736283,-0.0102779067818993,0.17656944031183
0.0159118715223853,-0.0104229929748637,0.00607890626229396,-0.013259837747315,0.161183385023982
0.0197756841699692,-0.0200527874005167,0.014351791294125,-0.0305854762170639,0.15770691346487
-0.0034552481773252,-0.0204252119137446,0.0137919171486286,-0.02380482828949,0.122543762069239
-0.0134898947300165,-0.019095552503887,0.0145952441577078,-0.0241797596401262,0.112595479363384
-0.030695708064532,-0.0198044455120676,0.0135785411597336,-0.0167054683834245,0.0781998101826432
-0.0322462446650196,-0.0178587215789554,0.0112042902101151,-0.0182779940474265,0.0759988273752659
-0.033814006424707,-0.0210898002543515,0.00697757159634615,-0.0202617403421675,0.058257128314348
-0.0351119082243133,-0.0179596317366007,0.00253877445948507,-0.0237149159048445,0.0515168440587804
-0.0270214192702549,-0.0146265320180005,-0.00836661403305864,-0.0266120218948577,0.0410886686152273
-0.0249466855949829,-0.0137298791486241,-0.0110073206955229,-0.0343606117872925,0.036075420110188
-0.017482424453569,-0.0099021124688854,-0.0239166677926659,-0.0412179020416266,0.0231436475818511
-0.0153575729028272,-0.00597865011138399,-0.0290635076581445,-0.0536018498492293,0.0175784103811646
-0.00598703232809175,-0.00680309609150231,-0.0366106905794525,-0.0625894664450481,0.0101428585118176
0.00190066272119466,-0.00873441533278844,-0.0403899762255671,-0.0759922428837292,0.00768470343940154
0.00896127345899432,-0.0112511072198281,-0.0454124095102739,-0.0814060287486045,0.0010056983674587
0.0173545888164626,-0.0139358003734045,-0.0462607363906704,-0.0851684023860153,0.00102739800920104
0.0154656324085048,-0.0136286265597396,-0.0445588283132573,-0.0782495857577474,-0.000137129357340414
0.0163553089154467,-0.00911230198725427,-0.045799358555151,-0.0785819160856252,0.000201986890966018
0.0228406921906862,-0.00692409089202915,-0.0453108793101507,-0.0767171519147516,-0.00493164631630026
0.0358610937538445,-0.00966306398179742,-0.0414042751658626,-0.0841971943012487,-0.00434176748565453
0.0408618975824357,-0.00708863009448976,-0.0430016122537114,-0.0904156561791317,-0.00331827576120153
0.0438292544345272,-0.00124263711185291,-0.0495674128668568,-0.0959209506907063,-0.00232084205001728
0.0410552184366447,-0.000880399823512933,-0.0487941874493523,-0.0957294491913507,-0.000822411632690921
0.0333403166834179,-0.00335761107954497,-0.0441269370513191,-0.0886199780948766,-0.000593428111584563
0.0213270408759772,-0.00635444672901281,-0.0370305746749659,-0.0718251586286122,-0.00202083540430404
0.0133661306321081,-0.0188012258359207,0.0274897053899464,-0.0263696414044247,0.17490118518398
0.0225619339754537,-0.0146114571244631,0.0192188678904065,-0.0309294650490149,0.177625112500248
0.0108696935026729,-0.015093252820934,0.0177065692905941,-0.0238694234861032,0.155120068022167
0.00231529260429366,-0.0179118535477291,0.0191820914356531,-0.0280955617724573,0.141719524511583
-0.014090540860819,-0.0149922714575407,0.0173540745645116,-0.0246374285232696,0.12421755660446
-0.0252297781940815,-0.0154011613710707,0.015443289214962,-0.0222546553133154,0.103452822563787
-0.0330612224395716,-0.0127520894864952,0.0124235764013843,-0.0189058964226031,0.0870098811983803
-0.0380868375782886,-0.0136080975474154,0.0115090526827459,-0.0205548133464906,0.0730278718870838
-0.0416552421278474,-0.00975536658069762,0.00621776598648694,-0.0210133105839595,0.0621765830398045
-0.0388336931426877,-0.0139370884084586,0.00584578999331927,-0.0216941201589116,0.0577442938384759
-0.0323809604222135,-0.0156777469218233,0.0028040139989444,-0.0298624390026729,0.0540267917472746
-0.0310232212515382,-0.012751665284474,-0.00340210911674794,-0.0331889801612573,0.0491256383815069
-0.0261033039342681,-0.0118068564915434,-0.00906004621271348,-0.0423041888748425,0.0416021826164531
-0.0242006879780908,-0.00685002331913517,-0.0162684434987378,-0.0492663967314256,0.0359315732787094
-0.0192646076779412,-0.00364727078354776,-0.0238473732339507,-0.0550379429148866,0.0290834571859653
-0.0126232261513584,-0.00734063427878691,-0.0291164414990326,-0.0626675267416436,0.0209668227589245
-0.00364670668738763,-0.0099114424425491,-0.0344162481727736,-0.0701352210148694,0.0144314753122812
0.00527149406921408,-0.0096052464837076,-0.0403197344055404,-0.0738863711568607,0.00579354088162601
0.00822866043189611,-0.00282452144637607,-0.0462833951801341,-0.0676223349871511,0.00331762435408408
0.0192044230578527,-0.00348309968951837,-0.0442831689475615,-0.0723928278325355,0.00151176495216539
0.0280512940910679,-0.00194326391351376,-0.0441471241200275,-0.0748459097626869,0.000573918722000845
0.0306648856313175,-0.00331431114952124,-0.0420821563690674,-0.0762127072604821,-0.000310701109557305
0.0320355028867123,0.00127973498882767,-0.0432693844534568,-0.0753925474472249,-0.00352338880332409
0.0417019763489771,-0.00147920394754129,-0.0448361515016803,-0.0879004034735359,-0.00167407542169834
0.041650903242893,-0.00226672954493697,-0.046571437430158,-0.0896311089558659,-0.00047220195210495
0.0372311793438137,-0.00472684248544831,-0.0436665282454948,-0.0879546734237353,-0.000947034332653684
0.0243721747412176,-0.00570362909331921,-0.037292679895637,-0.0743953365673557,-0.000703817012771044
