0.00684249027116233,-0.0669011717697536,0.0168288575241805,-0.00943509962635885,0.0353337058267948,0.00720122603554888,-0.0459132525779888,0.232694025426551
0.00736149870225454,-0.0513232616805372,0.0318591045883269,0.0037351587299349,0.019832281668235,-0.00204759334372905,-0.0383564348251043,0.248979256073215
0.00386986422928855,-0.0298427454115448,0.0245269504411148,0.0025336559574774,0.00978709077884661,-0.00265816545510286,-0.0386879101138395,0.24513592410324
0.00411136896007891,0.00811150064057863,0.0188017232363066,0.0101476820278848,-0.0117527522161121,0.00185421671618299,-0.0423991936932334,0.234420793877091
0.00501814554261581,0.0439940963024562,0.0163990305907901,0.0192470122937188,-0.0344792521032773,0.00778762684120696,-0.0608352169056209,0.213049323033925
-0.0057431723091097,0.060095139478502,0.015466420954679,0.0252161646919224,-0.0433630139763913,0.0238699147142643,-0.0872638439511831,0.193261389957507
-0.00177009789794641,0.0747627249674521,0.0160801479776676,0.0265803973882758,-0.0528190362807628,0.0245068848522044,-0.0998569504264811,0.178767304253444
0.0160054687284716,0.0795215066367575,-0.0139819258063116,-0.00208800592097363,-0.0480428055739048,0.0214018357994904,-0.135722633060424,0.137527270349155
0.0180523080495709,0.0743542402688995,-0.0302988815494806,-0.0230432108732318,-0.0466338957971824,0.0216913395982241,-0.150138339143525,0.108682734772426
0.0243778835510408,0.0734377953878455,-0.0283686103284096,-0.0254066531189321,-0.0389801621055737,0.0202606177271162,-0.162145800487766,0.0956057698581756
0.0299675055802241,0.0545066730922648,-0.0315415921566232,-0.038480470920345,-0.0228547801735331,0.0196057020855925,-0.178690214483211,0.0747571753510692
0.0382191043160733,0.027804980672598,-0.024712452443746,-0.0487294085297018,-0.00149984251579439,0.0140438280599483,-0.182035628210145,0.0609740730818044
0.0420237652287906,0.0102721507725349,-0.0169105171638621,-0.0588059526931385,0.0131586488435554,0.0086865666709818,-0.183079593765563,0.0467148164080438
0.0467371186206962,-0.0083111182641776,-0.0119712370963473,-0.0625650180912719,0.0277382660426943,0.0057693218753443,-0.189630232270755,0.0363100933310276
0.0510121440832983,-0.0219470507384299,-0.00195045891556865,-0.0656260636090622,0.0482083900179963,0.000612711778857015,-0.200096966071709,0.0292393825488254
0.0529683282636054,-0.0332175208653671,0.00808797781070954,-0.0652411632304782,0.061387569017037,-0.0033816759621985,-0.208788999098136,0.0244171506737972
0.0521846914598866,-0.0458233461361187,0.0239507666224769,-0.0561370243342875,0.0737472315855388,-0.0078874265545548,-0.215253502695881,0.0242342636875555
0.00806053905237881,-0.0842086919476744,0.0280546561214651,-0.023717461873119,0.0176681474440874,1.26572911168729e-05,0.040743648637631,0.208951806036229
-0.00115614313637227,-0.0771460277803278,0.0285672934919691,-0.0272452052681865,0.00807071077982208,0.00503589106370481,0.0370770281774665,0.204424958159698
-0.0027426139543876,-0.0515458976939894,0.0191075982162809,-0.025100723531304,-0.00703466847087133,0.00287324218531711,0.0298894026938318,0.19575586064799
-0.00565792804070542,-0.0159340497126169,0.0154883344484256,-0.017464851540633,-0.0310234536943542,0.00969571038388483,0.0290633988762945,0.18537031055772
-0.00544433290031447,0.0114935499366367,0.00849025129888476,-0.0106205213224157,-0.0527636465975825,0.0141688161845304,0.0263802597874946,0.179581212191566
-0.0135506746461042,0.0495938884661122,0.00619850731443787,-7.37008470382675e-05,-0.0693964853765498,0.0289663327103802,-0.0196104548924768,0.145384033312591
0.00325979574731441,0.0540366112019346,-0.0177413758850892,-0.031035584206315,-0.0804756301940936,0.0205776957872114,-0.0341980767479665,0.100350067358363
0.011470556826685,0.0564999981702058,-0.0284913876147906,-0.0471376028886182,-0.0808008261708674,0.0212131782884567,-0.0528743291771191,0.0724160001055528
0.000241844217897246,0.0553919556902342,-0.0390208588788824,-0.058285549341551,-0.0751854445865915,0.0300753245272147,-0.0830797014546442,0.0450416794378138
0.00661935982433679,0.0517738560472314,-0.0408414424521474,-0.067420664921801,-0.0696023687751975,0.0279101178753024,-0.0962439445287394,0.0237111518615066
0.00918225919935592,0.0329806660035871,-0.0309319691115749,-0.0691506907121932,-0.0516295289140296,0.0282825829274201,-0.110591394765512,0.0134366517973223
0.0161521007976624,0.0120389438491885,-0.0206847259248129,-0.0691504969001945,-0.0310712286514589,0.0232834175170001,-0.127103641281417,0.001978454236204
0.0206636341332636,-0.0102165724537844,-0.0099821710033877,-0.0760807590489891,-0.0138197932713683,0.0211298747682207,-0.129079186749656,-0.011312172931105
0.026219331902739,-0.0246166495136173,-0.0053848405271677,-0.0783434159288032,0.00175826604657348,0.0177710762174249,-0.138069202428631,-0.0170893783758769
0.0278254490569177,-0.0464356737568403,0.00540133515279701,-0.0816056105688125,0.0216220795543277,0.0147694863403652,-0.144309018994777,-0.0216276647415023
0.0321293093951853,-0.0603421166171922,0.00848942001043304,-0.0808138270933693,0.0371661769561706,0.0124450140932755,-0.154378812018284,-0.0214850543498974
0.0302318462443499,-0.0603097366338971,0.0112835024275373,-0.0792104101253002,0.0388786478724192,0.00839192308804464,-0.156619187763582,-0.0218972919508815
0.00110042186491546,-0.0993884153848596,0.0160674639352261,-0.0621949303200538,0.0148299353905915,0.00310073652698062,0.0912910390350448,0.14893661537876
-0.000933720400800744,-0.0763697666705212,0.0218730293530251,-0.0569012771102924,-0.00297223395424817,0.00390073391654219,0.0910983102822246,0.145766739536118
-0.00234116547002809,-0.0479270442527393,0.00519376566549126,-0.0576301685872194,-0.0192711933339437,0.00561404372180592,0.0864161051838936,0.138092716952258
0.00449098178548408,-0.0295521377167494,-0.0191401765062417,-0.0795630019277185,-0.0401400352341652,0.00390336251500071,0.0744391341276683,0.101275787554349
0.00867801476189284,-0.0154348601916628,-0.0348393962836162,-0.0896121290791219,-0.0584604945878596,0.00504466265179753,0.0690029434279482,0.0839123021948643
0.0139220884302352,0.0250173635903595,-0.0362356346893455,-0.0774806001451575,-0.0804689913334397,0.00673433138606076,0.0335645702018145,0.0546904999261039
0.0153254711546111,0.0386431357201285,-0.0344915274046473,-0.0740443345035182,-0.0943347958738331,0.00825317269070892,0.0246364505745747,0.0415278693069813
0.0147730958667922,0.0558890783444152,-0.0383985092585533,-0.0729514075497423,-0.10355065237292,0.0133188303255096,0.00611192867657399,0.0218887853499188
0.00452275083943527,0.0640807100745098,-0.0452031681897542,-0.0769917088232921,-0.101476918559444,0.0219757734430071,-0.0254678941054185,-0.0028191969171172
0.0119157036177037,0.0577132051036255,-0.0364123900492643,-0.0821055436319371,-0.0991472694597846,0.0201076212082189,-0.0362660090815723,-0.0256748176319109
-0.000706977393818625,0.0259129298418618,-0.0172682212312047,-0.0835755202980903,-0.077972447771433,0.0308465486148785,-0.0609209205970604,-0.0413573205397276
0.00378841596265178,-0.000154277842370123,-0.00375597164643567,-0.0836147971910964,-0.0578030184341379,0.026009835438903,-0.0705329139677193,-0.047231118969506
0.00871943309832029,-0.0215866592413806,0.00798814026401388,-0.0848003932227465,-0.0406539082052692,0.021333366108497,-0.079099828502134,-0.0540622818540699
0.00813616420450139,-0.0427330578286721,0.0150139354279185,-0.0853134842517568,-0.0241502356994573,0.0228264914357169,-0.0891833503413018,-0.0570514065344883
0.0103591706733308,-0.058267771503353,0.0222011053644593,-0.0848020300867325,-0.00805058704919235,0.0206639410000549,-0.100379036336984,-0.0616152011484508
0.0128160336994702,-0.0738507099353369,0.0259637347557131,-0.0847593137854117,0.0108722631536984,0.0189537345215909,-0.108492382697734,-0.060453626217496
0.0123541734546505,-0.0789612158608254,0.0269676252209139,-0.082626790613788,0.0207964505930486,0.0180937500952302,-0.114804849056489,-0.0574025976841392
0.0152667188849933,-0.0992061180135469,-0.0147199026835374,-0.114956672542329,0.0250642932117153,-0.000727228666049257,0.107301286191645,0.0672310864787899
0.0207048734973195,-0.0825778933316785,-0.0269573820375886,-0.118220313087482,0.0126876680775377,0.00693134830237272,0.110428719627859,0.0555995154744044
0.0185693419894178,-0.0585861226622628,-0.0322619625614995,-0.11950218825746,-0.00490030676224367,0.0088973312344549,0.112370866656942,0.0479284217353863
0.0184852332777384,-0.0228370561738059,-0.036454661492011,-0.105845735760258,-0.0318378163910643,0.0147351588526001,0.097841879832838,0.0364618074600844
0.019800595574978,-0.000708306833178757,-0.0362331449500651,-0.0982910814467443,-0.0510844519132566,0.0145183726331948,0.0930088083839354,0.0294829599024921
0.0124057499340061,0.0213382379961516,-0.0234379414615475,-0.0879380428114466,-0.0801449061042438,0.0108877336464714,0.0743103020700056,0.0130282065273662
0.012475160372332,0.0440275517870793,-0.0252922653476126,-0.0831900223080632,-0.0958326438566687,0.0103936987335421,0.0621816665472066,0.00150109818202012
0.0150134181869064,0.0679892391193553,-0.0294994271069706,-0.079314454602767,-0.111046528475005,0.0135835092359907,0.039632106249842,-0.0233727431643198
0.0171544683127515,0.0685087164241145,-0.0317759039602031,-0.0816888149843922,-0.117705811676276,0.0128089714911857,0.0248871847723234,-0.0414295872362606
0.0185807352061698,0.0646797202124642,-0.0257619481112542,-0.0833109332182932,-0.112718485932366,0.00999858154631218,0.00874427041055464,-0.05533371968854
-0.00583315259189179,0.0244285499912638,0.00152080733780335,-0.0805659677424021,-0.0945522311377995,0.0265621524921004,-0.0194614790222626,-0.0698169347684325
0.00274981016617763,-0.000370774231722873,0.0179056589735527,-0.0800703381094524,-0.0750798264374228,0.0228062728143085,-0.0322435922344824,-0.081129957324627
0.00528537275588705,-0.0287720964906235,0.0338081756396608,-0.0800546551662531,-0.0571395946142816,0.0176101064426417,-0.0386778103804564,-0.0833555969609583
0.00579177159387752,-0.0501692740639743,0.0402843998631262,-0.0826921102917859,-0.0415701210586822,0.0161647462106909,-0.0475180614829388,-0.0853326576315307
-0.00104022722755552,-0.0671900433719415,0.0447192013177307,-0.0838517291806377,-0.0242962707058885,0.0182178705744594,-0.0615135428261591,-0.0926125810617072
0.000692864823654734,-0.0870269750562912,0.0487050488904874,-0.0808252026892416,-0.00402479175128585,0.016116511477967,-0.0685948948241967,-0.0864233839212303
0.00163021004269486,-0.101655674291956,0.0537165618663928,-0.0748663292503285,0.0122768070312594,0.0140528690562442,-0.0766665802857399,-0.080166829282973
0.0378429357675165,-0.0741264376456051,-0.0505535943980721,-0.138471234755631,0.0627483378994644,0.0103054332453094,0.110560802806022,0.0174749164560867
0.0367300510801468,-0.06396605407319,-0.0419069442143198,-0.135459277894467,0.0374471320134794,0.00767797388652462,0.111143801917114,0.00719834231356159
0.0323064616196698,-0.0465894238282492,-0.0368285401203212,-0.123772386018374,0.0184823553389859,0.0148835069257269,0.117077959223419,0.00717349218535288
0.0310448981500967,-0.024663592523284,-0.0321803890937671,-0.108085787918298,-0.0047120016311468,0.018708115587725,0.117541390646386,0.011197374178868
0.0324647669970985,0.00932300980383726,-0.0293516730756297,-0.0954477409447247,-0.0343699423874894,0.0210362525100882,0.10381573641657,-0.00664542198551749
0.0243975635115035,0.0273131947149866,-0.0137999021987372,-0.0873460579711861,-0.0633814390353162,0.0167313505354323,0.0918773147471754,-0.0200634088970445
0.0275911232780629,0.0529103052873562,-0.0195748864612466,-0.0774312941388385,-0.0780764227344703,0.0187572139996711,0.0765936468776519,-0.0316964651237122
0.0265421131314371,0.0789925592454688,-0.0243852553606928,-0.0700591453111898,-0.0990202420094355,0.0212162263292358,0.0567966275924831,-0.0508099144595858
0.0101706711627792,0.0757146573439055,0.00372086873215926,-0.0549920499237107,-0.115259717982865,0.0138671356990245,0.045593007801339,-0.0468885104212452
0.0155135503946392,0.0641567461016311,0.0185873324811563,-0.0455867904418242,-0.112544561190701,0.0155719268786067,0.033428605988775,-0.0536065926915922
-0.00540972995185386,0.0327257954756053,0.0438779663829874,-0.0403968709365253,-0.0967039926657751,0.025154254860766,0.00873326546593037,-0.0605688893002121
-0.00264483795740901,0.00691196813779913,0.0600847163291953,-0.0366630379914787,-0.0841125197128555,0.0190820953345745,-0.000659389181786665,-0.0646601596240685
-0.00113107043912425,-0.0340662900957938,0.0663011884999071,-0.0516676842594355,-0.0625990437575335,0.0127823719179067,-0.0157510136457875,-0.0838995674620388
-0.00251448902175143,-0.0556651289631737,0.06628691401927,-0.0600601552266236,-0.0465481505466143,0.00952671294613577,-0.0268545806369883,-0.0928078677624389
-0.0127826655896387,-0.0780825752510774,0.0736393776699032,-0.0604261400256027,-0.0304542322657274,0.0171656575206031,-0.0420153693252131,-0.0963124989199021
-0.006609639949629,-0.109728627412212,0.086541596780861,-0.0569857876558227,-0.00410618856041502,0.00915563036981111,-0.0466197606740963,-0.0878815914442792
-0.00238947116628431,-0.114556548067386,0.0839647530259717,-0.0586970802462464,0.00355243660087239,0.00728729405849345,-0.0488683815568901,-0.0862275789440957
0.0228041713416563,-0.0281900614184434,0.00894040932089877,-0.0597765390451262,0.0741617874289369,0.0206083327098395,0.116678100700058,0.0585808021801789
0.0253608901492678,-0.0189838978104811,0.0058744578370231,-0.0599264923321952,0.0615770579791781,0.0221099937102293,0.120347069715633,0.0552798763624832
0.028497842679163,-0.00955278052132663,0.00994534413193081,-0.057644867055476,0.0458013349607225,0.0215011385153378,0.124287081928688,0.0451389546787497
0.0329742035410555,0.00920777988125774,0.00891181436202773,-0.0538929597123999,0.0266680081992523,0.0219435195014571,0.123716727067928,0.035098569186253
0.0311432032257759,0.0492958021263936,0.0108697421419769,-0.0373244331803818,-0.01274585688524,0.0255108849164243,0.100849729959704,0.0104872367432839
0.0305440822634952,0.0762877403879227,0.0116795932539232,-0.0256106042959314,-0.0397144116636627,0.0291435699856325,0.0862410694424858,-0.00571090565351133
0.0309695732688627,0.085176317892433,0.0201469529336008,-0.0118971709592828,-0.0557450373475064,0.0305650357921275,0.0761593181462242,-0.00992276141439128
0.0321980546104586,0.0963311649142216,0.0180826171573872,-0.00415657304130391,-0.0719021343241374,0.0336553688337626,0.0649734635598949,-0.0218283654435959
0.0228839307777152,0.082622988637071,0.0357194282718969,-0.00489313105044821,-0.0889289238992424,0.0234869834498301,0.0533558639888658,-0.031415263405227
0.0208631938828336,0.0769904057017558,0.0386234124080796,-0.00562570002335464,-0.0938238979953192,0.0194239496810831,0.0442100994575933,-0.0388629835798606
-0.00953800718252696,0.032745608958164,0.0819857289241481,0.00347353736321372,-0.0855167676855948,0.0236016494924952,0.0196357848225704,-0.0384882212008718
-0.00729444858719537,0.0123792565200226,0.0936847112162868,0.00554191498917327,-0.0790530784999244,0.0175645334157365,0.0113774529695954,-0.0450967639442874
-0.00616514357240358,-0.0208341944487649,0.0930968524926838,-0.0107351331471797,-0.063625216628986,0.00971525823358024,-0.00104122128209305,-0.0629284477398658
-0.00313206159742913,-0.0527971687607529,0.103212561424997,-0.0103725867206113,-0.0501849329191083,0.00632289902550623,-0.000712979235555045,-0.0600566586020982
-0.00958289905581672,-0.0677457289209934,0.113815630092981,-0.00511568153208825,-0.0384524563963967,0.00803537294369336,-0.0169307409697268,-0.0600089891521774
0.00401468495967507,-0.109136298591582,0.106597542303595,-0.0277533325071203,-0.0145962250180493,-0.00101224213933689,-0.0225670806403923,-0.0722841192488008
0.00948909044058849,-0.131560751292453,0.0964430824181824,-0.041797150125393,0.00119053461162509,-0.000746734989043641,-0.0268106416146554,-0.0799267623049464
0.0308884639435591,-0.0159245069366349,0.0100223772017148,-0.0644672826677855,0.106724087503386,0.0116052189806432,0.101923680807588,0.0368334182418148
0.0350060545621458,-0.00482280602881827,0.00982570250074149,-0.0666832716907064,0.108094968607139,0.0119578653412593,0.0979909854017896,0.0274967156751019
0.0353563273669956,0.000434708873035903,0.0127130041949651,-0.0600078580813141,0.0855747734380645,0.0100503756189696,0.102590148870693,0.0217635625381388
0.0404298690349335,0.0378679678105889,0.010257552918886,-0.0433051126511833,0.0497451503724453,0.0129276647794734,0.0810693957181064,-0.00185049472091412
0.0392826647346677,0.053805833039392,0.0135195334865846,-0.0317133423406748,0.014334195459819,0.0140288554263984,0.0849715562754138,-0.00629470919859541
0.0388122820854579,0.0778330258855601,0.0174400567826505,-0.0191573913927929,-0.0107332120196564,0.0174281157077535,0.0695751635506716,-0.0203198002774099
0.0364500034775057,0.0858789899991614,0.0288838828085489,-0.00290993225080318,-0.0355077946383292,0.0212092910817366,0.064839335809279,-0.0215271264438873
0.0342849082536582,0.0915552868540444,0.0309195337639165,0.007663160115588,-0.0473372879524733,0.028109065257509,0.0539364654829808,-0.024668423973544
0.036337662306721,0.0852523497035592,0.0394283016454849,0.0188785068340291,-0.0534562346177141,0.0267828888206131,0.0463688409012483,-0.0247003261409095
0.0328595166870117,0.0689876325207089,0.0545327763090973,0.0254747298144499,-0.0599607004371394,0.0254062938825546,0.0412601606206814,-0.0263942502816471
0.0154414273493887,0.0278650960740527,0.105772780724105,0.0349912869203366,-0.0670745557637989,0.00919132881400177,0.0371585015274514,-0.0187211046125778
0.0137361099792202,0.00843712128494594,0.111821124083545,0.0393315477236104,-0.0654261722071948,0.0053868974497216,0.0310725847843506,-0.0205875638652446
-0.00708615359752082,-0.014693972898249,0.119520142324251,0.0416225815811917,-0.0531856006456662,0.0178719012802439,0.0144018143782036,-0.0224659771901006
-0.00938566790009183,-0.0385556652932431,0.125293655694127,0.042810307525593,-0.0400965031613037,0.0192168708349099,0.00985042676731853,-0.0207242373690175
0.00609558203209502,-0.0644465386852867,0.145938566941331,0.0463259621255427,-0.0302422764876526,0.000195109331510223,0.0136234145701609,-0.0115770402567545
0.016636895448838,-0.101837903324365,0.133329716579141,0.0232605685893048,-0.00826809626468984,-0.00490681790804429,0.00247710970332873,-0.0297427707814849
0.0199563512796484,-0.124494294125446,0.123800367806488,0.00763449358678632,-0.00379535905392442,-0.00706907090777984,0.00413476939518803,-0.0379173053731597
0.0372904596235736,-0.00369333665557064,0.00877082990173189,-0.0695775234245333,0.166099270683276,0.00872342478108308,0.0658782472503881,0.011587904866074
0.0432467345214053,0.0148754509461321,0.00882867856894634,-0.0644012105088286,0.160843959675352,0.00699592069355033,0.0520373582117416,-0.000637392002695244
0.0471961565028657,0.0294888916654721,0.0064762260368858,-0.0569484278820825,0.132051116284642,0.00646293930749192,0.0516512074001781,-0.0128888120455399
0.0475990420121294,0.0513389027339302,0.00678820946932206,-0.0336740301354103,0.0838394885422888,0.00944385243222171,0.0469273316264161,-0.0171289995790118
0.0271055735826812,0.0649455708913886,0.0148222394994962,-0.0182417392208809,0.053877091510954,0.0227779211645579,0.0285538041942174,-0.0254636567703317
0.0449724370701012,0.0846431974818007,0.0184190601129223,-0.00844968723200714,0.0175616044167966,0.00967494981141418,0.0403233258445029,-0.0300180215684848
0.0434037432847536,0.0904720617755297,0.0268392903427819,0.00726115198242135,-0.00672020139437809,0.0151131154037628,0.0375014870606655,-0.0309954859650787
0.0447432128329777,0.0875107485437965,0.0315216955518612,0.0193802613760974,-0.0176340538227592,0.0179358763806467,0.0351122535191021,-0.0270604055159923
0.0501281270763364,0.0822126880504442,0.0440032603690931,0.0329608745579666,-0.0304230873074831,0.0166194062543017,0.0343777219039117,-0.0261376072820308
0.0431185673789894,0.0637436018332011,0.0548225379253185,0.0418157421839171,-0.0375717322006665,0.0190989277866476,0.0337691130990765,-0.0243620754854781
0.0294651130557556,0.0275757216759357,0.0942094837192454,0.0496620620554554,-0.0457113021514196,0.0059756511904943,0.030602832919319,-0.0185217705850197
0.0239642195451014,-0.00144172755638239,0.104680178559564,0.057713658197588,-0.0390375528055028,0.0119030843359765,0.0277688805600821,-0.0123038892262377
0.0139543683874084,-0.0272395984268627,0.118746780652723,0.0609016531113521,-0.0349861449540548,0.0121143765222981,0.0241267692447471,-0.00770930576469188
0.00910590138703825,-0.0533139801815375,0.124680782775139,0.0665968900609447,-0.0225642494505989,0.0157990950380694,0.0176736786743046,-0.00193545385472458
0.00176817313707982,-0.0747918686907386,0.138879395893628,0.0693081099450203,-0.0187127873262061,0.0108821110091027,0.00844790708753468,0.000956193547484392
0.00560138528573485,-0.0954328812489924,0.145635862867143,0.0681262735637004,-0.00758755383007241,0.00793962567312244,0.00794553596880136,0.00418019077220817
0.0112313700505728,-0.109232245141797,0.132280140663324,0.0619254976185287,0.0029096940103235,0.00839062485866579,0.00303292236551685,0.00132366687572888
0.0290123765859327,0.0120546669520635,0.009600885373182,-0.0562207458998215,0.176738104011761,0.00774936089566839,0.0391151621149264,-0.00479070141512433
0.0337920862312046,0.0303929856544132,0.00370565901652247,-0.0492626431154345,0.16990133316935,0.00801844425333567,0.0240138965587877,-0.0152552823226132
0.0436651414687639,0.0368078569604727,0.00540606098612949,-0.0434146649214272,0.155130032452598,0.0026006287859616,0.0233389353093963,-0.0218555400157228
0.0497211566300537,0.0447818522077505,0.00208480874711938,-0.0308762875493286,0.134525447250656,0.00695100939864728,0.0195364974833353,-0.0248385713344349
0.0486995284377812,0.0690211987347053,0.00970289502568819,-0.00625544729493963,0.0723709186387318,0.00480907414151674,0.0210756296367665,-0.0268118848932571
0.0529054095959071,0.0839135528582313,0.00978218152235923,0.00551471054762442,0.0484618893756552,0.00674291909998553,0.0157804856454556,-0.0317124670604012
0.049963425690004,0.0913314620671468,0.0149966459911414,0.0215455106262927,0.0145159419604154,0.0102462787406991,0.0177555165952987,-0.0307269510252908
0.0496947863823769,0.0857423379423205,0.0211448846827421,0.0358725289275894,0.00185270652017591,0.0125951635722891,0.0163005809702328,-0.0239837305325631
0.0475006978525939,0.078992075284305,0.0326351060923114,0.0470092357020421,-0.0133135133474271,0.0152699210560104,0.0180062355173979,-0.0221874916957549
0.047174829052642,0.0599141568478317,0.0435405008131956,0.0561279862781968,-0.0207847075842423,0.0193564390717177,0.0201736555386968,-0.0218062225916284
0.0315741449799158,0.0236254770444289,0.0790373894069254,0.0630354366476855,-0.029873287104184,0.010708460382422,0.0199578197459892,-0.0142545375499979
0.024277480419063,-0.00696934125005598,0.0890013630173224,0.0738385279851203,-0.0243838881097414,0.019991194777751,0.0170190366486988,-0.00507006522858306
0.0204516969216528,-0.0278401864654266,0.0951447300376477,0.0770462389480897,-0.0200371668013524,0.0234976826118963,0.0144772950186689,-0.00210182737091253
0.0202343509610058,-0.0532986029854811,0.0920738930498128,0.0820399857235222,-0.00336538007612336,0.0320095133682014,0.00847692691400878,0.000930531326748033
0.0146665689948811,-0.0807904311321132,0.101853262901976,0.0838568711297231,0.0028134917520018,0.0334991696589338,0.00591674641468211,0.00603736213411026
0.0162893362940098,-0.0936158684009361,0.103416148387692,0.0833278729351391,0.010261070159004,0.0288895786753921,0.00254235015264991,0.0103084559158587
0.018443969206657,-0.100124553318625,0.0979163576436412,0.080417112125624,0.0137189730572456,0.0293047979719855,0.00194822949320919,0.00844781024141936
0.00632367557606194,0.0230384694114059,0.00571526678412171,-0.0351821256745173,0.177824604181583,0.0156110030663127,0.0135871053526081,-0.00727403984906322
0.0138533047202622,0.0346582545254543,0.00292020177682463,-0.0359098284179292,0.177935243419374,0.0134375752019819,0.00712139546880056,-0.0174052997687123
0.0297200570347321,0.0485032891892108,0.00104702082901104,-0.0268088904824527,0.165768859165456,0.00739943273693897,-0.00467787315247143,-0.0285309031768233
0.0419257128202021,0.0564775317182981,-0.00862083730417785,-0.0310094633724281,0.144987356116407,0.00466506447503265,-0.00684233428287182,-0.0430718698269522
0.0381801282572097,0.0702817090871314,-0.00865628062760637,-0.0109018203463544,0.0809049259966775,0.00605272591797207,0.000203806338800413,-0.0465081021760241
0.0384353974507131,0.0784157876404708,-0.00599725556880762,0.00157415507827208,0.0620372182252051,0.00956580866240118,-0.00734307943905239,-0.044608138809592
0.039835806309278,0.0810834394436695,-0.0036099821618413,0.0186352372046142,0.0314537170494461,0.0104885814505006,-0.00618795266243568,-0.0404029238422753
0.0407299119683191,0.0842595497898357,0.0117891957001615,0.0419772188923813,0.0141103261654362,0.0105532741604444,-0.00667694653834584,-0.0277260195199974
0.040848218749908,0.0787933295306545,0.022238429888041,0.0579246637169705,0.000358834522655806,0.0137966779224657,-0.00111628079978519,-0.0212405692947269
0.041654672304282,0.0540871850501847,0.0288115775151408,0.0687377963527673,-0.00675916350847817,0.02141670937872,0.00349460992701521,-0.0180733599221259
0.0382028928020322,0.0328553396932153,0.0349397926410358,0.0754344028887083,-0.0122910163648627,0.0277110190585959,0.00638831323919263,-0.0134141748741836
0.0340331406874665,0.00342484993151304,0.0381831668727269,0.0820751560966345,-0.00558181964328469,0.0365082784650465,0.00969043367431879,-0.00477842619745049
0.0220425170418111,-0.0289158279729449,0.0570177849981553,0.0852340005707687,-0.0100197855572489,0.0390482180757694,0.0108552623257147,0.000377864341122507
0.016519174536559,-0.0542043481069296,0.0633897887154796,0.0886578433797701,-0.00192807328580209,0.0442098625006784,0.00915735313955596,0.0041917278968357
0.0220050140073477,-0.0708380293135668,0.0484446842270505,0.0887372061812013,0.0128348192992348,0.0562907909587272,0.00803978141992195,0.00251984718698346
0.0285823199032823,-0.0873454723752013,0.0541566152257155,0.0886561965219465,0.0206237650666342,0.0481680895606486,0.00465946084307669,0.00359981769749483
0.0379776636045577,-0.0963665690422145,0.0515114602227875,0.0865598750466494,0.0265548046782562,0.036928768012345,0.00440781434131637,0.00478626395381698
-0.0263452830009448,0.0174269274560683,-0.00299162628362265,-0.0426077209588647,0.17419005296203,0.0182148301645707,-0.0021489950929807,-0.0237137596013797
-0.0136173913688573,0.0358770951086267,-0.00405254715577345,-0.0407145137603873,0.174844577974901,0.0102603394909186,-0.0243830057030065,-0.0368959970386335
0.00384159239662166,0.0454325576100638,-0.0147867038914376,-0.0414550443165458,0.172843302604271,0.00485690144461513,-0.0298192505143494,-0.0471690837724079
0.00155293088187634,0.0551530111018085,-0.0271193658244259,-0.0329906344431905,0.14008881509261,0.0201044331134911,-0.0405397216647455,-0.0607017129527711
-0.0110123443786986,0.0505909594538537,-0.00286930937156968,-0.0204377916964471,0.0916127063061896,0.0100145062306719,-0.0362237054959289,-0.05832669767047
0.00849802786376993,0.0790268419203145,-0.0150844105116209,0.0126991594131104,0.058599393998702,0.0178448294272848,-0.0207245520809211,-0.0427856470950508
0.0222617822412684,0.0813667399196596,-0.0053543437722926,0.0339488593263148,0.0308200561207225,0.00901583159146104,-0.00981148721121351,-0.0305660620295362
0.0273014587560826,0.080717538063163,0.000544509379706575,0.0517049654259517,0.0151961500804172,0.0105728122804206,-0.00884935919563059,-0.020568749864876
0.0370886015152451,0.0724424606387808,-0.000724017828455489,0.0644086577434175,0.0103183521014071,0.0135754716108043,-0.00612320071138183,-0.0150197327289657
0.0384356421603706,0.055000744018426,0.00239071943080487,0.0764740724862028,-0.000991646161296504,0.0186345153095469,-0.00641277731189997,-0.0104523407587175
0.0392697099161631,0.0343404150377834,0.00564744044907165,0.0840441764935017,-0.000897582249817659,0.0226187692693217,-0.00596834346622034,-0.00586690184956217
0.0363428828679243,0.00480614765670161,0.00762173318306397,0.0864921990559491,-0.00333255992163168,0.0344322939900677,0.00137962856863304,-0.00677028800388148
0.0279126196238139,-0.0211241064387242,0.00498916795110386,0.0882135533704526,-0.00414125529637874,0.0494704128838742,0.00478121531048453,-0.00430334532551209
0.0212939378665481,-0.0502841626560923,0.00821795088687747,0.0859815645136104,0.000223562533121115,0.060922599793889,0.00931582432267594,-0.00493763204424266
0.0247256104507436,-0.0795793712516005,0.0114851339235429,0.0831939058206376,0.0122506073018306,0.059861084381249,0.00923933131680643,-0.00491915116027591
0.0359856915146512,-0.0931883110273342,0.0144047379558775,0.0797101980073641,0.0192274120290139,0.0434215232647824,0.00807332101239085,-0.00331189295933515
0.0454858908306355,-0.106927766558681,0.0133041517366946,0.0772241894759056,0.0268636964233456,0.0350332156968506,0.00770917188745175,-0.003495917128907
-0.0971352249384082,0.0303318568674956,0.0071513170798159,-0.0124355949860149,0.154008480936045,0.0411247910499367,-0.0151682930372901,-0.00438192761336842
-0.0699393872989955,0.0461599384874988,-0.00051865091202631,-0.011326191679331,0.154805103699664,0.0374662372300298,-0.0210443851114634,-0.0161167167321414
-0.0553839067037354,0.0632595954751059,0.00574437093876984,-0.00728441196639711,0.144083072200253,0.00986682535642632,-0.0248139627829752,-0.0163594734355157
-0.0330669112543343,0.0761859382906452,0.00165107734200616,0.0179207384128294,0.0873078578390281,-0.00552592085121585,-0.0221858467330711,-0.0121851426600388
-0.0182995908235216,0.0809676134789692,-0.0136121288015934,0.0252971853085662,0.06729989349355,0.010447121648104,-0.0130417050888758,-0.0171628853981194
-0.020536595720063,0.0879657635380887,-0.0125094049679087,0.0375046523231747,0.0496424901698206,0.0145342488896635,-0.0239599415784244,-0.020317737238214
0.00636645955718249,0.0872696280376122,-0.016338592034921,0.0473545435136208,0.0306697494193964,0.00347873426391772,-0.0106678380826093,-0.0149733135283168
0.0108728848289838,0.0847730708459573,-0.0173870006003092,0.0589052161869635,0.0144588347292078,0.0056105895076862,-0.0154201513391126,-0.0138041597406333
0.0180776068281872,0.07267065541371,-0.0181559057302187,0.0685442362970373,0.00566410895584143,0.004985592928519,-0.0157158382282788,-0.0120889122449182
0.0210914553700387,0.0485253692944663,-0.0216943061749059,0.0776780454571421,-0.000918631634868551,0.0140970898864314,-0.0144916862623972,-0.00851227285031389
0.0345402133559456,0.0310146413686887,-0.0265117785333277,0.0829792427398002,-0.00556295635650194,0.0184087267498013,-0.00566877195987809,-0.00620763126964512
0.0426746832565383,-0.00917277137830103,-0.0496151921457269,0.0540022228453066,-0.00209584038364528,0.0250393965776481,-0.0109081197243475,-0.0392381516385918
0.0312473191952801,-0.0336946044933615,-0.0472979610441184,0.0648184375056494,-0.00388186310052992,0.0439074505741675,-0.000623360508926503,-0.0277399072776752
0.024350814610072,-0.0474235297022498,-0.0402562195879075,0.0811463682458305,-0.00598543073439921,0.0607126569425193,0.0016594289627033,-0.0146441321912586
0.0244493391718106,-0.0775191694802046,-0.0361547876149382,0.0807781114296549,0.0063334546389175,0.0654395681434513,0.00581715782001975,-0.0105408703055901
0.0423586955495934,-0.0951832246558631,-0.0216577931684289,0.0854951427220087,0.0170237816622461,0.0371130005511641,0.0075830243189918,-0.000134118693709218
0.0617305780624157,-0.106055545160701,-0.0099237096600435,0.0874212738275645,0.0310814180874053,0.00464813036323035,0.00426433036232278,0.00949275529473146
-0.151055381633904,0.0331301519872625,0.0054938469291287,0.000689278048091043,0.107382528667303,0.0570033103260388,-0.00946629342690148,-0.000587270675857753
-0.131730956757854,0.042161456246515,-0.000179457875662366,0.00953892224484779,0.0741597858501074,0.0453208792339135,0.01430124735518,0.00322345023218927
-0.10930372058049,0.0553686293201281,-0.00416543781839672,0.0111916257943846,0.0706329559075601,0.0283140463468426,0.0089158254449567,-0.00191900922144517
-0.0763365664299211,0.0632753010209398,-0.0113339065624233,0.0185355103605163,0.0665167227791493,0.0133987378723588,-0.00994335207221822,-0.00856699193800688
-0.0593229893414809,0.0775974618731364,-0.00815228236064963,0.0304318721301644,0.041657530115598,-0.012401258415229,-0.0136139552253489,-0.00603280610458367
-0.0588977798250759,0.0809093555886947,0.00819491620337612,0.0454777822633403,0.0251583730931872,-0.0383984270712171,-0.0302580355156736,0.000959988674035536
-0.0337764625355361,0.0752954936253942,-0.00729352965090921,0.0504320464019066,0.0183344812547314,-0.0302665857189798,-0.0281888014963502,-0.00442512342269424
-0.014668176529803,0.0760572917379996,-0.015721563701203,0.0590016074739225,0.0086868158272723,-0.0244722575630989,-0.0283501915197677,-0.00912666215519491
-0.00530153574851974,0.0690224927305481,-0.0320952867020587,0.0695465464122293,-0.0018864501683126,-0.00639615592552943,-0.0256357550072737,-0.01219075600743
0.00505485566373795,0.050185922940317,-0.0403413582969611,0.0768059471960643,-0.00597064888771363,0.00243520750579426,-0.0258391695692195,-0.0108215600759384
0.0274844650756922,0.0302648313805363,-0.0518768627257561,0.0826891369824697,-0.0117482633743631,0.00600939284935211,-0.00674971734903143,-0.00735247022712329
0.0285668094958107,0.00301321438603846,-0.0549614181228646,0.0875100712052521,-0.0118085713001035,0.0202065979995734,-0.000243833837159515,-0.00485537107484703
0.0257550279127279,-0.016883455405783,-0.0702219091362035,0.088293894983692,-0.0159871144212422,0.0402612127688179,0.00322052857381215,-0.00428069053834712
0.0176183608172602,-0.0458616260809711,-0.0700367349338365,0.0888815361336472,-0.0134241432463614,0.0608118024998386,0.0104459351734458,-0.00343215274064693
0.00540459616614622,-0.0664554980662539,-0.0665544678201589,0.0892684384308586,-0.00433963622148573,0.0762014392272123,0.000638938851977821,-0.00672440622383014
0.0232931905406434,-0.0867874210315162,-0.0591809792794612,0.0879604680391675,0.00862974569546178,0.050529295084032,-0.00221157729364736,-0.00279967296094142
0.0484545881020773,-0.102591900928897,-0.0407053681986199,0.0853917855407451,0.0280040771955882,0.00299828518790205,-0.00518518247045401,0.00729299190706004
-0.202026905036123,0.0205763308168932,-0.00780318483977498,0.00146911723436625,0.0365821457318662,0.0660788747508765,0.00191834633181843,-0.00701615270589793
-0.203332536447673,0.0324967844340918,0.012893127243164,0.0208038765941056,0.0347122982864088,0.0569072850814275,0.00322561397208947,0.0120918304047521
-0.194990950848407,0.0356384806996221,0.0105891365260535,0.0238328634507646,0.0332022557770844,0.0522402137842874,0.00157557473852016,0.0102299033629137
-0.151767034940832,0.0346980397027807,0.0167970639652192,0.0336535726859779,0.0170931614427808,0.0126125074713287,-0.0083868523306841,0.0107558116782057
-0.118947023137667,0.0369752640594292,0.0187530197989391,0.0372672026935738,0.0124050500943042,-0.0229156184802405,-0.00684846577208483,0.0138141602390411
-0.0737340777299225,0.0520223508696147,0.0149377192365743,0.046335020171889,0.00777724921185757,-0.0645233734269242,-0.0128414271164796,0.0148639201120475
-0.0245750477277548,0.0705084960828547,0.0229965964384527,0.0579349296523956,0.00331248123306087,-0.137387453474858,-0.0277404458419417,0.0223580544944765
0.00504119584024399,0.0660401709583037,-0.0114709623318267,0.0599501001142577,0.00136277361648119,-0.0953133064033004,-0.0223210275400185,0.00372699876458977
0.0147961553747143,0.055219364525681,-0.0330564133410904,0.0651670241566213,-0.0022722765599918,-0.0674617666091598,-0.0215864988583899,-0.00370802416332197
0.0214912950585445,0.0411391751177767,-0.0461343302156485,0.0758554547789936,-0.00904277641591233,-0.0442813445755133,-0.0116784255295212,-0.000143700111634516
0.0245290189437968,0.0237346571617214,-0.0662212234428391,0.0792242718102452,-0.0157040228078271,-0.0199249262111781,-0.00337695874240014,-0.00260138766875542
0.0210149913021432,-0.000630748468252854,-0.0857949085434829,0.0852222631009441,-0.0194300862790704,0.0128289622484676,0.00072928217173248,-0.0029018723089442
0.0122260925789951,-0.022021529980518,-0.102744362189216,0.0786192903123596,-0.0205826932800059,0.0352808323037374,-0.00616618725580047,-0.0118011978212703
0.0186993014222561,-0.0508919572588555,-0.110637685227642,0.072236473043451,-0.0179453774733476,0.0459979428927033,0.0119054078187462,-0.0103753142836108
0.0210129884820685,-0.0704887560799144,-0.105985890934862,0.0692553211515283,-0.00812067589911276,0.0521469393568362,0.0145323981080152,-0.00838523270403657
0.0456278815213069,-0.0858624821824226,-0.0819218586984608,0.0757761578828055,0.0108480015384746,0.00978251341333678,0.00924068881459614,0.0048439982433792
0.0600233382805166,-0.101693836392068,-0.0642514088203172,0.0774657286742714,0.025488545016653,-0.0156154194573716,0.00881020517073525,0.013275942740556
-0.228898350289831,-0.00265252036090221,0.00190963725081954,-0.00311896062162902,-0.000971111211649328,0.0398239425632247,0.0101555653066898,-0.0056947169585399
-0.234277193453741,0.0165842158948104,0.00924963412508907,0.027674479961351,-0.00537476874455687,0.0525673207772793,0.0130205165940446,0.0183054012734315
-0.217476425986041,0.025170723020353,0.0149632343492605,0.037237626639478,-0.00114427290591462,0.0377081355274573,0.00710475389427062,0.0227537858656485
-0.157697291755944,0.0284411794573548,0.0108455242224919,0.0397531439166659,0.00133918882056275,-0.00433698824918421,0.00399004722643629,0.0198198258339478
-0.105999140782808,0.0314284709139659,0.0129624215566321,0.040604941498384,0.0126382798751445,-0.0649202988135456,-0.00302656590323179,0.02040120955926
-0.0624878832801917,0.0223411761175147,0.0337891296344758,0.0431721788833621,0.00700910928414124,-0.131880934015171,-0.00660602390935901,0.0261371792434316
0.000691431742675715,0.0337600044480318,0.0209808012261736,0.0460075010820893,0.01502340607744,-0.18285507218193,-0.00487545545274369,0.0254994773526086
0.0300790248375962,0.0500519165759876,0.0289450161406289,0.0570094868126953,-0.00722126816366073,-0.226483362420392,-0.0151877939461094,0.0262738889720057
0.0452342646489037,0.0429454379960398,0.000154628949938002,0.0493543842952423,-0.0136352083339922,-0.20110265308291,-0.0114169781429373,0.00858637176811633
0.0173770632996015,0.0109471439496652,-0.0482579581320444,0.0486476457901868,-0.0203368495553025,-0.106511702604467,-0.00265318440685981,-0.00575955976416558
0.0273257107954698,-0.00891899330497895,-0.0973667881061826,0.0270939211108896,-0.0139017198702587,-0.0734451283259811,-0.00409470230081532,-0.0345301264692954
0.0145001356465407,-0.0351248003044718,-0.130068003553647,0.0233146486651349,-0.0195440395626589,-0.0226346127465118,-0.000293529589153462,-0.0447935299306438
0.0171299677300816,-0.0428405104922021,-0.149236913140129,0.0423564165100707,-0.0243996427007027,0.0250341364258432,0.00610017641862703,-0.0343876819466381
0.0154554448034131,-0.0480458969598253,-0.146463313170306,0.0650928884754953,-0.0257764211969778,0.0440613275614125,0.0127465655403271,-0.0147884847145912
0.0323405671401834,-0.0618493327472683,-0.130734336121656,0.0674178258272437,-0.00937727069667785,0.0302412711852508,0.0114295452884172,-0.00802741885590417
0.01391864483086,-0.0804847680692866,-0.115555290694019,0.0718921928444666,-0.0020454744259225,0.0364460388107507,0.00868835541013683,0.00187587415136296
0.0259930005532875,-0.0915134455503866,-0.0982593677101731,0.0736758734367624,0.00793199654646521,0.0100388335298206,0.00988567181146733,0.0107290553208068
-0.23027637932847,-0.024410922122434,0.00154358697541971,-0.00975601203769062,-0.0229939604278665,0.0156202652442975,0.0160464124157479,-0.0123284446918687
-0.214436287304995,0.00456869034554292,-0.0186846376205198,0.00771110572062344,-0.0170994608810131,0.0246163479183698,0.0166378310573651,-0.00120145374446204
-0.212127332788857,0.00504519505742963,-0.0146852884366114,0.0115409233296436,-0.0207296663828742,0.0221695416162513,0.017192950311849,-0.000168192863667592
-0.179103663885838,-0.0083918824524634,0.00912388113340663,0.0110729524032525,-0.0128344046643601,-0.0404738572905502,0.00956351366721197,0.00681210352798012
-0.117854532555922,-0.00993686520378077,0.0194515006174568,0.00890332808295288,-0.0012667661724842,-0.119772850204356,0.00807148241598678,0.0113154954533278
-0.0322190843864152,-0.0289278700754347,0.0329178262504883,-0.0205799244527023,0.00539384943445169,-0.212766654495487,0.0106674161491365,-0.0121418846948251
0.0309712028576799,-0.0328080513664889,0.011521208277661,-0.0352534278420507,0.0184274274475144,-0.265536080949152,-0.00385602347077339,-0.0312733192235477
0.0401210191991636,-0.0238710883589874,0.0182424740961014,-0.0100656890141,0.00465153837709173,-0.273614257436808,0.0057493661646934,-0.0133718754015671
0.0304946988802769,-0.00703141007773476,0.00502415135220465,0.0239190717186803,-0.0142844441756764,-0.239621954989119,0.00376924644826069,0.00449718001017258
0.00860310794919288,-0.00164240942743845,-0.0101068616011509,0.0450091681113235,-0.0340881236966485,-0.204137982704918,-0.00197618298826336,0.0147110338428578
0.0116217794909244,-0.000918665011070194,-0.067103015687529,0.0421981754198831,-0.0243223341846739,-0.133274398016369,0.00129000621251642,-0.00268497197409929
0.00423582744291021,-0.0198288488311434,-0.106332838596291,0.0544340644709325,-0.0262732945209374,-0.03824936836603,0.0121430082159772,-0.00954726053503082
0.00195931618476229,-0.0421876403028699,-0.148947659454746,0.0371974330345041,-0.0231059421692031,0.00879444585977065,0.00216848983676784,-0.0355337570546516
-0.00427607097453574,-0.049991223798495,-0.157092947508831,0.0468891157714642,-0.0251349281215191,0.033536415914179,0.00759431687176297,-0.027301599633447
-0.00369618430080584,-0.0663219586393102,-0.138582565433125,0.0463519648092921,-0.0190319528445356,0.0272177162634368,0.000689248456801244,-0.0269133080013247
-0.0117800047777907,-0.0771460585968809,-0.150426279629548,0.0456864455522322,-0.0235815174808584,0.0476306331383984,0.00541129249037811,-0.0247872780486733
-0.00785528371237419,-0.0918510341814492,-0.131830097872625,0.0482393503836733,-0.0196689462745804,0.0376602166288215,0.0162147973029311,-0.0127507948740589
-0.223154808313269,-0.0542693299003977,-0.0146815992710489,-0.0404585692486005,-0.0369949495104097,-0.00840649563564584,0.0140462110975518,-0.038899518667496
-0.219361865425767,-0.0493559162114732,-0.0176957063574677,-0.0402993033291898,-0.0359025208890088,-0.0144905222279138,0.0168459131035431,-0.0373318665935856
-0.214160276774071,-0.0475003092727228,-0.0173085721948441,-0.0375902725711259,-0.0384519676731447,-0.0214623352901693,0.0160160032768844,-0.0344595161773184
-0.175904515306045,-0.0540027659787721,-0.0134692403461036,-0.0395483240967774,-0.0337381711481926,-0.064741732588953,0.021828471658569,-0.0320398391176312
-0.13197536727493,-0.0520074595123687,-0.00603371614473167,-0.0416222037862425,-0.0214643799445196,-0.124442583893604,0.0148308494023906,-0.0325373753957531
-0.0284048416185233,-0.0502061745095379,0.000223517264085435,-0.0465734531830311,-0.00164511347690496,-0.226397707495114,0.0200986789301461,-0.0324671960005546
0.0208337046064035,-0.0469642568058689,0.00320624976102199,-0.0400343820724758,0.0101046479474991,-0.267353816377489,0.0183113803840308,-0.0292830782243466
0.0431541086250585,-0.0390677380550397,-0.0115264440628164,-0.0288109128598962,0.0118778299204072,-0.268455512897682,0.0111499029414356,-0.0289944717356589
0.0265376020954358,-0.0233055682052961,-0.000556007874506458,0.0173305874186506,-0.00322875841903688,-0.237169392066828,0.0148518526688035,0.00755156397913627
0.00626450486486106,-0.00867503889313517,-0.0382766851738755,0.044407524169275,-0.0156321506149887,-0.161845844605349,0.0171044522542093,0.0144251274346729
-0.00914729787557738,-0.0144819377655226,-0.0747826310595787,0.0324314801804386,-0.0252152386683922,-0.123951736257077,0.000910203182170232,-0.0109441089776915
-0.0093402720689765,-0.0324246179904236,-0.10910376614876,0.0241324490187623,-0.0329044008097143,-0.0856790530075353,0.00533595866336137,-0.0221788327777488
-0.014070854770883,-0.0645106554565879,-0.154058383274541,-0.00196001707642679,-0.0360424742549271,-0.0279987890447717,0.00828443509883725,-0.0556118504026022
-0.00546067599701333,-0.0652769839118741,-0.185636066357187,-0.0105000354924217,-0.0227710352815737,0.0162292302289718,-0.00249822556596703,-0.0792153353046997
0.00403121470598309,-0.0750412039138432,-0.191029921665684,-0.00847008736059003,-0.020769354473077,0.0195694138285483,0.00446018959621485,-0.073196444468961
0.00198863330363671,-0.0786341432242819,-0.18736438104271,-0.00193847179644472,-0.0174154827271349,0.0254490249037129,0.00994703101803727,-0.0598008328093363
-0.00264870922586231,-0.0884195346255115,-0.168003420021331,0.00407576037303934,-0.0151014539079937,0.0195512731747336,0.0133167181133797,-0.0491516696736006
