0.183031842533172,0.0418788957373547,0.00502943218729577,0.00271540238577118,-0.00168431988203107,0.026186411477378,-0.00169994305513587,0.0198194486423387,-0.102180161116896
0.186674747602732,0.044781372542341,0.00356569549551778,0.00621782376307053,-0.000891170803205556,0.0264535357525037,0.00156015057761055,0.0180462390438043,-0.10197622524169
0.178519580767048,0.0408966015364467,0.0105146586430155,0.013451401096865,0.00201260624257492,0.0217119273221174,-0.00569687291055477,0.00945081549552239,-0.0968507346384446
0.18087327471512,0.0389928476887787,0.0102026769672856,0.0148979777975183,-0.000135511300348704,0.0160482813226622,-0.00394961038676188,0.0104808214295118,-0.0952572840209581
0.183679504462591,0.0297851647757609,0.00996173227916652,0.0197004956389809,0.000209984523448863,0.00323716582011689,-0.0108780875706614,0.01065463263028,-0.0816621922796783
0.181534144878049,0.0192959703824535,0.0241156006189474,0.0176125605598229,0.00267571241272004,0.00357076731331543,-0.0193621277046528,0.00363171576741063,-0.0793149732961389
0.177276235656371,0.00838466079431291,0.024158866170824,0.016371671361452,0.00153129053024734,0.00435247956991482,-0.0238639456516269,-0.00384992235434916,-0.0637048791060322
0.183517836241369,-0.00122225122443488,0.0287977491749927,0.00687621109115369,0.00195827897458802,-0.00100182188909951,-0.0286453241670358,-0.00201890695804493,-0.0487030684816307
0.178076251969591,-0.0105005072824614,0.0368587441132571,0.00612132673149433,0.00280031723582443,-0.000953250193768232,-0.0353907407617032,-0.000668338891272741,-0.0384629698209498
0.18241571873338,-0.0197533329080641,0.0381923022412178,0.000518830726313632,0.000956227739641251,-0.00172770761941401,-0.0375653703075856,-0.00541547862569672,-0.027223346950838
0.178316872505504,-0.0294581752995708,0.0413515211583466,-0.00246714369956341,0.00118762344638433,-0.00113591825529281,-0.0372832269072779,-0.0138017478171251,-0.0133949371631804
0.177110446570344,-0.0311118087875338,0.0380939039040539,-0.00301304142993801,0.000512856619203481,-0.00495341811773571,-0.0401345188275368,-0.0139521009441705,-0.00426876704436604
0.173977471731075,-0.0300229049994602,0.0272035769911546,-0.00343636828758841,-0.00360008768584647,-0.00462616328231041,-0.0321375527614316,-0.00853033910485352,0.0121307742268654
0.182396948405604,-0.0228128697157113,0.010421999352387,-0.00709806673252727,-0.00859400144843152,-0.00915885297882562,-0.0166902418568032,0.00354816765678278,0.0235539086195113
0.173823361271994,-0.0194289269020825,-0.00891887361700628,-0.00829857249205702,-0.0171982969042125,-0.00254189013705444,-0.0062816461363169,0.00508103696897343,0.0407513981697232
0.174518149834087,-0.00933283909449658,-0.0167689322319256,-0.0128706108622234,-0.0200189121534974,-0.00256692958528334,0.00469736816157575,0.00902602775867283,0.0531075672865598
0.176708524040784,-0.0111973933307248,-0.0247220632826622,-0.0132991192065798,-0.0208345418285457,-0.00495126815254173,0.0104951670747588,0.0198885592198107,0.0687135641664634
0.178601377253643,-0.0139908455892474,-0.0355174342944831,-0.0131615517277218,-0.0235914524763469,-0.00270770916323561,0.0169471382443174,0.0237043469730916,0.0782239469930812
0.180843426454925,-0.0112396151393875,-0.0414210781817189,-0.0134003520553285,-0.0249159035276661,-0.00364424254072556,0.0240232700745646,0.0322657619387472,0.0811619927452536
0.185454656409118,-0.00912240827476181,-0.0590244698258234,-0.0131881180818526,-0.03024411155261,-0.002102379958421,0.03394150860097,0.042448754289031,0.0808508518716477
0.190106960658307,-0.00561189093913314,-0.0684266024857736,-0.0164827187801121,-0.0287063880691309,0.00717923901149489,0.0507805136611652,0.0560004262659281,0.0787274291563602
0.0833789222862963,0.0887339966348516,0.0177283933108174,0.0196532205812956,-0.00294148847254864,0.0310599936828968,-0.00388015061696757,-0.0255503936676161,-0.0762702910331885
0.084650964830506,0.0871558419631357,0.0098604171207976,0.0283399019030736,-0.00436993995216611,0.0342888266811599,-0.000742135006183427,-0.0269067790197332,-0.0739017212021711
0.0801303802002336,0.0796469878835393,0.0211464699075631,0.0325956989227847,-0.000544105100730245,0.02654714855215,-0.0106017002717098,-0.0343071938477821,-0.0731326136168416
0.0816150948800457,0.0760585951794542,0.0172753713568226,0.0405423121191754,-0.00216022654546987,0.0257443235941877,-0.00835743108674257,-0.0339249973729978,-0.0726318848929812
0.0815818915094929,0.0685042718049439,0.0257684205836847,0.0393633840641406,0.000117589909011393,0.014943236474456,-0.0187729280980537,-0.0392869414488722,-0.0587946582663481
0.0817831616285267,0.0615024284358611,0.0285315389037051,0.0382442743838842,-0.00139482010682212,0.0128989006109658,-0.0180020198659427,-0.0366220098541951,-0.0464395387651433
0.0724123737828676,0.0490582171497882,0.0440002551826094,0.035297584386714,0.00161915879441228,0.0129092888914854,-0.0312135041245093,-0.0520005343247629,-0.0349153914009238
0.0779915497740168,0.0383583628496382,0.0425950002741629,0.0285874420186594,-0.000210029265098602,0.0100675993522518,-0.0367269366477694,-0.0467583761611787,-0.0210276054924892
0.073952909147354,0.0236733360111016,0.0499960073539598,0.0300347992242999,0.00230399740244781,0.0105561317079769,-0.0421331548929835,-0.0514809293362283,-0.0106065817167898
0.0758232710838094,0.0150284288698332,0.0585940666844387,0.0215206920753179,0.00389838216656031,0.00641218544657128,-0.0482079227567067,-0.0559876844797541,0.00666293147137614
0.0756391637671103,0.00503789088961638,0.0580907291789295,0.0142061476015152,0.00231227755168593,0.00653956445895735,-0.0481335398261537,-0.0601629336840007,0.0217564211431998
0.0765623206299943,0.00317663194612079,0.0534547226626416,0.0129947330939441,0.000997230273152562,0.0042817061301882,-0.0436311559021325,-0.0554885135498576,0.0345782804009611
0.0757052273547822,-0.00122847464232818,0.0477219459110999,0.0114602617775418,-0.00211113973958037,0.00623242872221357,-0.0396785426683359,-0.0527154653499183,0.0486942504821406
0.0824458092080858,0.0055704577716118,0.0271334577326806,0.011687201052293,-0.00694013503962305,0.0040853908956031,-0.0242337451188232,-0.0381818759390258,0.0623572090984169
0.0833779456286518,0.0069928878333881,0.0172486772352927,0.00847606641818363,-0.0115916862866367,0.00543129590492551,-0.010774865748387,-0.0340047337448948,0.0751938881484365
0.0866740583153468,0.0119397528260641,-0.00340466935080412,0.00691584212894375,-0.0198637350730527,0.0111166330665833,0.00541302161584674,-0.0240272184860606,0.0853019774118317
0.0867649126858282,0.0181367251793184,-0.0119953840391595,0.00492044023329921,-0.021108948607795,0.00621661749849874,0.0136236031510866,-0.0132658656399743,0.0994191509063801
0.0865070215143169,0.0231633668342747,-0.0316513132153234,0.00548671919532389,-0.027182829017358,0.00965655506982735,0.0268671364005757,-0.00494508443509773,0.11146903273854
0.0993128159893839,0.0205193659279669,-0.0345001310793832,-0.00154025615861944,-0.0281042737337951,0.00270378056603373,0.0331343297708947,0.00932305368500429,0.112577111093835
0.102557732738303,0.024166789023895,-0.0458095185577071,-0.00201464394082272,-0.0301902923411386,-0.00125692592032247,0.0398770631222371,0.0155777893065082,0.112365975539802
0.0990027204903281,0.0277911828136033,-0.0633161877352007,0.0014784431288266,-0.0351419617122069,0.00735856874640008,0.0515474862008422,0.0240375572559782,0.118216198693857
0.0286186690344587,0.110603878645026,0.00955584279239173,0.0310728115410708,-0.00875013184277163,0.0276012470994586,-0.0103392120818545,-0.0430624380485136,-0.0656140382090114
0.0273954985033595,0.106839870052888,0.00315993522696169,0.0434972969642024,-0.00801662643062385,0.0301963662986952,-0.00562003378787205,-0.0442893822307287,-0.0633384202933961
0.0205547371464648,0.101795885564083,0.00884806442827508,0.0548983795375105,-0.00664174308526935,0.0266866015455393,-0.0114014693661918,-0.0508028414618902,-0.059511546090885
0.0213885276234698,0.0965065227367338,0.0137902956433373,0.0567957479366809,-0.00611629871020928,0.0240675165801218,-0.0132513227400031,-0.0519342418026064,-0.0563523985306294
0.0204514120697583,0.0862498457057544,0.0246128341018092,0.0569660772122492,-0.00366805520024057,0.0164984111021956,-0.0236760973335318,-0.0557887187659216,-0.0456612252246371
0.0163912214640546,0.0771867166390993,0.0329715469537995,0.0552253206300005,-0.00399466512172205,0.0161321278283308,-0.0285352067205254,-0.0582867273973999,-0.0345270118632978
0.0129427943822547,0.0690117137094594,0.0424322588580308,0.05078254088207,-0.000877670713629623,0.00907795503811186,-0.0402302241556963,-0.0657127302704051,-0.0211406472743918
0.0116264826146738,0.0535842400504083,0.0434101146475405,0.0519973116343717,-0.00301595980613868,0.00509518048165967,-0.044796428654805,-0.058797942687839,-0.00399536286760569
0.0122131602141485,0.0357258290908749,0.0519223615289539,0.047748710125569,-0.000760334273469146,0.00765954947297343,-0.0548561563908134,-0.0663253954403899,0.00769407575164278
0.0116164712759354,0.022919632348831,0.0479173264212326,0.0452942461007291,-0.00263610031629086,0.00866997798633697,-0.0580186904574361,-0.0676841260026634,0.0281309541169217
0.0140243350151932,0.00897638622937475,0.0485735345185759,0.0381673862123312,-0.00243582404349113,0.00590157200457143,-0.06011549759675,-0.065531641963239,0.046759310192811
0.0136229383036882,0.00468691286823046,0.0469928495541148,0.0393798073535845,-0.00267966633070543,0.00543539153197729,-0.0581454328150759,-0.059895403326822,0.0606060491896498
0.0174836624227317,-0.000771240583869017,0.0472078665821789,0.0353590783130455,-0.00495220142566303,0.00593059392255983,-0.0493835203005047,-0.0580038579952706,0.0708274135932357
0.0210997309058417,0.00262769964764889,0.0347672570978793,0.0315806494486675,-0.0102599995745896,0.00637501755998346,-0.0382841161802588,-0.0515908940575097,0.0814576000986628
0.0244593859350443,0.00814774757167555,0.027929045417201,0.0267730517084084,-0.0120553792739814,0.00670188963387075,-0.0230980521468531,-0.0467624753949523,0.0927441665022778
0.0229200550753963,0.020003064409764,0.0126303087255011,0.0268351826021951,-0.0172449656536648,0.0104517147262485,-0.000164432294370252,-0.0379607817198869,0.104220772991847
0.0233992498827931,0.0306190734440524,0.000945366282968684,0.0268714449396972,-0.0194461556297597,0.00888187600635917,0.0167526696377762,-0.0240235847951773,0.113309792486525
0.0206256641512724,0.034961950332101,-0.0148522149137191,0.028355841775014,-0.0249430565693621,0.00726624676228466,0.0258930949042384,-0.0166200787096728,0.125422462816368
0.0335683996303555,0.0450498436088922,-0.0341214825012478,0.0178066365234166,-0.0305636523841956,0.00563263628728996,0.041943235638475,-0.00391547175965149,0.131138356186666
0.0373190791078724,0.045644141076727,-0.0494932873982296,0.0173525544324902,-0.0326216324985926,0.00959533071781251,0.0514004857588921,0.00788396082693575,0.129863681678218
0.0409310558185936,0.0453286380609432,-0.0550736092254298,0.014900131892869,-0.0340485466270839,0.00716279631227093,0.0537511787686597,0.0128329223945013,0.134259653372842
-0.0122488272524273,0.123697094834487,-0.000678597844964653,0.0407088447228086,-0.0125668157641669,0.0296006037980686,-0.0116818595755317,-0.0503066871777747,-0.0606716961713049
-0.0171555348694788,0.126832332640664,-0.0114376249230369,0.051568633338171,-0.0123578488973791,0.0256896833576701,-0.00999529876309041,-0.0479861446835021,-0.0511437077382023
-0.0228933313057025,0.115751619789809,-0.00859179796390221,0.0640117230301384,-0.012160254726667,0.0239588583041862,-0.0153236011984471,-0.0475145857317587,-0.0473178010124022
-0.020061082646642,0.107497638252054,0.00146533795601649,0.068142146242674,-0.00916701266909842,0.0206891977246532,-0.0185597778163499,-0.0484164166952206,-0.0468557450890832
-0.0232457364693242,0.0930313879205319,0.00445984611309385,0.0719648696430537,-0.0108058703989205,0.0149245266040128,-0.0297466669709048,-0.0492808627593729,-0.0331782135840663
-0.023799597960589,0.0772490526657666,0.0163286196008992,0.0689232658874114,-0.00770770694515531,0.0103302035932881,-0.0415485869318955,-0.0542696888073244,-0.0198398097829836
-0.0260194353582373,0.060717555106949,0.0271344488340118,0.0689618216294312,-0.00526366709746428,0.00365985263947572,-0.0536501719581362,-0.0524364001773407,-0.00823043893495487
-0.0267916415556445,0.0473117673585046,0.0362693483583731,0.063635360982281,-0.00617336920639104,0.00605981836187469,-0.059067551152733,-0.0557515415838101,0.00314059967640321
-0.0259994689883609,0.032121626011515,0.0450206930315175,0.061191397941732,-0.00552885827984486,0.00873897832747548,-0.0614719671228078,-0.0618303245970028,0.0148521642318865
-0.0244470619230035,0.014770104572504,0.0426152910046127,0.0590187200542729,-0.0069005214454356,0.00201799067187724,-0.0695437936705062,-0.0599386016178555,0.0371185358711087
-0.0233650080373794,0.00492108797806873,0.0469424552507074,0.0559357655246421,-0.005012305186498,0.00407191551799353,-0.0660700066851485,-0.0573389805639082,0.0522040029482005
-0.0242543533614473,-0.00703565602604993,0.0430979948202292,0.0592461380107999,-0.00694625730805915,0.00524485938514911,-0.0633133451469382,-0.0548569434088822,0.0692819889424107
-0.0238710235436783,-0.00464658005724824,0.044887095036438,0.0552815851604762,-0.00795072487196648,0.00706287231319123,-0.0527448781180496,-0.0537179463002057,0.0767542602456158
-0.0214894674648537,-0.00455746453283287,0.0364686011032663,0.0509806701310416,-0.0115149377552078,0.00930991159549623,-0.0408751682755365,-0.0472597483806176,0.0888440567783557
-0.0189039265136118,0.00406628086079845,0.0298345019743646,0.0446768302059224,-0.0144619286676875,0.00945098728942655,-0.0225953048483915,-0.0462046588608644,0.0996422944080292
-0.0210987416511685,0.015717714553934,0.0143154138504354,0.0436628924787107,-0.0189053753087714,0.0123802697230169,-0.00337792997903879,-0.0357604162263142,0.113012839556132
-0.0172888405038529,0.0250479355036424,0.0043072717542696,0.0428606911504549,-0.019641420717623,0.0108613383936375,0.0158574703744265,-0.0173628444851186,0.11708948230569
-0.0140017800350382,0.0389968152327107,-0.00743987006945112,0.0369773558944345,-0.0221070978358891,0.0114354592105554,0.0315703067552858,-0.0117977164120397,0.124277669805321
-0.00909950927515985,0.0445313267824931,-0.0201931310552946,0.0336121273206511,-0.0272127942165273,0.0134333154789877,0.0438943189897432,-0.00669495650640125,0.12696370669596
-0.000559346836593513,0.0421075774448859,-0.0338866970646272,0.0295156808103111,-0.0280456782824312,0.0149752478173878,0.0524612954522717,0.011871000071625,0.128590332188221
0.00215654938105045,0.0455263289358751,-0.0458078686802252,0.0287369105704659,-0.0306186757889043,0.012476641080636,0.0571924679367448,0.0178935838969387,0.128721099200703
-0.0335704727902891,0.133649838594197,-0.022304736315977,0.0398581113638991,-0.0167219230742189,0.0193883404898174,-0.0181186727079543,-0.0255045366054133,-0.051262207229313
-0.0402879304313662,0.130193038465253,-0.0276847697764049,0.0532754617503786,-0.0167471625860655,0.021213853408273,-0.0159941716325072,-0.0243138416218671,-0.0476164673925718
-0.0445987195462033,0.123198646126305,-0.0254666655043681,0.0607224420139262,-0.0172503479328431,0.0207843478573542,-0.020346171228366,-0.026904914248885,-0.0450304312845104
-0.0431379501531759,0.109450025894197,-0.0115164779527225,0.0658957976996843,-0.0144512683813606,0.0172514551111839,-0.0266111798248337,-0.0323771614128757,-0.0425815576720352
-0.0455052434981609,0.0887559042314354,-0.00394422627133089,0.0717759249741167,-0.0155947130826633,0.00915094589296539,-0.040912481467807,-0.0309763135547159,-0.0306772387321026
-0.0437853988110472,0.0740779592872329,0.00734883585179126,0.0687282702764417,-0.012149473757266,0.00649280393581862,-0.0492234997895295,-0.0302591274900779,-0.0255061788435601
-0.0445507550958516,0.0595803827618611,0.0165288906280577,0.0682562041155135,-0.0100028549026686,-0.00386124857300678,-0.0597993910152275,-0.0300379507937826,-0.0119556650029483
-0.0447859075842816,0.0389950775808793,0.0281880627195704,0.0667574197098338,-0.00709206881689302,-0.00374736068245346,-0.0685154043977192,-0.0330766163479847,-0.000156761536560159
-0.0431216480897412,0.0210147473961106,0.0368149317065965,0.065978833510166,-0.006868083069726,-0.00124583295987539,-0.0713516001260004,-0.0348151195980465,0.0100318219057494
-0.042098582028508,-0.000722478636349078,0.041566197595128,0.066869364895829,-0.00761642285735923,0.00133124690302344,-0.075834861410514,-0.0417281698128503,0.0303481029717887
-0.0385646691612605,-0.0312460857925782,0.0431336370363463,0.0698384656796178,-0.00558983497536201,0.00354366224302591,-0.0811949457499177,-0.0462012566543845,0.0518628821178135
-0.0377137208571035,-0.0438680733210106,0.0388012525164701,0.0695294377218029,-0.00702726503435258,0.0100668065079553,-0.0743985040371665,-0.047622730478356,0.0673024023147899
-0.0374423025525209,-0.0450309819012691,0.0391407360737503,0.0661091204830435,-0.0115915046247304,0.00785760414486807,-0.0665095042478488,-0.048278723015716,0.0796818504299763
-0.0325233890101148,-0.041523162641491,0.0327301427728152,0.0623825356061188,-0.0136820472529463,0.0124109168629367,-0.0477477820596271,-0.0386725961609799,0.0886612049816859
-0.0348940576721065,-0.0120118327547297,0.0275377803210266,0.0549066347911445,-0.0160600148451508,0.0148827335030964,-0.02153617927826,-0.0270885852286687,0.090250322506294
-0.0307494789863713,0.00412925776091005,0.0140745575202489,0.0520167188085081,-0.0176931492510817,0.014209602420408,0.00697972595979781,-0.00698921127123121,0.0969728659439474
-0.0302434182830866,0.0221039317654349,-0.000508048075728934,0.049736920221191,-0.0213572711285381,0.0136070927826563,0.0288063537547611,0.00620578181932692,0.104129430048637
-0.0220002869486491,0.0261643328320833,-0.00615715442180865,0.0422007763759217,-0.0196672832231252,0.0202289676039912,0.0463501043286523,0.0212968721592508,0.106630786597692
-0.0177383024086653,0.0366323900303581,-0.0164672924614518,0.0346607776811267,-0.0222845764463089,0.0211414111194764,0.0597267463071918,0.0238101181230561,0.111605465030034
-0.0142125082451133,0.0388310481312434,-0.0264158699385464,0.0300422053350926,-0.0233506157332497,0.0199190851323356,0.0657045057639073,0.0297350884662616,0.118044753235572
-0.00360638842431287,0.0409835796979043,-0.0351522456262336,0.0264343680433088,-0.0223949248564573,0.0263500936345227,0.0772274111492203,0.0467978410202067,0.106531587552789
-0.045908971347786,0.121143587959455,-0.0420647893441557,0.0347692800941819,-0.022686461964284,0.0171920213524329,-0.0236570554218874,-0.00382930110987688,-0.0372316421546621
-0.0465781832776653,0.121820639766438,-0.0410519574888266,0.0377298311647338,-0.0224293022293467,0.015998649164269,-0.0246965052773694,9.15550895462958e-05,-0.0391280947989293
-0.0471417761512501,0.11325528576175,-0.0402290171895274,0.0472943017444453,-0.0224836615698787,0.0172878181712677,-0.0231539021953305,0.00328023281614466,-0.0418683961775944
-0.0488462742978235,0.0985058581874762,-0.0263269193800734,0.0548272639037852,-0.0202866682733748,0.0155677987496348,-0.0304864825809083,-0.00381202330082198,-0.0388564973378102
-0.0529251383242969,0.0833211344426331,-0.0168592359293998,0.0627160797517597,-0.0206678699695341,0.00791858871084324,-0.0431123679975103,-0.00277663462560073,-0.0368248595473741
-0.0485650384280277,0.0606134828687706,-0.00470736925319462,0.061782951145582,-0.0169938473631727,0.000320184832928355,-0.0518770877986632,0.00441434798629272,-0.0300624115278166
-0.0478939638036158,0.0436513088967123,0.0132568750908741,0.059736174064678,-0.010919168795071,-0.00814125976920711,-0.0651795290418959,-0.0017490815679228,-0.0206012592170172
-0.0453632850044062,0.0214302901152945,0.0197364125302169,0.06069226201246,-0.0109714237776143,-0.000315904078721906,-0.0672822243974434,-0.000290932566685065,-0.0167926527361983
-0.0461032788843765,0.00210756782697388,0.0275922832623746,0.0629092664554393,-0.0114467077447641,-0.000934249374894749,-0.0740647390447474,-0.0036426677578073,-0.00350719600617985
-0.0381384100874659,-0.0251307179614304,0.0364140342327545,0.0651597952594737,-0.00743854672748067,0.00664504213678934,-0.073048531895155,-0.00202326061088424,0.0083178987973111
-0.0365866701051369,-0.0530172306287407,0.0395786341336697,0.0675362781887412,-0.00653371751464319,0.0105990992608796,-0.0758046748540391,-0.0127095504810099,0.0324420912390305
-0.0306369284164623,-0.0684280037656746,0.039889883242606,0.0642958669896535,-0.00739556918053791,0.0180505099256924,-0.0677712192937169,-0.0125543090983547,0.0412381534255334
-0.0319589967034119,-0.065970389791079,0.042204192674981,0.0659553105561367,-0.00903720351917694,0.0155088006153183,-0.0563912875031254,-0.014500857442359,0.0505141408141676
-0.0326864912765689,-0.0526561840590158,0.0377847682554538,0.0596581029973257,-0.00914385140244488,0.0163811650412101,-0.0413300787315554,-0.0093263927084915,0.0644796261489894
-0.0350372647286765,-0.0375515599309698,0.0269324046076352,0.0583350674059185,-0.0140650070608095,0.0189121138830116,-0.0199067865531072,-0.0058891153846115,0.0752184635116583
-0.0334814864624656,-0.0216409215711554,0.02069850679967,0.0570673680899755,-0.0149137427256736,0.0220818330968132,0.0101493077821103,0.0115034705731076,0.076010102262587
-0.0337942664115822,-0.00656767237870366,0.00689209180862953,0.0533306093937606,-0.0184235694163173,0.0256787822983826,0.0289706837152795,0.0192343547219433,0.0876035978899065
-0.0266520138937882,0.0146900937313083,-0.00145941287760575,0.0427068870361788,-0.0166610539271966,0.029640465543121,0.0518054229793757,0.0379033611721069,0.0849002522563107
-0.0223977079480722,0.024768084017866,-0.0121953728917552,0.0411795071116884,-0.0176473022439952,0.02781305263414,0.0660350376945107,0.0457726119498166,0.0890249598081972
-0.0162201161602734,0.0288511850749649,-0.0206684726861917,0.0344419696005043,-0.0163961552323326,0.0326652512865259,0.0771261822292044,0.0568829722368378,0.0901579287072908
-0.0127335080274282,0.0275581279776372,-0.0215365407617044,0.0295369630400917,-0.0169700423986063,0.0299172161748272,0.0766088466838314,0.0572666060066575,0.0918958067753716
-0.0447065463165943,0.115662020519207,-0.047109725200235,0.0138604959958735,-0.018432533946036,0.01255710074278,-0.025766792514547,0.0271882392767479,-0.0211307597137639
-0.0443276360859091,0.106133285695507,-0.0516457444530729,0.0184603461198276,-0.0285892088340153,0.0153453971507355,-0.0256116135702447,0.0269951272761764,-0.0327980319732361
-0.0447373711434587,0.0967871349881653,-0.044070390878453,0.0296682169880891,-0.0250062875414911,0.018472325654212,-0.0238291855888029,0.0306969315261279,-0.045054219487376
-0.0479915656823667,0.0829608214351405,-0.0365912656329934,0.0442372675328182,-0.0257187133832114,0.0135661747723355,-0.0300230730858658,0.0262319446038792,-0.0439455210955737
-0.0446743245526831,0.0632913738164045,-0.0271936790534209,0.0478560994059276,-0.0243282134845426,0.0104600017436102,-0.0373097164527467,0.0357044860030943,-0.0457475975910596
-0.0425459879019759,0.0468501542763383,-0.0132984206669497,0.0439553306554058,-0.0199834627264737,0.000157169295461901,-0.0514249481032956,0.0378981606138165,-0.0400668240982695
-0.0380140278596395,0.0262435860681869,0.0041673670782138,0.0437746781494837,-0.0130881800082236,-0.00657366196514193,-0.062618008086429,0.0373132091633545,-0.0364472384767195
-0.0399053600392353,0.00327620121989658,0.0143812849334888,0.0505257280484414,-0.0146656175873206,-0.003784072542888,-0.0669751488969756,0.0298922761645578,-0.028236890950241
-0.0383231419107157,-0.0104150071935674,0.0269404488434924,0.0516727803817389,-0.010696827130593,-0.00207932379855628,-0.0703424592245494,0.0278996726706473,-0.0195246495163561
-0.0326411231796871,-0.0368339476890679,0.033065042286052,0.0534056108122664,-0.00845394289707461,0.00665928368863453,-0.0711631468724841,0.029467740642287,-0.0103071086635838
-0.026742518400837,-0.0846794870718539,0.0355409829360932,0.0609729120425518,-0.00862574690174515,0.0119673220553758,-0.0779612047900856,0.0128864372579472,0.0127395824311927
-0.0196492526144514,-0.105420406292395,0.0361290370469177,0.0624717413854054,-0.00863581751040003,0.0180282626235381,-0.0738666748354673,0.0118360183640166,0.0239746809752127
-0.0224798473391442,-0.0962021080920482,0.0363288409012593,0.060318832756808,-0.010432836335715,0.020100095549017,-0.0577727493581945,0.00630487944704293,0.0345571781367571
-0.0243695018718558,-0.0805324240830603,0.034369177633478,0.0544919273655672,-0.0107450637683619,0.0209899126902061,-0.0405200007815871,0.0166917278469488,0.04505791549489
-0.0270055619562685,-0.0560170940445358,0.0309359297412234,0.0540682243130781,-0.0126551453349207,0.0226032960294226,-0.0161364004621207,0.0216679832258482,0.0491091789890209
-0.0261646738666399,-0.0384483575665487,0.0255562062873655,0.0529117657871264,-0.0122766915173133,0.028254619903338,0.0119858992157777,0.0362187068663584,0.0475435615276212
-0.0289645115467159,-0.0194667157878775,0.013440672785876,0.0522169927386882,-0.01369421693685,0.0301209472084447,0.0320101809252715,0.0399820551481887,0.0569399889956901
-0.0247499716045123,-0.00668842572016838,0.00738030116334697,0.0465696189174326,-0.0130864291776505,0.0276129550764687,0.0479458210359623,0.0487392660140647,0.0652247062290471
-0.0241113910374327,0.0168725004205607,-0.00316165141812996,0.0378192690159571,-0.0144292431281797,0.0307731149933391,0.0681086866213762,0.0555919402983942,0.0701880143567858
-0.0195253670949946,0.0221996266474552,-0.0127584874839485,0.0363602129598168,-0.0132644174561274,0.0323374998939754,0.0807087520574163,0.0691641753227813,0.0713942920571879
-0.0173515633033239,0.022684527693057,-0.0153162158407441,0.0337209229870624,-0.0139775731347378,0.0309081875252552,0.0819953046555362,0.0738783640614852,0.0726946183451415
-0.035186002770552,0.096473441283548,-0.0535608398861937,-0.00765218407418268,-0.0207687359042866,0.0100890860638803,-0.0306648870334008,0.0548854475551292,-0.0220742497151755
-0.034653535178462,0.0899438605203138,-0.0477479546144435,-0.0037957545307858,-0.0216566015543492,0.0122582163771534,-0.0287690112985939,0.0607880835517082,-0.0307711127391039
-0.0320618328725913,0.0747648835805763,-0.044437765586317,0.0047418713111486,-0.0236814496956451,0.011966069273089,-0.0308337984451341,0.0662791906221307,-0.0386828481741269
-0.0339116267949283,0.0640705488208029,-0.0360530343118939,0.0152734737583527,-0.023111715648928,0.00841894282101703,-0.0387082790435015,0.0640037213461442,-0.0422070567443736
-0.031680652154439,0.0468112851481117,-0.0258880961879505,0.0194783023748561,-0.0232601147079251,0.00578596554134532,-0.0449036939974385,0.0682440994959057,-0.0483058037430927
-0.0294654944679534,0.0312551328233708,-0.0182207319909764,0.0230725922345141,-0.0227951919858337,-0.00175165460932313,-0.0519733207615099,0.06778804802139,-0.0459595272470607
-0.0271241519983092,0.00862609011834032,-0.0040611908262753,0.027209145231362,-0.0192664787802665,-0.000871703226617826,-0.0617571472926105,0.0618248803456341,-0.0463009591983583
-0.0271592829600006,-0.0155431762730471,0.0116259239812851,0.0329838559652938,-0.0181083970865451,-0.00293489876655437,-0.0694455291160023,0.053972771849123,-0.0392421275195222
-0.0245974888081447,-0.0313589421399866,0.0232171917445977,0.0336485692590028,-0.0160638561220589,-0.00385759840319965,-0.0702187412986003,0.0504694866973004,-0.0325567024402937
-0.021127227763497,-0.0555887610897007,0.027337016713326,0.0390255499753695,-0.015101031137364,0.00553240645919771,-0.0678026133853932,0.0488115658777303,-0.0217171947281205
-0.0154501528989912,-0.0926167069960934,0.031837190979221,0.0442899192919227,-0.0128404250304685,0.013995976189591,-0.0728370022309936,0.0375734029772738,-0.00606779574633831
-0.0105727874134007,-0.107920227381598,0.0400315234852208,0.0411354653376237,-0.0114934674445779,0.0223721342488851,-0.0662066351331602,0.0317997638764913,0.00121767818670948
-0.0100909117416645,-0.112110701928554,0.037932559885164,0.0441951769081842,-0.0120176433516833,0.021184784118935,-0.0563190852841224,0.0291774063965529,0.0128572849822438
-0.0118481864744283,-0.099115264598238,0.0416028463497314,0.0418823116377797,-0.00903492095422559,0.0229153226448113,-0.0368451391773318,0.0368585550483636,0.0198343601134729
-0.0123636757877117,-0.0867897877762044,0.0392389154555964,0.0446081241763003,-0.00922719847585821,0.0284245938414654,-0.0128575027509575,0.0437496891940918,0.0230672457601787
-0.0203352228032861,-0.0573594032338186,0.0354542833974191,0.0472722652174462,-0.00958557387947014,0.0225451634773698,0.00949124902095374,0.0505564892248844,0.029081083754561
-0.0223198125829083,-0.0412631069181296,0.022552677624558,0.0469124176578775,-0.0110728123308826,0.027998800844157,0.0295545116724726,0.0556549088421395,0.0352043330149866
-0.0215314562192552,-0.0296729724859195,0.0134453143054358,0.0439140965552625,-0.0100741265272788,0.0327902535794138,0.0463727868012385,0.059249470952038,0.0446950099936135
-0.0214992691968315,0.00162433758530653,0.0072370955573854,0.0330785899798823,-0.0116935083703845,0.0288229447540017,0.0667958245411419,0.0655376534117904,0.0526561651989343
-0.0213041690910387,0.0245749819787267,-0.000564816450730883,0.032786629395871,-0.00914818150978966,0.0270292704378605,0.0853866850287428,0.075950970169455,0.0530475455998754
-0.0209009310448532,0.0251054553093843,0.00190427675503102,0.0310353360561836,-0.00943931595829137,0.025676822833856,0.0862626358946358,0.0765819476392063,0.0543320759948615
-0.0217421907891689,0.0868585690181551,-0.0507560672225103,-0.0335790161926008,-0.0131927221528261,0.0102218523705453,-0.0253057350994595,0.086030377756893,-0.0224357877765829
-0.0241070540821386,0.0773182335564746,-0.0482311570201765,-0.0275514769981025,-0.0205760348421422,0.00740325174867753,-0.0317090595064822,0.0760403228709308,-0.0270962799324744
-0.021127568839465,0.0638705121913717,-0.0451276560603505,-0.0208367049330566,-0.0231481176551294,0.00277048112126134,-0.0360572014367138,0.0816463143649737,-0.0352956004352749
-0.0218363631994508,0.0499546540045501,-0.0389278358190118,-0.014100064458258,-0.0238945335060299,-0.00269445471918894,-0.0469737624127773,0.0853255146062472,-0.0374281992831192
-0.0194840035096386,0.0288627714969214,-0.0304390984536125,-0.00853923655447519,-0.0229035784829538,-0.00216803701973496,-0.0549797715030247,0.0905619080099996,-0.041467120042766
-0.0173429521835425,0.0147626279989782,-0.024596205381328,-0.00473100864049502,-0.0249401818856796,-0.00243322548275409,-0.0580483034338987,0.0790143791679663,-0.0462454399395817
-0.0174267561667453,-0.00558443662212548,-0.00961893977988339,0.00308383016205076,-0.023905717054913,-0.00120430460485932,-0.0647892341058985,0.0720806343495092,-0.0458639062102617
-0.0146233885964351,-0.0278704824185181,0.00527477269312843,0.00928901467649986,-0.021682002652105,-0.00170716125690626,-0.0667836476861142,0.0600318195379983,-0.0419212043299105
-0.0131669166284254,-0.0445536373427529,0.0142317397300166,0.0156914247202714,-0.02183028118719,0.003321403945155,-0.0614618593583615,0.0577891744423761,-0.0407196090319506
-0.0104132283719201,-0.0648134168705447,0.0279151113161616,0.0198650424601387,-0.0206274192243968,0.0107079715328841,-0.0609366243051117,0.0555849053949484,-0.0387731543945632
-0.00415734571726214,-0.104288429705934,0.0321936603880158,0.0258149943757993,-0.0175828737363365,0.016857340440362,-0.0665283068210655,0.047835059694873,-0.0228978879301196
-0.00243107961824748,-0.117536443729521,0.0359171134017366,0.0291582527001678,-0.0157800404909878,0.0195764492328312,-0.0648157272744969,0.0410815375742501,-0.0131188357994237
-0.00257378067955879,-0.116560912091254,0.0388656939583191,0.0308140241677797,-0.0131127410274969,0.0179035851012245,-0.0553316832393895,0.0447959322947313,-0.00305686517138916
-0.00329338994805815,-0.102304921197559,0.0437973234344332,0.0282654148547286,-0.0100864845788237,0.0210503153954338,-0.0346569620769839,0.0506987490554508,0.00233877373026307
-0.00686823041051299,-0.0944999210610447,0.0399413464519017,0.0350581786679055,-0.0115572002365775,0.0280759112275373,-0.0112204491324856,0.0531517094379667,0.00530484304940001
-0.0133332104480668,-0.073949769876306,0.0418523098676255,0.0398755669658639,-0.00896612296297291,0.024854535103099,0.00918494223926718,0.0682894223022916,0.00642160222901922
-0.0137375732908198,-0.0651531578258556,0.0348433716150699,0.0413751349523931,-0.00859431272345846,0.0290923537118731,0.0289623107816018,0.0641336210470656,0.0154015003626531
-0.0143599222643462,-0.0356715807275329,0.0290401842880389,0.0350381530194838,-0.00733354504479937,0.0277342914250354,0.054687822524009,0.072498482714592,0.0233823339336777
-0.0174461038274604,0.0127143166527159,0.0245990767234676,0.0215354691926386,-0.00774196967217756,0.024185046948017,0.0817367829965261,0.0841752869163659,0.0237944763474075
-0.0203103759248127,0.022736448755784,0.0182255017249329,0.0206728630760701,-0.00671959847012717,0.0222551843438498,0.0867399490424615,0.0869217780157891,0.0312464616241073
-0.0184606670811042,0.0222682752368483,0.011542903946283,0.0239114574293334,-0.00898716043500387,0.0235865426542716,0.0929773008549923,0.0882355780321891,0.0357354431841378
-0.0181100524585124,0.0746559518146101,-0.0406723485408219,-0.0502654649708965,-0.00392070605777469,0.00557843354128636,-0.0317229610432251,0.094259966715067,-0.0102309737310872
-0.0147766234787,0.0677786380446351,-0.0489972884282598,-0.0536438053003474,-0.0126617063752632,-0.000582690801643814,-0.0349005767855265,0.0936076008247012,-0.0100880165128098
-0.0156562783310133,0.0548613487291703,-0.0550524818316334,-0.0456351911843126,-0.0230573229731767,-0.000640103213944388,-0.0412507488804788,0.0852990592456503,-0.019601428985707
-0.0145356317928086,0.0386509278536524,-0.0420460228873477,-0.0389969861169242,-0.0220585573597951,-0.00273923165003757,-0.0500084865415569,0.0877174322168428,-0.0238073607580628
-0.0101166072670392,0.0252082479420091,-0.0295262969711704,-0.0359889964867996,-0.0188551063151455,-0.0109771485549463,-0.059314082429871,0.094545574858034,-0.0279484313565907
-0.00676531267002847,0.00534445682939904,-0.0246461658957017,-0.0340087224305018,-0.0245405491378093,-0.0111551243589232,-0.0641740284377104,0.0857690702148347,-0.0339573162608569
-0.00724140478741317,-0.0202408443345504,-0.00981183885465857,-0.0266784593188974,-0.0300301403778883,-0.00447931647172242,-0.0704276078124901,0.0669032078132922,-0.0398122004398704
-0.0068809461732484,-0.0371234405756315,-0.00469798395519884,-0.0126447085331827,-0.0304415449450502,8.07323621742195e-05,-0.0644996223725791,0.0512725611622797,-0.039770848727247
-0.00625757635436254,-0.051802941766198,0.00127255177909754,-0.00307501160730285,-0.0275708241990165,0.0054599354589081,-0.0610479243087696,0.0470843595283188,-0.0360350637453461
-0.00496916051128559,-0.0632608996107998,0.0230094136874021,-0.00128514533687801,-0.0233551483335578,0.0134890156166744,-0.0548942447515773,0.0533008330458031,-0.0417381054216223
-0.0010484422581914,-0.0865151168724746,0.0282660793788009,0.00522442088428039,-0.0230229385265838,0.0187978571663495,-0.0521144821569154,0.0488137720764763,-0.0375968003576478
-0.000854170435722547,-0.0958404314767502,0.0396963361073313,0.0121110666422923,-0.0170452416200641,0.0227426350059848,-0.0471334640726741,0.0464678137201526,-0.0352124841904505
-0.00181436189944133,-0.0972921678272178,0.0425143133134985,0.0146105449662823,-0.0164517586296478,0.0215276696381708,-0.0371517697885476,0.0491943428113942,-0.0251520329530796
-0.00243391179536734,-0.0829624810882307,0.0443029779246049,0.0130714345801863,-0.0134227332878551,0.0264372378416194,-0.0164895412763768,0.0568815986038221,-0.0211801983580374
-7.65549063781598e-05,-0.090427529006248,0.0458992289228439,0.0173045651718459,-0.0116592057961115,0.0266484896558402,-0.00389809237513453,0.0613352591044473,-0.0123739046950126
-0.004326230222862,-0.0808757741879306,0.0455613632948043,0.0239606347371128,-0.00907956203326648,0.0248081518457185,0.0132571713191461,0.0657240157413412,-0.00762052493404164
-0.00769915112338268,-0.0678355028092279,0.0434434233063479,0.0272305399161186,-0.0101491635703921,0.0226367515049614,0.0300138794010083,0.0702756453904598,-0.00343398104607228
-0.00498364051891151,-0.0573670223551305,0.0432797831723346,0.0228363052204349,-0.00675147656507969,0.0207161546320665,0.0484714083741537,0.0718044066538132,0.00899868418628152
-0.0119783056603867,0.00600549267986869,0.0395818180489127,0.00727197861419283,-0.0066490545270771,0.0184145261126758,0.0817629714785606,0.0833246847054759,0.00769275095035957
-0.0155195182686085,0.0244243315993933,0.0334687479660459,0.00729137358838787,-0.00526271979690951,0.0162859086420688,0.0923513038261738,0.0919716140807047,0.0102082525875908
-0.0151105051465574,0.0272650148481516,0.0245653543785375,0.0101265296028574,-0.00691186224005724,0.0177031974674725,0.0986475445071071,0.0923984318414449,0.0166746606321232
-0.014245875160888,0.0694098033389616,-0.0275672795808134,-0.0739941886748137,0.00243057592390372,-0.00433433657219571,-0.0388791497705738,0.0903131057180122,0.0047748909256023
-0.0124876392923652,0.0638072274489132,-0.0462635139193888,-0.0748773772705379,-0.00719218342186426,-0.00525236411991638,-0.0407405922882331,0.0935365965857917,0.00610410560491832
-0.00821168180605288,0.0512556292529626,-0.0506340699789795,-0.0752678127165709,-0.0165771377022444,-0.00665132070522504,-0.041725018293993,0.0890738350446061,-0.00221851222945517
-0.004090185053263,0.0362380376408443,-0.0455328423571824,-0.0688469695423879,-0.0180848862159671,-0.0140417328283275,-0.0512857441596305,0.095791660602997,-0.00955112377269837
-0.000642493569248559,0.00999223884711626,-0.037996530864309,-0.0627007464202968,-0.020430497997725,-0.0137894342011123,-0.0600552646305693,0.0871703511432486,-0.0121941637291511
0.000285127648840755,-0.0139240795676118,-0.0288546217587331,-0.0576518071636627,-0.0322443801549765,-0.00703250978923763,-0.0647110327501915,0.0632210596913029,-0.0268777923155454
-0.000188963200546282,-0.0298948333458321,-0.0189528922169623,-0.0481411069152489,-0.0329739535828939,-0.00272614315696217,-0.0671478407179568,0.0472848962582168,-0.0315649207572052
-0.00270907298588153,-0.0408685084746415,-0.0150396614128056,-0.033183760965114,-0.0326411126208303,0.00150107932068018,-0.0614243739407653,0.0338222889353617,-0.0326968258107415
-0.00259476680903986,-0.0494847418822511,-0.00509150387158986,-0.0254006600519123,-0.0308727921417223,0.00740792781664003,-0.0513428993682197,0.0224831400910542,-0.0336124668275652
-0.000650293090854131,-0.0585850117906965,0.0106157626426371,-0.0211214260883031,-0.0286348256552225,0.0164093180155,-0.0443926168245703,0.0333172422972166,-0.04227642528161
-0.0027354897667851,-0.0623181486644809,0.02524525655345,-0.012380878950151,-0.0234142474644915,0.0207834890423916,-0.0369533683804171,0.0361210485846014,-0.0489878986804891
-0.00373472443836447,-0.059650931664591,0.0362845755200888,-0.0098824806263766,-0.0196359186457552,0.0273550191628174,-0.0199550909495955,0.0335779397395198,-0.0454295569540201
-0.00443311114273705,-0.056955852102099,0.0439068070513594,-0.00886242194973745,-0.0185830312421052,0.0252989325566008,-0.0098846798054374,0.0397849416162,-0.0408055290418786
-0.00541251259356366,-0.050915508122802,0.0510538860590303,-0.00875263015489434,-0.0172831820060576,0.0296003475744684,0.00516680835928752,0.0506343463205905,-0.0402816026737128
0.00056266187366973,-0.0662516998292713,0.0497733402879536,-0.00262536773089301,-0.0134316746853494,0.0264220489830718,0.0118346175304245,0.0603469060760273,-0.0288646957303543
-0.00605740307667289,-0.0565282589019365,0.050384476827024,0.00454114364566685,-0.0117416572550546,0.0279465160642003,0.0307344971823344,0.0623101732747874,-0.0243590533876069
-0.00603982713734006,-0.0501453546138821,0.0496921117915668,0.00641436959079157,-0.00946487509599229,0.0225400425045199,0.0438447408402617,0.0640059531418649,-0.0146620746325974
-0.0102470012410366,-0.0170325983982327,0.0543979281372327,-0.00103349324806757,-0.00639697920075034,0.0205038880874988,0.0673966622473129,0.068901260493006,-0.0100654537892136
-0.0144854019860662,0.016405156942405,0.053466812979252,-0.00748241861332622,-0.00740755139020064,0.015885964829156,0.0885964607084683,0.0703326659259656,-0.00924132299436202
-0.0181523441083395,0.0342347736923461,0.0555516860456289,-0.0120497911986745,-0.002875241367314,0.0159615643626056,0.0962791716468644,0.0742334191353878,-0.00148911348523599
-0.0165974135788713,0.0371167214864353,0.0502117053401542,-0.0122431199591093,-0.00396175135069221,0.0121548072426164,0.0987534319611433,0.0751624343146012,0.00145181370142014
-0.0172630030140137,0.0586566147814165,-0.0207300776550458,-0.0903190243729529,0.0043203543071447,-0.00740096760500939,-0.0433524625201354,0.0561179242530096,0.0244171415151573
-0.0110052898059102,0.0566926918022278,-0.0390663936145986,-0.0955510256647035,0.00040515327315528,-0.00783653048505663,-0.0438562182255961,0.0667521486291355,0.0260868558381816
-0.00744712104759288,0.045192359764715,-0.0385444829450206,-0.0935608411326941,-0.0047998153937208,-0.00985178042003733,-0.0450141048120232,0.0740205627086315,0.0193427577448711
-0.00310791606212687,0.0278948676867614,-0.0419565709585547,-0.0893816905005879,-0.012551187428124,-0.0123728415555147,-0.0522239509252274,0.0746116794958586,0.0107858422434185
0.00398397995652805,0.0133805430181377,-0.0396245702590605,-0.0865540923264369,-0.0119253978098679,-0.0135042112961623,-0.0538157150162077,0.0777716180959559,0.00525501518426163
0.00180727669137929,-0.0152302708789044,-0.038745946296735,-0.0793289368127026,-0.0336433444819674,-0.00291557208355296,-0.0633077580545638,0.0537272243913658,-0.011689303144224
0.00109350883166731,-0.0288205209474248,-0.0231564313545766,-0.0706746838628945,-0.0356166931824783,0.00456517350196992,-0.0584346541784787,0.0399423224437201,-0.0213644095134689
-0.00104342264660924,-0.0380212227053305,-0.0223720572944162,-0.0587499909023992,-0.0386369919690787,0.0155061026537056,-0.0474822024289008,0.0283712726793535,-0.0258223554993138
-0.000134376857735746,-0.0554885359846617,-0.00702256877827403,-0.0494980610472583,-0.036226592932798,0.0196349308721261,-0.0441246097868927,0.0137989665818856,-0.0293910578045012
-0.00126739268161323,-0.0596930582128561,0.00919690159468984,-0.042488570643415,-0.0341362773770814,0.0317399100183442,-0.0342164324033967,0.0166002641363008,-0.0362140288327614
-0.0030451633989883,-0.0478745410206343,0.0291202377666002,-0.0405565492468591,-0.0271110071918978,0.0322671777588004,-0.0180213527562895,0.0221256108425325,-0.0462842538541262
-0.00376653857933067,-0.0466840944087508,0.0368915199289893,-0.0384385704471106,-0.0255969260910246,0.0381622304942205,-0.00468909811046195,0.0182873462557316,-0.046814550045845
-0.0072689158537362,-0.0411880274225136,0.0499012781749438,-0.0348680249536546,-0.0228319571015356,0.0384625136860436,0.00647834003014638,0.0191258522346863,-0.0431870113329796
-0.00860084322627392,-0.0322041554276017,0.0616368222838527,-0.0313681011103548,-0.0146977754416627,0.0360313205798122,0.0210091350701131,0.0267374358901581,-0.04352911930273
-0.00914971329382524,-0.0238536809607117,0.0628823195332158,-0.0273141828220154,-0.0130010368575299,0.0313267199684122,0.0371500023330773,0.0403260645861179,-0.0424112189494525
-0.0124354081484373,-0.0134264921952953,0.0631516045673536,-0.0253767490118493,-0.0128521829454021,0.0346460077640092,0.056209959175905,0.0454009375654759,-0.0342219204845236
-0.0105226238742369,-0.00531722686401613,0.061908540475767,-0.0226313821419663,-0.00935985034852198,0.026768199927116,0.0710456826066035,0.057432983013186,-0.0306639636592764
-0.010399046877466,-0.00424909851804777,0.0670675642114295,-0.0207140468878566,-0.00688888946727908,0.019172372579357,0.0805835377640662,0.0518613409517457,-0.020907904614475
-0.0144528993545946,0.0239061052143966,0.0690608457781335,-0.0249450292164059,-0.00639410321177506,0.0121860983448847,0.0948217211086705,0.0555302351077591,-0.0184935384437507
-0.0192300005322172,0.0395838983711299,0.0733605711186624,-0.0277041727708295,-0.00312818322639642,0.00664064532879744,0.0990179785799549,0.0570095174315267,-0.0141406144926898
-0.0170301335047276,0.0378328339574554,0.0689562105580055,-0.0279264797523154,-0.00350561900435984,0.00173274643632077,0.100017379123548,0.0560409131102485,-0.00499163361792851
-0.023392690123958,0.0516924847303172,-0.00767857297327319,-0.0998395388852858,0.0133786541326704,-0.0079309634813231,-0.0427133294075764,0.021441372928031,0.0412991389094967
-0.0158046860312898,0.0472380299149324,-0.0280213409043854,-0.113581187996005,0.00672763970638748,-0.00224997107538321,-0.042329137387571,0.0288043635177979,0.0473674375890995
-0.0147100490813884,0.0348050961855467,-0.0365967380680269,-0.10602095716765,-0.00385714109080981,-0.00211114555978965,-0.0444918464194304,0.0303023229810028,0.0381240014854359
-0.00405803420095162,0.0148202341344092,-0.0474314320074229,-0.10322696376819,-0.0145697292389609,-0.000768582381773225,-0.0468372968227527,0.0357712257444068,0.025097023497083
-0.00495241915189703,-0.00187557706547358,-0.0453144847126464,-0.099776765359341,-0.0238680872292189,-0.00128535650634012,-0.0558003009791072,0.0214820800356027,0.0209219563061494
-0.00399577226849228,-0.0200207023000854,-0.0422550860727207,-0.0964011750002453,-0.0356070706655632,0.00292402987360367,-0.0586283984602089,0.0179381256075081,0.0102321440283444
-0.00591555738219756,-0.0280969296785873,-0.0298448667848276,-0.0878980141465922,-0.0396751295353958,0.0177381797020643,-0.0487341814353013,-0.00211158679200782,-0.00402400531336405
-0.00797129681138249,-0.0372960503583351,-0.027412042198638,-0.0734091834337382,-0.0417156888483956,0.0285407452890378,-0.03616148120656,-0.00682942247579816,-0.0137193869398727
-0.00626218136422327,-0.0525078002803639,-0.0133237200736817,-0.064468679522391,-0.0383611722522833,0.0352292503171938,-0.0293416247897775,-0.0121576834207702,-0.0177766408428906
-0.00706587344185843,-0.0538356194567085,0.00416981505601567,-0.057007842132176,-0.0362379583934024,0.0414299560957165,-0.0197240716315609,-0.0139497187937723,-0.0229193409828949
-0.0111213101078004,-0.0434696229782767,0.0215538050364514,-0.0532669897701793,-0.0321225606345617,0.0439381666534808,-0.00444766864725873,-0.0159568884598932,-0.0343118682705415
-0.00896463417746043,-0.0368984210808074,0.0393772335581082,-0.0564858928750447,-0.0280011828367996,0.0452358992986845,0.0117171582952822,-0.0200906650424028,-0.036062880393566
-0.00901114754486154,-0.0304921098021248,0.0592235814278795,-0.05458805214759,-0.021920246487194,0.045030160296401,0.0266084650917686,-0.00981457901373456,-0.0433308464370774
-0.0103638215133537,-0.0181944859617694,0.0646384669836681,-0.0481814589113734,-0.0173506294923402,0.0406197595440102,0.0423203534968756,0.00238921695408033,-0.0486646121593329
-0.0150647520710782,-0.00510799778062676,0.0685983719938603,-0.0468704968191167,-0.0142043007280782,0.0339958705511501,0.0539653308382857,0.0126774384222041,-0.0404174604428183
-0.0155561785068787,0.00339090013841762,0.0727166984887707,-0.0439122486261829,-0.0106317231606639,0.0323729684930488,0.0677607840361436,0.0219633337633729,-0.0396995978516463
-0.0152091148599553,0.0129851425616519,0.0719238531807934,-0.0381541458273784,-0.00731615472958134,0.0235375238988858,0.0824616917077246,0.0318035384360368,-0.0355452376897899
-0.0165246437988797,0.0223127619869653,0.0824400700225308,-0.035870121471764,-0.00399269735118886,0.0120089982812024,0.0884767124146018,0.0361679094921404,-0.0317507547455073
-0.0187480274512067,0.0350833051217635,0.080924361180056,-0.032491017770105,-0.00144691804052296,0.0011716304827162,0.0945345272405021,0.043220092650393,-0.0265434513777044
-0.0205943985298866,0.0463710714313824,0.0810725604689758,-0.035138764246683,0.00167369160874215,-0.00609013970674881,0.0985494516344655,0.0481664204785384,-0.0202197588451969
-0.0188372800776279,0.0423606878730912,0.0747479828824841,-0.0337804427354564,-0.00141857122868569,-0.00748634484830334,0.0974948799141713,0.0450706280747879,-0.0131252803602258
-0.0279524241927248,0.0532890029013568,-0.00347239843328093,-0.121347164073848,0.0211537956813665,-0.00805077785003178,-0.0419712438903886,-0.0178569585280741,0.0637788222458225
-0.0233288870870739,0.0459148591199621,-0.0180207170705898,-0.128593529488909,0.0120097457395023,0.00252691507202489,-0.0405010509114506,-0.0201894852356285,0.0610276823607513
-0.0214667913382766,0.0347536417732045,-0.0245671109338999,-0.121997653811787,0.00108360801892153,-0.00314644569848928,-0.0444878846382733,-0.0115675661398731,0.0563460192985917
-0.0143401068014643,0.0151038348506303,-0.0420924728070167,-0.112930365198596,-0.0161652062690548,0.00221547972852612,-0.0450372577447552,-0.0162694086706952,0.0344443537351797
-0.010977677009899,-0.00288875695695569,-0.0515093141359691,-0.103088543149706,-0.0207969818096251,-0.000107308396247547,-0.0512462605833023,-0.00823365780120063,0.0341897274343699
-0.0145563653635318,-0.0177613506654349,-0.0452843735027644,-0.0964958418250288,-0.0306736833373413,0.00777418654087093,-0.0531032500116068,-0.0197915569306383,0.0260551787851271
-0.0147054343381415,-0.028911536974629,-0.0414192042826162,-0.0846303571800989,-0.0381241671110355,0.0260116401420996,-0.0383361481549001,-0.0297397160839866,0.0104394438701962
-0.0191836530017151,-0.034923785567741,-0.0355430683677183,-0.0640351506826913,-0.0434969138721995,0.0511573424819732,-0.0135716988325828,-0.0415699364865829,-0.00696630143107724
-0.0215116068254443,-0.0457038753625217,-0.0171871957741075,-0.0524236946359091,-0.0426703638860945,0.0661873570548303,-0.0015886837346458,-0.0558105262755309,-0.0206699647554876
-0.0209578387790429,-0.0446244856745173,-0.00629042069225118,-0.0452602931381704,-0.0431115456078561,0.0650724567238162,0.00776988375678105,-0.0597638216008052,-0.0283020491433201
-0.0201054380459218,-0.0379488993751429,0.00840463548776323,-0.0464784614846019,-0.039326705632876,0.0645354762188206,0.0229677257422817,-0.0626584732851483,-0.0293304418940834
-0.0122994188223512,-0.035547087352341,0.0340093344251734,-0.056913581896089,-0.0278449466881748,0.0450957780780268,0.0196407481571676,-0.0517364507180097,-0.031858206764034
-0.013546955916219,-0.0294053373370045,0.046476419875619,-0.0544099771804914,-0.0235426761600517,0.0384156082846489,0.0306948021624506,-0.0513483686709486,-0.0333753793438953
-0.0127805496326375,-0.0131146900049738,0.0633201614703136,-0.0541890888229002,-0.0141804181812016,0.0285483790908657,0.0447851263534042,-0.0379226080596288,-0.0371507552160067
-0.0137315694692865,0.0059384494769478,0.0675667639201206,-0.0504221366808597,-0.0121279526648938,0.0264461470535376,0.0652833296278873,-0.0251143943923253,-0.044726123568088
-0.0109032396799229,0.0114717737918137,0.0730067161078061,-0.0460752419645214,-0.00748694485624722,0.0175309233234759,0.074701713472769,-0.000246428615572315,-0.0461844999151313
-0.0129825522311985,0.019520425572784,0.0776321828154068,-0.0440354164216735,-0.00426078495504558,0.006239303156318,0.0830634391555326,7.5496491656701e-05,-0.0413591331758124
-0.0175725759771902,0.0254883800277883,0.0833153235729792,-0.0366260870598514,-0.000247606159770024,-0.00724594373300432,0.0842093696695307,0.006661480306699,-0.0373925130106367
-0.0207829283352314,0.0319041322476558,0.0845895064675465,-0.0314594362897986,0.00100508235298493,-0.0141170446713704,0.0884529774684007,0.017222763032669,-0.0334234539636344
-0.0235413930096077,0.0451807046430073,0.0844933812071687,-0.031528799326424,0.00322785944414514,-0.0261161220400223,0.0891150078866698,0.0221453629936957,-0.0229258705938801
-0.0254830086887935,0.0430526604220574,0.0737077424043171,-0.0241382541860873,0.00314785145158983,-0.0324236909891244,0.084694290176145,0.0260637064184125,-0.00944883945661312
-0.025511689068254,0.0434001935617292,0.00674588424389117,-0.12571903655023,0.047974909745466,-0.00448821458027217,-0.0451455705305823,-0.043814716579938,0.0741567678010117
-0.0243942813044776,0.0326377233080795,-0.0104725659183605,-0.124872794797833,0.0299473162651419,-0.00522878668619225,-0.0484169873180701,-0.0389871385270189,0.0708235226048158
-0.0184409500964873,0.0192968270479521,-0.0323978499259507,-0.11478674332549,0.0103408038992896,0.000356339436633939,-0.0440133080303121,-0.0335381877392903,0.0533376367279079
-0.0168818178701641,0.00586487571640494,-0.0438762413259125,-0.106254411141972,-0.00576409148210815,-3.07295456437612e-05,-0.0485405993254863,-0.0357992203684716,0.0438042594781957
-0.0137790030192013,-0.00748000043042599,-0.0556596506506749,-0.0982117441499898,-0.0175963427258872,0.0022762721254538,-0.0471555318807435,-0.0374979135393385,0.0343180292307375
-0.0159568313072964,-0.0188595527720004,-0.0581823441597755,-0.0876221565949249,-0.0246512778981731,0.0158397997628959,-0.0367264627160331,-0.0395599527053613,0.0250249677339621
-0.0211297396950249,-0.0241893650158386,-0.0534564447509811,-0.0699391649229243,-0.0310550124759749,0.0314987895978338,-0.0219547645519452,-0.0498462406201863,0.0108931793099274
-0.0211599654116894,-0.035220300115915,-0.0498076251027944,-0.0483224757943502,-0.0366406222483699,0.0593369203401382,0.00259203894726665,-0.0620634305832975,-0.0116628460097385
-0.0203819194456813,-0.0490337853427269,-0.0393154439953489,-0.0386612304948614,-0.0392711779393303,0.0708644565774329,0.01302083753177,-0.0786323343751453,-0.0199043574407628
-0.0199937731667774,-0.0446384466688101,-0.0138048771298925,-0.0391241373527194,-0.0371715322800979,0.0640539381381151,0.0206549929028946,-0.0879377553721707,-0.0280803966390563
-0.0191490286210093,-0.0289400024194514,-0.00322412719240467,-0.0412537277208534,-0.0336181170345376,0.0575808178661507,0.035663305244658,-0.082438696814969,-0.03039884295012
-0.0171783548532504,-0.0293234108144737,0.01740010424419,-0.0434045041896403,-0.0285871860256842,0.0550653542153667,0.0429827496140015,-0.0843506384030611,-0.0346917028431113
-0.0181604199637859,-0.019682661407438,0.0308174019719618,-0.0430489314078642,-0.0237539524453426,0.0353222192015462,0.0476888254527625,-0.0677689006236072,-0.0296422424647515
-0.0170616051916129,-0.00780527335854362,0.0475603281479187,-0.0404155624901522,-0.0170582398099285,0.0262188833862074,0.0563806955386925,-0.0626026423938,-0.0419409211196846
-0.010706265942343,0.000408681451263446,0.058836044253866,-0.0482988324071242,-0.0143222619060514,0.00921396555762321,0.062333296105823,-0.047464399737664,-0.0421379714991879
-0.00687962863610689,0.00954456141706645,0.0744396424010532,-0.0496571241211808,-0.00737635524467967,-0.00558379935368828,0.0697132559876996,-0.0319660223057843,-0.0444465081826041
-0.00456697415836258,0.0118931201891676,0.0835041609664065,-0.0526538566905635,-0.00336123337826601,-0.0161753192866324,0.072324995780724,-0.0270851853777594,-0.0444126568322233
-0.0118682447800809,0.0257860244962668,0.0881547992235526,-0.0473430215385786,-0.000393085609280166,-0.0270618013223795,0.0753002309428737,-0.0222093592185304,-0.0427701862687593
-0.0181467372690712,0.0322277120884756,0.0794926544886505,-0.03412436686905,-0.000587338970438632,-0.0397329361728083,0.0776396253610149,-0.0035028496158351,-0.0321281589034962
-0.0216745026631145,0.0397689294595211,0.0836966348486648,-0.0311216660305136,0.0049862008552189,-0.0498292450594082,0.0741804123873032,0.00343706310856112,-0.0192317206390339
-0.0230739138662792,0.041570661542935,0.0709889407758741,-0.0270378661102257,0.00456244134291776,-0.0548251404480786,0.0737155562408615,0.00999163759608063,-0.00470377297375819
-0.0189766438859577,0.0267504715166454,0.00180811651366679,-0.118041996903978,0.0733283413035037,-0.00109706190115697,-0.0505504364025738,-0.0557413865021045,0.0739720239292403
-0.0195436410180387,0.0173174887060325,-0.0110365335798178,-0.117802970120251,0.0484552819068828,-0.00167154392085682,-0.0513143355642243,-0.0585336614987918,0.0678030951469155
-0.0155715773554983,0.00611172114042635,-0.0223668568483578,-0.100430334006787,0.0350476263970969,0.00319736718458721,-0.0406893574339733,-0.0445353770042781,0.0475028629287698
-0.015018190107051,-0.000585052403147429,-0.0420452808753341,-0.0919995986937614,0.0160643315151868,0.00972339209320676,-0.0346567381454971,-0.0448818778218992,0.0386195463298853
-0.0125977740496613,-0.0152265676248313,-0.0584231218532772,-0.0806393587809024,0.00408102004068079,0.0148284979269703,-0.0305105463560325,-0.0407295311439235,0.0296175626648505
-0.0102583231831441,-0.0252639055809826,-0.0626986217405994,-0.0705716871610834,-0.00416646892216161,0.0213903315685099,-0.0235048535795729,-0.0365103129252787,0.0194895263190362
-0.0155256515356307,-0.0307209884666698,-0.0688116675696776,-0.0575087246171031,-0.0180721417956948,0.0376398711479398,-0.00939449096037844,-0.0548760180348477,0.00851771769467505
-0.0224368329407259,-0.0418808893621433,-0.0656926012754599,-0.0288939882381771,-0.0287358141894538,0.0768307838655046,0.0220522200354641,-0.0752649844512715,-0.0151508354325675
-0.0215654388945366,-0.0517227887314927,-0.0511615422776946,-0.0148872470294319,-0.0318060271303109,0.0853055723016971,0.0336093919016087,-0.0900107146891149,-0.0335132427353808
-0.0177308448144802,-0.0484627282758795,-0.036943155102547,-0.0163896581644422,-0.0335323751959463,0.0781858059281687,0.0442676831410683,-0.0959712446342051,-0.04080231175519
-0.0174278316753352,-0.0407047911083358,-0.0276860343276223,-0.0208633087313547,-0.0336512725281164,0.0680798078928182,0.0513984475186663,-0.0922745565642452,-0.03908506905922
-0.0176356532891521,-0.0371375631214177,-0.00945138123707142,-0.0232293547983469,-0.0250932020590214,0.0436774783949878,0.042473826805184,-0.0859543150708796,-0.0309124971753278
-0.0154199338759626,-0.032796010177644,0.00604046423774158,-0.0234708146697642,-0.0200118911480488,0.0215231021112505,0.0427431154687882,-0.0752881979398402,-0.027794692364362
-0.0176306939086977,-0.0223744923655165,0.0157326285126914,-0.0257553591154022,-0.0215741452228274,0.0118835832153745,0.0507496678174543,-0.0742487776638689,-0.0272279512858176
-0.0139808285148042,-0.00978546049172328,0.0294961003111152,-0.0289328604059114,-0.0177318954246616,0.00139239897251938,0.0652518841090712,-0.0630488585658465,-0.0345508351644509
-0.00911235223803693,-0.00402714956810902,0.0501241665946238,-0.0403243037821072,-0.0118906644573989,-0.0217632036053578,0.0575925099833449,-0.0520156052504383,-0.0331782341030419
-0.00115868732914916,0.00154640048937427,0.0740732326339159,-0.0559032507544936,-0.00629935635728876,-0.0423030769223666,0.0584464835493546,-0.0443184342543915,-0.0330010193252768
-0.00836069864834946,0.0132275121021899,0.0899583405929064,-0.0521559425256442,-0.000152070739102576,-0.0522745126904878,0.0582644971774229,-0.0399912181248273,-0.0341112592808288
-0.0160225983797241,0.018012175982833,0.0781970870864467,-0.0396049746747367,0.000212443449738938,-0.06291302877533,0.0556511429582588,-0.0282287699958959,-0.0179965963624269
-0.0159536050193653,0.0297799925184581,0.0828642020543109,-0.0342153369672483,0.00615935460705606,-0.0847649994325936,0.052804828327152,-0.0137949097953907,-0.018560948191226
-0.0209127803542809,0.0296812209926847,0.0664323644710466,-0.0246449271862877,0.00483154362715121,-0.082616465203029,0.0524991322211256,-0.0055021029852656,-0.00201220660570491
-0.0195559582310015,0.0190855633120642,0.0195189178355043,-0.0982221085612818,0.121120095298551,0.00211424752782916,-0.0474610014916914,-0.0527857307468429,0.0689054248030373
-0.0143909318267444,0.0106205015459338,0.00158390630580331,-0.0949756142356656,0.0956071476667116,0.00384140495581153,-0.040716384769722,-0.0455601133467414,0.0592497075881507
-0.014060810869258,0.00358592685127339,-0.025757204657938,-0.0736907239061262,0.0777428828949989,0.0145448627523196,-0.0267596890781483,-0.0347270185542783,0.0364544579703199
-0.00921248605663728,-0.00279081505621089,-0.0360925775536615,-0.070787401759097,0.0561771643138778,0.0143623386088402,-0.0232368013513003,-0.0345670325703579,0.0242986827174336
-0.00209700139231769,-0.0205178473841049,-0.0527873004063116,-0.0560457681804814,0.0463230176692583,0.0254600742795579,-0.0135732385316326,-0.0313177857013295,0.00784862460149242
0.0016419235831899,-0.029224313696814,-0.0618182298647086,-0.0467168925321708,0.0392190877124525,0.0358799226378804,-0.00276111042011426,-0.0297217493030174,-0.00441231110443797
-0.00539787773171313,-0.0375081778571093,-0.0778524728521525,-0.0437818769385216,-0.00541099981175945,0.0387907414335257,0.00163558406671894,-0.0446189749555199,-0.00505034463521414
-0.0148977538871149,-0.0442381761416194,-0.0718578620896332,-0.0194904578724394,-0.0169357471691091,0.0635698829524581,0.0262767115703607,-0.0668161401435792,-0.0218217537178254
-0.0167869969418285,-0.0463195550276207,-0.0649733566711988,-0.0110987725173815,-0.0265650580617236,0.0672721485348373,0.0380504871658068,-0.0838054237821644,-0.0323897096940117
-0.0167802338043231,-0.0478417710471887,-0.0554805014549925,0.000787647568036494,-0.0230897865940829,0.0729574642294804,0.0526719793430953,-0.0910114238470398,-0.0450481148138181
-0.0178377103096601,-0.0428648974615732,-0.049004099490713,0.00100690984429401,-0.0222481004868347,0.0617819466502734,0.0559272221674834,-0.0859586992119974,-0.0432566615182445
-0.021666608128895,-0.0341764565404579,-0.0395497300284906,0.00332850119323299,-0.0226058290718392,0.0439201247413761,0.0592415362358737,-0.0908099393026434,-0.0334714319928953
-0.0191764900576989,-0.0303104394065087,-0.0242631148471035,-0.00555310337606609,-0.0252859911396848,0.0148616273539251,0.0508787647793761,-0.0887167489659761,-0.026454059087692
-0.0219045636812529,-0.023246581209,-0.0113195860174767,-0.00613232532077495,-0.0255484212359101,0.00593409290984297,0.0571364627599922,-0.0890172009671657,-0.0202193901315711
-0.0187658601349854,-0.00781500151797647,-0.00241814783639773,-0.00431430599966813,-0.0264377047727732,-0.0139818238634306,0.0667257173308738,-0.0749922382174992,-0.032755419091959
-0.0131864858113291,-0.00477997005804312,0.0135687779087927,-0.0208261417866447,-0.0217138880601004,-0.0374091761027155,0.0591251423619922,-0.0523633947065662,-0.0273765091586319
-0.00626892606453809,0.000479199046129373,0.039551341878742,-0.0426328472634139,-0.0160717721698685,-0.0670548083625953,0.0514584879606063,-0.0466248175061191,-0.0180380804182861
-0.00473101679373034,-0.00137111139267562,0.0759359994864555,-0.0472175062992894,-0.00166919799644349,-0.0857854036809276,0.037961078361653,-0.0468417347965581,-0.0230344079896719
-0.00760894366516071,-0.000113339251358897,0.0798544833403959,-0.0416815159715552,0.000212171709708222,-0.0903948669577601,0.0354672205049116,-0.0443939293720853,-0.0166409223724725
-0.012918482521817,0.0112338699170468,0.0787902741245566,-0.0308770023163991,0.00531070156278496,-0.110159885848512,0.0284050296215602,-0.033505918494957,-0.0137559168588978
-0.0162357526263479,0.0181798507536344,0.0682168940287773,-0.0262486647380495,0.00846812264464377,-0.114448801250083,0.0271506413171823,-0.0210677866143389,0.00256028220080206
-0.02581675278454,0.013062198306936,0.0431684211245679,-0.0857101895662908,0.161507881308756,-0.00143046667866174,-0.0557175823408272,-0.055034223022271,0.0777737350980282
-0.0152415239206575,0.00564264398610638,0.022633973094443,-0.0676480733711183,0.162520234648828,0.0159124170228072,-0.0326539767333782,-0.0315480513881653,0.0526304464458872
-0.0110209272661505,-0.00133034894126214,-0.0139991289457979,-0.0334202289786038,0.143902036494561,0.0270903099229436,-0.0133314770067245,-0.0112982268168705,0.0178499938228076
-0.0047146105331118,-0.00365309520828147,-0.0260831830290707,-0.0290307010017145,0.124355090652324,0.0297629079785042,-0.000379421878092132,-0.00770217452889132,0.003714353023892
0.00374283402772449,-0.0197518670862346,-0.0465966051194025,-0.0207184411093691,0.102364426620122,0.0341770983375563,0.00398411721592432,-0.0106016879162046,-0.0132084489745117
0.00516849109471613,-0.0265786881568875,-0.0561485547702337,-0.025165255355617,0.0703226684902679,0.0356786959440589,0.0104238366443292,-0.0161754508037092,-0.0178150925298351
0.000751315235332995,-0.0330267991867329,-0.0726476470731116,-0.0157682012671371,0.0398129473174492,0.0423616653033721,0.019907787367218,-0.0257365893396158,-0.0271732353724372
-0.0107146073891171,-0.0396129144735637,-0.0791147156438136,0.013576067635482,0.0256198515627715,0.0648609481221082,0.0422538063762987,-0.0471150738363822,-0.0394872046905534
-0.0156969503016428,-0.0449986990362767,-0.0821332164192621,0.00798849676114492,-0.010956819577007,0.0590604124736259,0.0439508176462857,-0.0694880668658362,-0.0354891277078997
-0.0219848805275862,-0.0453516120707713,-0.0825617600929301,0.0180864163677231,-0.022367385856329,0.0574872369918844,0.0527345831587668,-0.0799061494042709,-0.0358684373444715
-0.0246527912152831,-0.0400555521744426,-0.0770777056295472,0.0203775869873997,-0.026284986243743,0.0437646444451852,0.0566639271376253,-0.0803452392998049,-0.0331847002939586
-0.0227525684852159,-0.0345559350476359,-0.0614417421907629,0.0231003164873725,-0.0168740206151552,0.0299951727743019,0.0611527369362617,-0.0830123641583088,-0.032230986320944
-0.0205449608269856,-0.0261649445000697,-0.050137266634692,0.0131412574822756,-0.0248180109662973,0.00246161239389571,0.0556372374765628,-0.0827577559064577,-0.0257045123666115
-0.0244835869545415,-0.0221008262104493,-0.0478083825256892,0.0182116455076048,-0.029046418486354,-0.00764039008852287,0.0622520285094514,-0.082805316518057,-0.0188965211594628
-0.0237659497068791,-0.0151890705841343,-0.0487016383614784,0.0113957237875329,-0.0409666762467177,-0.0332682146218746,0.0620400155333849,-0.0686038571537783,-0.0109973673766019
-0.0206360825327313,-0.00876823193979089,-0.0169006901017724,-0.00974645864656754,-0.026824602960729,-0.0759171269158661,0.0349279064008203,-0.048578679336433,0.000867534862698948
-0.0150210548036976,-0.00756963845599528,0.00301355395578693,-0.0209129519000621,-0.0230590713484406,-0.096196322611848,0.0353268811933029,-0.0371862055217365,-9.80249499231518e-05
-0.010907297139327,-0.00160676549510667,0.0410498989701902,-0.0329316035077564,-0.0106715151768476,-0.1090584889406,0.0316896376744202,-0.0399825650003647,-0.00680249670466542
-0.0106580948608939,-0.003682843329281,0.0586631320477668,-0.0337221984395772,-0.00516435565235949,-0.123806810524801,0.01918163341665,-0.0429234725000741,-0.00678434475456172
-0.0130993836889666,0.00654340829829982,0.0751336526014782,-0.0263084228183137,0.00472590732177618,-0.153291708676989,0.00452134876081927,-0.0376592312870744,-0.00818952647417626
-0.0129291085767381,0.00460882726257262,0.0682838370688695,-0.0181757282906911,0.00547811859313939,-0.15736267723111,-0.00258679373685961,-0.02917149258343,-0.00831246699050918
-0.02523270604749,0.0119802364681806,0.0489170893890654,-0.0313747426049443,0.212889080921169,0.00327612647804903,-0.033902379201345,-0.0281866070410762,0.0493757429673459
-0.0217496868662777,0.00810432548934982,0.0347438128541083,-0.0398595130077008,0.190468311136945,0.00948399236335953,-0.0297370247532361,-0.0263762471759729,0.0458869823396717
-0.0135118864591602,0.000768962303257981,0.00113291835332138,-0.0168318214068352,0.170486091367177,0.0194028213235552,-0.00850230258712737,-0.00863471051717733,0.0142200359438696
-0.00487630098162231,-0.00538733435157087,-0.0265794711483849,0.00174002789400672,0.158929800017291,0.0277488754034077,0.00877876494649943,0.00729182283737574,-0.0108417769225348
0.00423187555927833,-0.0173768579881133,-0.0417639871615295,0.0078075094011008,0.144114685149555,0.0351323646932638,0.0181799406712427,0.00878718517069366,-0.0240505061259958
0.00557920987475184,-0.0222407492305347,-0.0523051695924869,0.0140805262187412,0.12309192800056,0.0404435358391882,0.0321653604885937,0.00779243079953206,-0.0319460504022724
0.0061404642320687,-0.0276146479426583,-0.0770111042492553,0.0157533644674638,0.0878477207291897,0.0384381245228512,0.0344986311504512,-0.00518288799280479,-0.0393535422668825
-0.00508024543885478,-0.033007401593347,-0.0917246947093297,0.0170585759968857,0.0348762357415675,0.03212376456883,0.0374500758968508,-0.0231409847706551,-0.0335035262699838
-0.0113565786281858,-0.0404632801334523,-0.0972387955022179,0.0193240025558048,0.00248883774770025,0.0233747086901083,0.0367984035883996,-0.0420362453642371,-0.0320567791367307
-0.015341894584342,-0.0414519535728662,-0.0995263066654634,0.0326893129104177,-0.00535246698088094,0.0168786697697582,0.0441222367409268,-0.0474344781280027,-0.0323883791423418
-0.0146497690870191,-0.0454386079497284,-0.0915750947134948,0.0359398429061787,-0.00695469408366518,-0.00196186789062048,0.038607214920274,-0.0463987263232654,-0.0305490015089262
-0.0200861201603613,-0.0361981067396327,-0.0806690287528446,0.0408643995651789,-0.0125282149345514,0.00563567466390435,0.054371363004964,-0.0697007044147433,-0.0354983154223845
-0.0224708129230098,-0.0333246044241413,-0.0711123757310449,0.0356662294414645,-0.0262265787498182,-0.0203360267150914,0.0497718250014952,-0.0746649736851245,-0.0246719605075932
-0.0239260417028559,-0.0274658338737221,-0.0736919902084575,0.0343441499840649,-0.0313966286837803,-0.0362993371223885,0.0543003213580847,-0.0673720248599698,-0.012985671021114
-0.027000744836869,-0.0193885826248439,-0.0841230624139024,0.0342872496697733,-0.051490568591652,-0.0493521209339501,0.063242078209605,-0.0619346642502474,-0.00852842973955331
-0.0162923456821364,-0.0158282955723223,-0.0722499000000812,0.0137301742681116,-0.0413858734877021,-0.105661019225486,0.0376027180465162,-0.0179014783939163,0.00544612761090192
-0.0085100298395303,-0.0113493035861881,-0.0536650566978315,-0.00141222665887255,-0.0372445505596184,-0.133422106365836,0.0285446397236695,-0.0065356541911527,0.00785070312830314
-0.0142319057503322,-0.008876027816504,0.00558993663033223,-0.0172845650805547,-0.0179846317765913,-0.136435543651842,0.018148659144861,-0.0319609838308799,0.00791607986135862
-0.0128912512899283,-0.00733362872571937,0.0470477180286433,-0.0235976426882702,-0.00399119363975979,-0.153426305609652,0.00176571174500019,-0.0430824208621077,0.00175687385036102
-0.0125533792842457,-0.00643524071068439,0.0688808699841734,-0.0170161337440109,0.0050199956727024,-0.186129135020847,-0.0196224709656371,-0.0390107280729502,-0.00704927192778078
-0.0114840558594928,-0.0107640170661352,0.0615471571736531,-0.00331218637950608,0.00555073686966158,-0.187709391492367,-0.0193995903663168,-0.0301234413059855,-0.00915019883934982
-0.0207880843166278,0.0100975973938337,0.0623079885558552,-0.00763557813835122,0.235781127072488,-0.00354041174105922,-0.0230595678801446,-0.00876379415548334,0.0323067433970047
-0.0163110892269714,0.00250123207847494,0.0314696832963332,0.00558656283496788,0.213282077320605,0.00554389383566864,-0.00598708693873543,0.00332789803920149,0.0205075397317729
-0.0067808855844854,-0.0041603193167129,0.000831162495780992,0.0177868089808634,0.194585731824634,0.0120892323684656,0.00553657523077554,0.0159782747271483,-0.00573944670461637
-0.00508033817311014,-0.00451607623600992,-0.00651998820900874,0.0209977528348501,0.187715807830683,0.0162212063149382,0.0103276410844222,0.0150925233251751,-0.0146500933407226
0.00122601333440622,-0.012265201930376,-0.0471099848880187,0.0205189319548199,0.136794853370931,0.00846965598725237,0.0198390498044777,0.0118061175352024,-0.0198981400736547
0.00468227270883207,-0.0156238639030641,-0.0728266013660281,0.0312435501017372,0.114725157064788,0.0110207255338919,0.0317332085902399,0.019349058383022,-0.0284800351122465
0.0104399783608903,-0.0276359717597125,-0.0755872235134223,0.038846292888821,0.108984291372633,0.0206512396789857,0.0389446922547878,0.0135379740352167,-0.0510248743576862
0.00948926745151403,-0.0359886504645693,-0.0931530104782116,0.0450209091990996,0.0860924316588489,0.00314099736191138,0.0358890946464174,0.0164283131558918,-0.0481306145306609
0.00595610726687709,-0.0375114292489067,-0.0938343949313551,0.0452035257499385,0.0680386437929945,-0.00840242492593112,0.0319899411595737,0.00743076492264504,-0.0442879546862577
0.00193902376053855,-0.0511940708702991,-0.0934893098592117,0.0486484902231079,0.0401565120068016,-0.0292191778174413,0.0216037585245767,-0.00498936270347869,-0.0411425152054039
0.00222678267309728,-0.0516872046422758,-0.0933302739592546,0.0499342538204164,0.0313991505514035,-0.0427557554740093,0.0271231924929806,-0.00781898648658562,-0.0367441813917509
-0.00946137099697913,-0.0444423445805108,-0.0956133066783712,0.0492223840392486,-0.00676250856427655,-0.0431791889369729,0.0400117709613621,-0.0331001682224264,-0.0330743315386626
-0.0155080543461837,-0.0421312622751026,-0.084274025810571,0.0486211310086599,-0.0186668793546689,-0.0698387695422311,0.029194860253292,-0.0466390777825479,-0.0207808881230175
-0.0200577168206898,-0.0363517350796341,-0.0882701063574094,0.049903695907174,-0.0257891572884077,-0.0590281724124649,0.0482270266722097,-0.0469803433104019,-0.0135995202414092
-0.0178972831818988,-0.0224205554176641,-0.101267803513577,0.0377041392389961,-0.0409150428038765,-0.0954315182973911,0.0436112504464464,-0.0215138126735002,-0.00145848577736213
-0.00530901398573649,-0.0261166994064847,-0.101400621489077,0.0257376645345804,-0.040421362458937,-0.126306439232858,0.0351262436125709,0.016216361293679,0.00118197370234864
0.000713475747706715,-0.0201490419449435,-0.0866582897760888,0.0121440937859047,-0.0411290212240973,-0.161646540392048,0.02345821320819,0.0269688484954102,0.00398106941698502
-0.00258821666115291,-0.0210189514752461,-0.0472744709064547,0.00397149418057218,-0.0292377530575559,-0.17305802769571,0.00662050966244665,0.011088535184318,0.00436844130567156
-0.00743118609139956,-0.0201677822863574,-0.00865168148192048,-0.00288149685979402,-0.0206899069852763,-0.185786461672402,-0.00843247240834185,-0.0132309198352244,0.0077572348298106
-0.0107093687120325,-0.0241961628013417,0.0462179765867593,0.000211747391500813,-0.00253326377986134,-0.212647269152934,-0.0386835746094925,-0.0338282300554318,-0.00252091344340373
-0.0097647787810602,-0.0237702321398374,0.0560112199387806,0.00294359093142058,0.00570005815747409,-0.217780548480456,-0.0427605046733591,-0.0328456169270752,-0.00201128633815066
-0.0144114735977173,0.000940605495584484,0.0634773495206411,0.0160050690507786,0.245017178193628,-0.00346607097561748,-0.0106819139906748,0.00879210409624807,0.0120686725161032
-0.00721158602534041,-0.00286756221193693,0.0366822764799346,0.0249928683513462,0.229340366921299,-0.00242107153791678,0.00169376924273819,0.0231493739730628,0.00238708052330168
0.000498308981766501,-0.00382749204426142,0.0106832917577364,0.032447979514206,0.218384726205696,-0.00403968771833014,0.0118598187149957,0.0386175992393175,-0.00968692419684981
-0.00141932782351239,-0.00227403672978848,-0.0118725250835253,0.0381982213155298,0.193252782476181,-0.00658043130825254,0.0183461517017804,0.0368982371976544,-0.0161401383078051
0.00898518842349818,-0.00759910085948262,-0.0528142381346734,0.0458755816626162,0.164170072728119,-0.00431780048412829,0.0316640807971735,0.0411592505974475,-0.0291851762555041
0.00736471966781781,-0.0110009353425783,-0.0736717426323573,0.0594621017564297,0.142802852036246,0.00339911476862231,0.0453660298353915,0.0387455567165939,-0.0350037185830352
0.0109414332104405,-0.0211213056917177,-0.0927355538899327,0.0560524227411418,0.106021050241408,-0.000206406492718116,0.0483584396549379,0.0318477316478629,-0.0437701649009091
0.0202088216234714,-0.0373365848347831,-0.105081432245057,0.0634706290932036,0.0960932738280816,-0.0289487997646831,0.0355148596983519,0.0541659902402214,-0.0522814836596298
0.0182870793969153,-0.0573856619929066,-0.0935444138592662,0.0780123043425147,0.0940117995080344,-0.0467086237865931,0.0214883423540287,0.0429569324053255,-0.0609892903892821
0.0169547593449541,-0.0633938238320511,-0.099889941537168,0.078372243199034,0.0714567850645799,-0.0559346808747935,0.0230210093320413,0.0347974107905529,-0.0595778519265972
0.0169588168405375,-0.0621006798312383,-0.0900255250735946,0.0778817461548245,0.0692545708178364,-0.0678579410570906,0.025104018926979,0.0303028273251198,-0.0617876676577915
0.00944258547934303,-0.0501983525570906,-0.0870202038873103,0.0742886595694439,0.0620882949848901,-0.0686889568911007,0.0302180581080256,0.0113597717527089,-0.0535146465994786
-0.00266074075291551,-0.0396319956374938,-0.0897478606789363,0.0610856414056267,0.0203223299885915,-0.0920903414795885,0.0278591113462581,-0.00726322790509471,-0.0260696174752123
-0.00403956339414338,-0.0391284394907705,-0.0920641930783613,0.0421979688397755,-0.00926198431992433,-0.100685034119991,0.0313841931827318,-0.00907011128332787,-0.0122305962674124
-0.00367740217970399,-0.0340900820253842,-0.111487125384163,0.0430764588128751,-0.0341678581357861,-0.100973385264565,0.0506600802819566,0.00609981245040356,-0.0158291673634673
-3.88140953196175e-05,-0.0323984949811285,-0.100208406665142,0.0288442552210354,-0.0319250993090173,-0.127204600163787,0.0379958449688315,0.0218486227755939,-0.00836127653167864
0.0131821373901394,-0.0365694989170706,-0.101408260754531,0.0203307747913092,-0.034029344302597,-0.163401690458856,0.0257979980489057,0.0537932934814791,-0.00729622296977711
0.00832541817190512,-0.0339622119535724,-0.0664740420859354,0.00962120724883726,-0.0277784116307265,-0.174938292770107,0.0100780259939732,0.0301933953080688,-0.000314695702458177
0.00421636488060888,-0.0317259044843762,-0.0330109574108055,0.00627251988352337,-0.0212262214451665,-0.19512293579458,-0.0115120104672013,0.016580590212107,0.000289540230383805
-0.00792346628080614,-0.0219981466652312,0.010781504425477,0.00818797487072294,-0.00770560870497859,-0.209125721539162,-0.031713082194287,-0.0149724863743832,-0.00055208051067614
-0.00713360589589226,-0.0274669188374673,0.0263008951795044,0.012337511906929,-0.00319350601802492,-0.221962714532589,-0.0415535283953152,-0.0171745017364847,-0.00405391922331557
