-0.0032187625007478,0.0452561225100222,0.118297328058162,0.0372206274461359,0.0705084305541772,0.0505793547558039,0.0218132488472364,0.215706669462448,0.0645599236713252,-0.0254740614512132,0.107889018540351,0.0417908309523618
-0.00158469259057247,0.03736198389178,0.0842924585942571,0.0293746591992257,0.0415473647925975,0.00383108093855236,0.0177316076778925,0.253274243218459,0.0524300963185277,-0.0140347715246491,0.0818535719482827,0.0460712754510303
-0.000472859313407463,0.0439677908298464,0.10528486446109,0.0261092016011512,0.0407493953854134,-0.0168636579966998,0.00703478931664255,0.245981579478969,0.0312974204847939,-0.0189944278759997,0.0939225801575702,0.0399961977337033
-0.0168552890820093,0.0449471453402695,0.131948251120346,0.0139665074813842,0.0255116330602001,-0.0495806326171086,-0.0142501183275572,0.23817693238929,0.00413119482687323,-0.0216922415415221,0.112631400267962,0.0356889189260949
-0.0142804722815325,0.0367862979527629,0.133577830288882,0.00699180466754044,0.0236280973277682,-0.0540448769885387,-0.0159029057031962,0.20568249465258,-0.0181445415362438,-0.0212581559756522,0.129823127597982,0.0145056379104058
-0.0165866314553135,0.0302317359299117,0.137790249868574,0.00677730663036373,0.02436263658776,-0.0522409797837989,-0.0193251378086405,0.159623928809859,-0.0335857577258419,-0.0187638822235397,0.166091701137548,0.00217903059866709
-0.0208916913660766,0.0219489073691763,0.1226144363404,0.00859127998251646,0.0183204042790963,-0.0571527246329208,-0.0241812370246171,0.121444883002023,-0.0468610211828361,-0.014034081570381,0.190998141904117,-0.0092517942640111
-0.0113350565408094,-0.00015159204170153,0.10682432037593,-0.00011161369370255,0.016166069385132,-0.0369706643509721,-0.0156364993378826,0.06052283636092,-0.046570989376806,-0.00882336463930362,0.242771453663907,-0.0253749288127772
-0.0121141217471689,-0.0176158593972406,0.0641137512144676,-0.0108198418404138,0.0100297058640333,-0.0137698321142118,-0.0085531830080216,0.0186232014974212,-0.0353463801373009,0.00435416488823107,0.264805721550774,-0.0369006858668661
0.00319607250845848,-0.0245495762849234,0.0297419340677876,-0.0131720387090837,0.00995735049160993,0.00641878872753411,-0.00229695324851785,-0.0119302520532824,-0.0242112048884607,0.0190439107831385,0.28248720842599,-0.0390013076462546
-0.00669870578266825,-0.0240568064967866,-0.00384951612857341,-0.00513236166319342,0.00998010849512028,0.0154191903957825,0.0143238940677492,-0.0280570311503381,-0.00329392642769233,0.0175166180754313,0.291243825548381,-0.0239272765025328
-0.0189001623288662,-0.0203810358568173,-0.0356420868011818,0.00252427841325429,0.00755442416710233,0.0154667800691273,0.023399945067593,-0.0266374694138708,0.0127112150508685,0.0178104998013274,0.289234323941596,0.00269570392878293
-0.0150138119275994,-0.020576202555315,-0.0727661582555275,0.00468338310279064,0.00156568966366834,0.0227093474911281,0.0382514863783716,-0.0314623901034692,0.0323599782064603,0.0248955336346,0.287408101847941,0.0149770408616738
-0.0161670906781267,-0.0042962459729325,-0.0920514474540422,0.00342933336149948,-0.00466709949202635,0.0209555572440844,0.0401503749294594,-0.0137774198397304,0.0450190643446178,0.02861352015045,0.271095187165264,0.0425380626182773
-0.0115505385513496,0.00157848965075526,-0.0996702722461573,0.00161727016201909,-0.011269851731113,0.0222000108253094,0.0462214998939741,-0.00862919880972746,0.0523461010530325,0.0337093020843447,0.264069741630171,0.0485275161702913
-0.0243508560276693,-0.0345807548177163,-0.0495130889437567,-0.00151945752081874,-0.00656040428202401,0.048287499536665,0.00967311423457222,0.248686930637385,0.00201376542288764,0.0281505871504418,-0.0629728677032843,0.0410978929996711
-0.0134346769724029,-0.0119122271215691,-0.0285119149300357,7.88857679505477e-05,-0.00354748768823884,0.0188201854844998,0.0128235204160959,0.252743348360372,0.00886274765482977,0.0187236112716567,-0.0642891288644876,0.0117276222916464
-0.00865870651143095,-0.0107685294709188,-0.0153632010088632,-0.00588783183786341,-0.00575337071258612,-0.00379436029357583,0.00275143456886733,0.247277514191579,-0.015760284673432,0.0144269019445172,-0.0633491637337235,-0.00424212531548138
-0.00577006018100128,-0.00991635963219447,0.00332640621148927,-0.0157882842870562,-0.00309470795879418,-0.0212694202949291,-0.00232388903318708,0.219589008859723,-0.0341291848648403,0.00643137253562833,-0.0456628492586101,-0.0311363221785123
-0.00369863611464488,-0.0195935985716417,0.00501554165910653,-0.0210284859688442,-0.00368734620548245,-0.0323873161451926,-0.00330152674540467,0.185657548635786,-0.0590048776367158,0.00330298940086708,-0.0301435281358476,-0.0560235038331529
-0.011450146875408,-0.0268091299369045,0.00389606561010974,-0.0229469991755337,-0.00332516013987523,-0.0402838849781668,-0.0039924317520756,0.14367939468305,-0.0785320797537669,0.00146998253855346,-0.00629715744761804,-0.0740625938868547
-0.00885818922471349,-0.0396653411949781,-0.0148791077543124,-0.0257593891056199,-0.00859845685131496,-0.0489747943489548,-0.0102399991896827,0.105209896367886,-0.0979781351373797,0.00445381641625904,0.0172397439421535,-0.0890092661154671
-0.00660127378514248,-0.0389772686750254,-0.0215013936358025,-0.026382366265182,-0.00264330354666772,-0.0505929073997348,-0.0149800600574056,0.0657043244368464,-0.105561988666607,-0.000449653477553137,0.0513712979033045,-0.0912972293691461
-0.000848204558114973,-0.0408429059567025,-0.0484676305970523,-0.0373714711041486,-0.0109171585399407,-0.0268502066977357,-0.00547412110593497,0.0107742840095927,-0.0919135576253869,0.0195218682003488,0.0915243822047374,-0.101250809784182
0.00609202584907171,-0.0397307633005125,-0.0752435047288531,-0.0336699040954227,-0.00675674632034793,-0.0219759332851916,-0.003809760272703,-0.00209729324503051,-0.0785854903155687,0.0240719481659978,0.104135932499864,-0.0913037360265305
0.00138709514076219,-0.0408092456626085,-0.102504069769769,-0.0217901177373392,-0.0024200462710359,-0.00513250403567131,0.00883208743669103,-0.0353078077877829,-0.0541339418297896,0.0243891662286825,0.138839901194792,-0.0801713469326719
-0.00543253127755093,-0.029513735133152,-0.151976090430649,-0.0146778108937587,-0.00719943641281801,-0.00644190425886879,0.0140795278660738,-0.0165858573997554,-0.0347234835892289,0.0237404896573747,0.116405434498307,-0.0454982962782835
-0.00956753868192159,-0.0244952013583088,-0.185603174707147,-0.0106252225052142,-0.00866951650578339,-0.00416291939433022,0.0204938956312842,-0.0102862406628794,-0.0106697755864409,0.0237531006069756,0.113999468294308,-0.0186078704853403
-0.012130699570699,-0.0109525547125939,-0.204861674906009,-0.0135921614824749,-0.0153918753849431,-0.00281985452171283,0.0258873226699194,0.00750964194548244,0.00841993257553078,0.0268227662665006,0.100915187522826,0.00658820217444779
-0.00131262221031347,-0.00313288384254241,-0.210359545331912,-0.0166979399063531,-0.024647021699526,0.000633527826936424,0.0329787500568061,0.0183420700340139,0.0172623692698447,0.0397563458340924,0.0909955256790375,0.0156877499913616
-0.0317633780889676,-0.0338782212870669,-0.0727997702680626,-0.0201302494547348,-0.0442557498263083,0.105844629629765,0.01931824587611,0.191744207814663,0.00429556536438282,0.0621557944228335,-0.103054374848505,0.0226744047506642
-0.0253189594829087,-0.0207236143574676,-0.0544142169656664,-0.0241138911362707,-0.0432600515542796,0.0823283154415428,0.0271385284362035,0.181909805212625,0.00927139827258842,0.0543450654562084,-0.10035064410568,-0.0180325711120431
-0.00875449133337887,-0.0144685470538336,-0.0412556554638712,-0.0213897137651242,-0.0261192620561335,0.0516718358692983,0.0160701263291074,0.180230409890584,-0.017167332695701,0.0406712510178449,-0.109061284216878,-0.043904809985558
-0.0054746143074883,-0.0156097604185161,-0.0292840507498782,-0.028822777964856,-0.0223519897610964,0.0313258817472962,0.0121399112614612,0.15169809451529,-0.0410548944032172,0.0325897652583034,-0.101239098802255,-0.0813026900982249
0.00224751299066456,-0.0213669598180707,-0.0218328916925324,-0.0282584842388423,-0.0160047978025787,0.000146069126693453,0.00622635707383462,0.134615565784845,-0.0731171185674174,0.020422291646909,-0.0906096679798669,-0.0995559432846336
-0.00881274869802603,-0.0301550134894607,-0.0269860764216954,-0.0239394769583791,-0.0111078119878075,-0.0186181975733507,0.00633831883558079,0.0979509066447076,-0.0961597176428017,0.0156306806352081,-0.0747188319534417,-0.116973357601415
-0.00177761596290871,-0.0216568296419691,-0.0198399539069503,-0.0217970368933003,0.00254376115446141,-0.0231600426075857,0.00149356558818531,0.0532086368362876,-0.109315781545176,0.00487118828018129,-0.0456109343111222,-0.136600844580907
0.0088063585889007,-0.0222351390420571,-0.036040258122983,-0.0162867411544344,0.0117039801237153,-0.0373088089443295,-0.000118038350030375,0.0234747228390456,-0.123974903946234,-0.00573264168231659,-0.0269420246184312,-0.146900833711953
0.0166784510547501,-0.0163134546865588,-0.0541108891679419,-0.0226847258353774,0.016795155045112,-0.0119856058754054,0.00339926930097341,-0.0257148909792964,-0.107150911833175,0.0120145333779546,0.00984110261755454,-0.144650899723091
0.0131855700188123,-0.00115012002624286,-0.0759281006128335,-0.0154927190766081,0.0182768978936881,-0.00816400395259532,0.00681128624051805,-0.0366688312301077,-0.0839744779623766,0.00912672950964143,0.0250827343965949,-0.127881844301822
-0.0122737347559914,-0.00364745614978362,-0.142715355163153,-0.00539974830636041,0.007572808306019,-0.021368989229222,0.00704944820082209,-0.0215862691860846,-0.0684265715644333,0.00974699444963101,0.0113103550726641,-0.0919000187770105
-0.0132486818126376,0.0125653047110083,-0.182953983433039,0.00320932428817775,0.00957840249534627,-0.0223005182744032,0.00671186627408745,-0.0144261390459495,-0.0448071325008479,0.00511364321889906,0.00905493040785607,-0.059704888413889
-0.0194181177281345,0.0130611720014896,-0.223102763041452,-0.00513295912261664,-0.00928176958774391,-0.0213324939630109,0.00925820363772551,-0.00622746461647041,-0.0257471059394446,0.0150366017949454,0.00934118402025037,-0.029782546522058
-0.00901441647146332,0.0153675723838492,-0.247902978873677,-0.0089124630712059,-0.0150838648824246,-0.0176917274436508,0.013484378216103,0.0120016279560403,-0.00771493505470566,0.0248597105102657,0.00329255658335509,-0.00720733054579516
-0.0033350587683522,0.0215043956846434,-0.246755796917663,-0.0164033980659261,-0.0235558436825003,-0.0123478858095115,0.0143386829971036,0.0150076153141533,0.00317737743848364,0.0328589330466962,0.00810532140371376,0.00742156743688133
-0.0194106135590403,0.0159010152410468,0.0256704597373117,0.000512369774700696,0.0217097155509669,0.220408273015691,0.0441560827567844,0.0749713456580659,0.060572082924114,0.0288724149210843,-0.0455920017392296,0.00176196262645916
-0.0116217398005861,0.0227344776669136,0.0328141050331372,-0.00841824252881005,0.0171942904483612,0.18976656115034,0.0445594269815195,0.0684388101220803,0.0431604915659582,0.0304269977907808,-0.0538242740617128,-0.0301308559463952
0.00423946720821919,0.0227151946213795,0.0421659206281459,-0.0134484150841193,0.0176068539146969,0.162122120363619,0.036138358607326,0.0609956827333379,0.0126915841401876,0.0296679195616926,-0.0585891516945319,-0.0582481387262284
0.0102695845705763,0.0252066637076953,0.0501286096123691,-0.0200398544193439,0.0218855398861132,0.121529293819797,0.0299992128305341,0.0431109692016053,-0.0173607949196161,0.0188665949207974,-0.0593201720371379,-0.0966702376022524
0.0103264075787876,0.0221170141289955,0.0551485838214925,-0.00822907071345671,0.0314287341919928,0.0890142993272858,0.0217543995979427,0.0258601244659292,-0.0489399953196982,0.00692637472170442,-0.053086266277248,-0.117963058598092
0.00579284902091388,0.0197910342070527,0.0606244723892312,-0.00227036456138201,0.0414084486511484,0.0515100995665168,0.0207638187709863,0.000745561393980652,-0.0775152127734327,-0.000762731584672001,-0.0458195107590113,-0.13628287481354
0.00462799472701236,0.0192819753498089,0.0408597981961498,0.00753823225856477,0.039037752583851,0.012080918220322,0.0146614710526547,-0.0148307807301452,-0.105203924979772,-0.0029361748649087,-0.0451128687380097,-0.155266873469432
-0.00403062253591714,0.0272837118525058,0.0278931040639153,0.0176641032508402,0.0541658245563948,-0.00925615934680878,0.0130578137818464,-0.0447569822415677,-0.117674808665268,-0.0183462634666467,-0.0345483631633491,-0.169969592617909
-0.00323577531456667,0.037278158211493,-0.00236767456891243,0.0144723208140527,0.0480701835121462,-0.0140078813686077,0.0127690245159236,-0.0602656980049407,-0.102430274437938,-0.011633117762848,-0.0185246158344642,-0.157987549918309
-0.0201045067179405,0.0532463242473051,-0.0268187845518282,0.0169293868122724,0.0489936851588468,-0.00801828463476996,0.0162039966187671,-0.0618731657795433,-0.0665406366192152,-0.0186822803031351,-0.00673694529528262,-0.13207268775629
-0.0181983685946163,0.0595700961820866,-0.096747602051731,0.0206479264536874,0.0340272288602699,-0.0215860522304048,0.00862996966251857,-0.0417171461084849,-0.0541119806949159,-0.00955497318927866,-0.0201978440265835,-0.0928216092811565
-0.0110739344778544,0.0872511295269813,-0.115628569817151,0.0249395236819582,0.0422099191837367,-0.0153854850768633,0.00399725372331473,-0.0345877791978162,-0.0247727484446756,-0.0208115242449282,-0.0121623122539921,-0.0598773095900666
-0.0156229259362498,0.090734211588944,-0.159115758990075,0.0173119079585008,0.0245098114510457,-0.0189799883475731,0.00442162235150486,-0.0187578034433583,-0.00698790924407097,-0.0130187766827637,-0.0193610803265973,-0.0282051412171288
-0.010783894205504,0.0750591506835209,-0.218935321832156,0.0032613043487911,-0.00477968766670489,-0.0267653818173541,0.00226495136669926,0.0100775282024384,-0.00014467682233256,0.0113639178475214,-0.0363769024485788,0.00487472870456991
-0.00358284203878696,0.0771524432710694,-0.216468192899072,-0.00579211335387449,-0.0151225422436993,-0.0226541703309079,0.00382399974604273,0.015306533610818,0.0124895610334133,0.0182219082866619,-0.0271535070336899,0.0219337367714285
-0.0236511397803596,0.00996371219426345,0.0214070451070478,-0.00376186397771552,0.00456062480156575,0.241252058080086,0.04275932343746,0.0198807792606478,0.0501528214977612,0.0332310950903228,-0.0205707329808819,0.025927893190962
-0.0165172463176215,0.00898062908822022,0.0277775652167335,-0.0103488146751,0.00160994007423871,0.23816753500712,0.0395547600562252,0.00860166289854343,0.0369496412921557,0.0444079236378173,-0.0207351786315146,0.0120957181438591
-0.0197682759395495,-0.0100338978966393,0.03916012457055,-0.0275162630294079,0.000642353850634821,0.181821516742808,0.040690366904849,-0.00165253910774952,-0.00451768996496866,0.0406940571210523,-0.0310197346140946,-0.0266968225888336
-0.00578659577877968,-0.00655538481283425,0.0491066422718543,-0.0281404911793964,0.00558042239538904,0.144018576120168,0.0329433797051996,-0.0149610888720391,-0.0367141008898947,0.0442603124237954,-0.0331242422864774,-0.0536364031600938
0.00222580327676844,0.00528863781800136,0.0544824290938216,-0.00624516811119666,0.0170619750008621,0.115091489948222,0.0241730366406596,-0.0306939565519802,-0.0638108547548394,0.0424129298594052,-0.0321515849771029,-0.0727255398988796
-0.00141602881985977,0.0184099686631362,0.0617381395455461,0.00638944349239966,0.0226630162630544,0.0778948768843914,0.0165163515394245,-0.0464819379055935,-0.0926170508762318,0.0404850809668145,-0.0309738506855555,-0.0843932433009977
-0.0197263841920432,0.0292506765437877,0.064921590416701,0.0198713027134145,0.0393998033007917,0.0274604277421241,0.0226296529091576,-0.0553461012668033,-0.0966587122706578,0.0136722259748152,-0.0299211565021571,-0.111615143872907
-0.0317097680672745,0.0445899802175775,0.0597906838151548,0.0434076968916165,0.0595735567230716,-0.00669144877161998,0.0198237665420731,-0.0614974838350953,-0.105375951295997,-0.00946481294744782,-0.0325478628108295,-0.12492134006548
-0.0294542268196248,0.070041383114628,0.0439011194570125,0.0438066177783417,0.061786400811621,-0.00977940297136359,0.0151586757903988,-0.0733791479493566,-0.082742638579611,-0.0124759187033377,-0.0152239033218347,-0.112874389603682
-0.0432709396230231,0.0977013653361973,0.0239360700709727,0.0441399623387221,0.0688469830130238,-0.0218589033019403,0.0148483574623376,-0.0676546887609791,-0.0540875885387608,-0.0304189446807468,-0.0155441090866657,-0.0960661646526755
-0.0312961943008469,0.124658352512951,-0.0107367717583121,0.047628255820096,0.0730762646130892,-0.020557623018354,0.0110527349383035,-0.0525693593335845,-0.0244461909690309,-0.03498314223409,-0.0207945139647587,-0.0681963422022993
-0.0228653610695538,0.149019317801784,-0.0408253073505738,0.0406931543522589,0.0697149707587333,-0.0135808714525156,0.00833726673865198,-0.0402946120644834,0.00532029040998453,-0.0372431879728662,-0.0197222397352702,-0.0371317901832576
-0.0155718965795373,0.165039774263854,-0.0649201961810233,0.0314523669649318,0.0642545321650509,-0.00515872852595084,0.00848889157204567,-0.0335613907640723,0.0339612539312319,-0.0386546538977572,-0.0162790029242342,-0.0192908962066969
-0.0123817095317353,0.145076948675251,-0.127830347490633,0.0163886103970509,0.0280810291036019,-0.0182826755300209,0.0101594760180911,-0.00285041841962343,0.0392856353451587,-0.0134734913590467,-0.0340912399312338,0.0143888829298941
-0.00301279890449395,0.14252756436612,-0.134825024933769,0.00527648534047111,0.0161599350207712,-0.00879638608310574,0.00952788082939532,-0.00447298460481909,0.0471409636471802,-0.000826152871087027,-0.0259832656414846,0.0272581036738309
-0.027948241082537,-0.0105933899446702,0.00240039339534272,-0.00674924457219128,0.00946776128117736,0.231068479505849,0.0252318344875506,-0.0144423644116986,0.0263619481722739,0.0131837976473614,-0.00427949294258779,0.0672407037855789
-0.0171371305918433,-0.0132971689760913,0.0105700836429959,-0.00634311042046388,0.00621310385371805,0.227218132345331,0.0253607187068554,-0.0276882767962974,0.0155307965353334,0.0298537576376125,0.00214192672571448,0.0582082437568303
-0.0178243713956201,-0.0196114683495994,0.0215110611817064,-0.0037094042057625,0.00796474115480987,0.182085676537189,0.0269114233021221,-0.035037939034512,-0.0169188134856404,0.0334274584234233,-0.00580370840225854,0.031658197158236
-0.0370069373319187,-0.0184170679441691,0.0476950869012418,-0.0153689571723717,-0.00494337512560953,0.13436729209555,0.0321256650991231,-0.0467861436599332,-0.0501153249431627,0.044744043641781,-0.0129588658935832,0.00474397697951201
-0.0491161976215616,-0.0300397466608166,0.0575064140380663,-0.0149997291146225,-0.00289838588891385,0.102090280780758,0.035533940848066,-0.0662376942589137,-0.0725694722718901,0.0492784214630631,-0.00885219478705998,-0.014099182588325
-0.0499485095731321,-0.00696272632892588,0.0644238828009131,0.0110431419178229,0.00631661853606516,0.0662207173353985,0.0290374483023095,-0.0706111770874142,-0.0944438771018925,0.0491278669821251,-0.0111103168895619,-0.015279647180243
-0.0512315781337869,0.0228400348855839,0.0727257081758915,0.0203574375124684,0.0158442923173749,0.0107382021886088,0.0314837419089174,-0.0712012394190455,-0.0952573037152516,0.0372924830027884,-0.0179674360169022,-0.0488105600862187
-0.0562552370217218,0.0424639908211304,0.0720934495739935,0.0345032805045429,0.0348634713116334,-0.0201205708864697,0.0239420714831144,-0.0700606622104132,-0.0961378142395234,0.0233851936058175,-0.0236125963478095,-0.0565824795803611
-0.0539963064042575,0.0711830847816902,0.0636218676768691,0.0444611913220845,0.0476272413770931,-0.0317395246174338,0.0220975317875462,-0.066836572666694,-0.0737302924175348,0.00983815282519711,-0.0201524144961963,-0.0542730871401796
-0.0599210376611121,0.104968261073643,0.0502737925797226,0.0403326138805081,0.0482783600373487,-0.0413234177698938,0.021123817962463,-0.0539523867605856,-0.0387307852548777,-0.00446112101109405,-0.0177380474991912,-0.0346132219123036
-0.0618080913978463,0.135214183433193,0.0198495827650819,0.0392814046042361,0.0570780657527514,-0.0436187371555727,0.0174347917684037,-0.0364488973938799,-0.00330986210449695,-0.0195957156562106,-0.0243346639055629,-0.00887260734446415
-0.0465347801325083,0.165160072052428,-0.00471612419455106,0.0331301832618832,0.0583589947184342,-0.0398149647292428,0.0159289847954018,-0.020373601075253,0.0300550834786243,-0.0239275301236281,-0.0265982326993962,0.010533809599335
-0.0297047049250385,0.180268960803832,-0.0241489541612911,0.0189572538054083,0.0459805536084515,-0.0240075946102189,0.0139044842454559,-0.0164120837143044,0.0527136581089903,-0.016942008184397,-0.0214523961538522,0.0246810778575227
-0.013334506508726,0.188720971513284,-0.0384586928737799,0.00776930385777985,0.0379606384852851,-0.0130198631373394,0.0139798658585229,-0.0143822152480174,0.0691020833514354,-0.00915395336104111,-0.0149896838458886,0.0374608841061229
-0.00388762521311416,0.179215938819269,-0.0628320438141337,-0.00188271136629652,0.025804065012691,-0.00843111900123932,0.00944594349938176,-0.00893791704174181,0.0704931026653807,-0.0031275074816975,-0.0166430793687974,0.0463491664456189
-0.017434417579985,-0.0307812500441991,-0.0217720277975279,0.00882646412259142,0.0301292811878581,0.198486308618208,0.0081533148635067,-0.0339474018167852,0.00349695636358337,-0.0351398177844828,0.00878646869287576,0.0945250191498224
-0.0175886340133467,-0.034756565528151,-0.0134441938654968,0.00681357519740161,0.0257939482312608,0.191336255925978,0.00718760466291584,-0.0467809622794141,-0.0126170122069763,-0.0172201913455912,0.0159736926514796,0.09950586522814
-0.0158532002252042,-0.03331149780742,-0.00461785531763314,0.013064646085954,0.0221557288968928,0.155631394452553,0.00506555324085861,-0.0541420230155104,-0.0453192774292132,0.00409956371698059,0.00640537172434162,0.0868174717671696
-0.0232979711183526,-0.0213810815453288,0.023887134329677,0.0157850854981144,0.0088174273699033,0.105330745451755,0.00936699465323,-0.0549844335907698,-0.0706598420840301,0.0316322907658138,-0.00315946741831686,0.0711340398663254
-0.0320892213636082,-0.0229721815276333,0.0350525885288453,0.0252228594364276,0.00617328688478799,0.0748720123828703,0.0107129621432822,-0.0710141625754332,-0.0917302151139504,0.0477686089892183,0.000531618627603498,0.0613940424011805
-0.0542598454467808,-0.0279308128482723,0.0630606521894299,-0.00573550182414908,-0.0143730789035338,0.0298755098004617,0.0306504927181871,-0.0766999305236521,-0.103930940559835,0.068744941378459,-0.00272039535256252,0.0407344843340216
-0.0804041874651697,-0.0355512663455418,0.0873344502473728,-0.0277715868749062,-0.0245633311978815,-0.0330187994068236,0.0501209882627942,-0.0800410410392782,-0.101305414601695,0.0772021404588613,-0.00216065639350706,0.0162756356533539
-0.0748430009928671,0.015647623936288,0.0770450676568452,0.0178886393419114,0.00631135653158761,-0.0447414167339858,0.0387857080315819,-0.0616204185695622,-0.0840064966193402,0.0592905725824046,-0.0169289550284587,0.016105586428199
-0.0686657233148136,0.0560821655178727,0.0739221665412393,0.0273343258372329,0.0179290582405168,-0.0610387772497266,0.0335665032214945,-0.0457739820639231,-0.0592550445636496,0.0474532744650389,-0.0210118359185883,0.0230317222627107
-0.0667358314400214,0.0905398258168671,0.0570993988507539,0.0203427441205588,0.0286349858553968,-0.0663002205878111,0.0362750591510755,-0.0331522408980933,-0.0178211833061562,0.0200083221079939,-0.025122941806824,0.0171857432638608
-0.0681428629839111,0.117369813856629,0.0356567097034318,0.0127304648363289,0.0401218260989612,-0.064621719092316,0.0358596060421047,-0.0180663091242749,0.0216341388893392,0.00232425954665902,-0.030540485881346,0.0264136917631309
-0.0564387310133624,0.147077934442512,0.0203478285155696,0.00205309852798211,0.0373709665793712,-0.0494401215109416,0.0269765160965961,-0.00978703825428931,0.0542454515842468,0.00422511343091559,-0.0254254534983584,0.045780644547967
-0.0391751110048413,0.162975001597258,0.00406037392884622,-0.0112751638671963,0.0316745810741609,-0.0354665495514044,0.0203244876667189,-0.00767509225304448,0.0728305910264195,0.00787418553537522,-0.0189909042701697,0.055704840912249
-0.0193350677552214,0.175931091373777,-0.00180736491317741,-0.0247205078809629,0.0188344576252492,-0.0197929084624208,0.013089739306787,-0.00913850226992944,0.0826640696647033,0.01443595440484,-0.0121977670825126,0.0608191708258417
-0.00977024365134246,0.179928357577374,-0.0117182080279222,-0.0279760184362661,0.0146505523936778,-0.0120180384989144,0.00611953844787883,-0.00965226392628473,0.0860787225481748,0.0165772757937757,-0.0054823377377492,0.0695853722708775
-0.0283569497000793,-0.0307282400798859,-0.0221573054025332,0.000932526734951629,0.0351616632916453,0.160098828144532,-0.00916097920596381,-0.0389600236754737,-0.0139240196384452,-0.086318448781317,0.0169720682271729,0.124744304599216
-0.0134307589672441,-0.0405356469944457,-0.0388636715852084,0.012694092087426,0.0237327465242693,0.120243925574092,-0.0142676831892857,-0.0325382169018767,-0.0488328448343703,-0.0511898223837376,0.00362096935019455,0.130749604905299
-0.0123438795563487,-0.0407804677930972,-0.0325503274881772,0.0214945159956222,0.0109748771734223,0.0909077732964024,-0.0119351431986027,-0.045177890685336,-0.0810874499784167,-0.0186540610333879,0.00119250964939809,0.129781289409499
-0.0152066644603713,-0.0491606256747994,-0.0279931306728081,0.0268230571472,-0.00528445945149121,0.0535949280889423,-0.00908479495239151,-0.0484672361589078,-0.103422629030957,0.0185188946080869,-0.0032153999866672,0.131408537152723
-0.0173146662533407,-0.0488433397083887,-0.0145374010311452,0.03192629006559,-0.0122348709372918,0.0182581303730022,-0.000561088146368363,-0.0490912001983127,-0.116004586991472,0.0456481154380983,-0.00697405717761786,0.12485752542474
-0.0364015666666512,-0.0219781728871476,0.0429234844331732,0.018579570419081,-0.0323319018015653,-0.0111087667062211,0.0228337115853194,-0.0562003327968669,-0.116169146984679,0.0869763839188697,-0.00528516754126261,0.114643125817823
-0.0711297446077791,-0.0414693557139349,0.0657508078242106,-0.00444019014973752,-0.0292530043845732,-0.0785929541591393,0.048353905604845,-0.0499343604346531,-0.0994006440409275,0.0868133944198234,-0.00996170231976232,0.0865071899162356
-0.0915752903533386,-0.0655319034732217,0.0868266542761283,-0.0497453505808486,-0.0373441894825036,-0.0888178680497513,0.0730190557678534,-0.0670244233294712,-0.0793964276087657,0.0963951303497028,-0.000269712680373217,0.0632610056002903
-0.0890583876139296,-0.00562673112776456,0.0787541735439684,-0.0102934840415239,-0.0104442803158652,-0.107780775115513,0.0654146387158724,-0.0312881969108719,-0.04136303173785,0.081388102095983,-0.0210062124402431,0.0694431856698251
-0.0755360573684015,0.0449828639401743,0.0585027423779677,-0.0110079165113042,0.013956539971842,-0.0904404909229312,0.0598756245526428,-0.0168648223444685,0.00633329928428889,0.0433208607959393,-0.0281623092612358,0.0529653133273739
-0.0711503032105997,0.0710951169854372,0.0430605783723503,-0.0210239763425728,0.0256257642447124,-0.0766094802966759,0.0514573057296605,-0.00810679601844457,0.0405672360752908,0.0290884627600733,-0.0294121435129498,0.056098655433481
-0.0617167044109806,0.105634069107189,0.0361440664773009,-0.0357393609149543,0.0204258613673288,-0.0591907122659511,0.0366891025604699,-0.00393779361900309,0.0652802578477664,0.0266437654331063,-0.0246492234835951,0.0611723460221207
-0.023158902728646,0.134578685271611,0.0256127748046524,-0.0523436757126952,0.010849936468317,-0.0422636613279936,0.0207004009850334,-0.000351708916129895,0.0800165248898121,0.0400999230050553,-0.0209128552098524,0.0658072150170248
0.00689808645144348,0.149399190812692,0.0206622841485766,-0.0733339505012782,0.0014559151197806,-0.0248115889378168,0.00255843629782733,-0.00257022741228864,0.0821223434481372,0.0438700051939962,-0.014771864597153,0.0639072493384681
0.00287380314184774,0.162366344280541,0.0102444047049047,-0.071349635420034,-0.00117005228845474,-0.0156203339797367,-0.00990502199313332,-0.0046707560126817,0.0849314998996482,0.0339995518963399,-0.0106381518348347,0.0733925188528637
-0.0306533875220747,-0.0477688857337477,-0.0546277201727435,-0.0063225952562979,0.0239293223967536,0.0839150006808061,-0.0227786856387547,-0.000616324664961633,-0.0373529667603785,-0.120198638851026,-0.0105264514899993,0.14851549152695
-0.00913971412512665,-0.0503712160571487,-0.0684257120455707,0.00417100267137854,0.0202805156762318,0.0390797774554337,-0.0286689902965398,0.00150820499511726,-0.0765240991066156,-0.101705752296166,-0.0196870517179077,0.158246401917505
0.0107408811598754,-0.0493543310434212,-0.0639938298527825,0.0157369065890246,0.00688049741764035,0.0116433308452254,-0.0238552815719926,-0.00630273611936121,-0.10419126312825,-0.0559488947542098,-0.0221744055381579,0.161783485611754
0.0269216578499788,-0.0435241441313429,-0.0321714690829907,0.0231640316174963,0.00852016199912744,-0.00726642476778581,-0.0134585494610201,-0.0228342762513498,-0.112464537162011,-0.024033728332302,-0.0119614029261958,0.151129461819979
0.00690731144309489,-0.0643790069044492,-0.018915349965812,0.0235818014555951,-0.00996008408366096,-0.0362836999374451,-0.00148412857130208,-0.0284690885059028,-0.123446803080042,0.0318287486781753,-0.0140717949479728,0.158904013393744
-0.00152751538178886,-0.0395264424013792,0.0325680378934885,0.0226806595515133,-0.0100166290288609,-0.0787940726228164,0.0196188353823811,-0.0188705326341854,-0.118061371697066,0.0707693237997876,-0.0238549777000011,0.155173009688039
-0.0271139307600926,-0.0409874389378886,0.0448765270615901,0.0211050411388788,-0.0015456972894375,-0.118557468791121,0.0397954157237932,-0.00796661807432563,-0.0894945012008181,0.0724414862352399,-0.0324156377076764,0.129561433970953
-0.0469403845425495,-0.043347050908465,0.0542973263988759,0.00426050689217581,0.00577583689540402,-0.121545559183818,0.0567208628359057,-0.00987204089420726,-0.0587038324445414,0.0804409373750905,-0.0338293139891894,0.110531719703141
-0.0527816177092344,-0.0648956258629179,0.0559268566359417,-0.0490752747857172,0.00182503571045733,-0.111803630993417,0.0796410087019045,-0.01989677099972,-0.0175544855656096,0.0664600428757761,-0.0262263669517499,0.0619376336213944
-0.0866640083120194,-0.0736211740497086,0.0578547741620485,-0.110513945884867,-0.0139544158752912,-0.0908882925939955,0.105162760216649,-0.039661451413219,0.0337652118744143,0.0490685817352243,-0.0100430359251405,0.0218761722296979
-0.0684361671199509,-0.012693495033898,0.0342426988844953,-0.0849088213267202,0.00950072175586151,-0.0830189645316418,0.0737208375090555,-0.00892453679228322,0.0591688727708161,0.0406038335837778,-0.029474264363951,0.0419562667873154
-0.0372864325044798,0.0306239416822927,0.0210465094027363,-0.0961239712505662,0.0109931102401243,-0.062638288996711,0.043030550166375,-0.00020290277701065,0.0744267292922022,0.0396796164371615,-0.0319864748139536,0.0491520084752785
0.0180061561751841,0.0706442884513211,0.00934993573724429,-0.109462177891114,-0.00591209759093184,-0.0435304021976671,0.0120781107280164,0.00371096875690572,0.0743997085842352,0.0675039153026344,-0.0293981239411504,0.0572181229920672
0.141352341570629,0.115300624441187,0.0112285619287171,-0.146528929347137,-0.028751098452565,-0.00521516462546226,-0.0330246667071686,-0.00451557930044631,0.0537666252736889,0.11089361192538,-0.0179096560871936,0.041125213787596
0.113699777825204,0.125173436515747,0.00730269658901497,-0.141486394202537,-0.02674780582347,-0.00813643893381619,-0.0453784610072629,0.00160848917621652,0.0567145385780432,0.0902825794398111,-0.0212593186433507,0.0475015873236009
-0.00482071569658021,-0.0223186109515804,-0.0108226522460243,-0.00939380441593289,0.0459063593575105,0.0391867235100848,-0.0221206673152374,-0.00375142712113429,-0.0355745899305554,-0.18932401579255,-0.00763171305576478,0.105697394662083
0.0209596913126285,-0.0181179343672052,-0.0112677272656098,0.00839314156826901,0.0554129960385681,0.0181988867956642,-0.0233034319107594,-0.00199565036442581,-0.049856962661884,-0.17151877660219,-0.00674926419767043,0.122184040272174
0.0539324769059282,-0.0208165880107315,-0.00950661551827835,0.0165339615664671,0.0544321999590924,-0.0177895456416991,-0.0147027650160292,-0.00222107613070075,-0.0685631517061626,-0.133175632617646,-0.0125555589654551,0.122319829293333
0.0725276185012161,-0.030309485908309,-0.0102116043277051,0.0261347335692916,0.0485289237615605,-0.0430908398898613,-0.00346871005883908,-0.00330825570281335,-0.0763611055376273,-0.0819525071447566,-0.0191752717327186,0.120348591340405
0.145367938795795,-0.0300682891253134,-0.00894873509675038,0.0139357134918441,0.0368724306563372,-0.043690647088632,-0.00906132037346296,-0.0129857978209046,-0.0930227026218274,-0.00860521525635278,-0.017886000662227,0.109543409985354
0.124910721223157,-0.0271514157821399,0.0175598050720169,0.000781334963369865,0.00770854691983798,-0.0655325067370396,0.0157345483222195,-0.00764664765803694,-0.0861521890942448,0.0466621633195876,-0.0289262634130136,0.100265839920021
0.100147051728624,-0.0346910377129255,0.0284099519699512,0.00479321581096568,0.0205126101025512,-0.0988493288425295,0.0320390556614821,0.00811615288288602,-0.0591408476979709,0.063632863782617,-0.0411471716750875,0.0855208606491844
-0.0259690873469602,-0.078173412003973,0.0348145857589196,0.0109770029396106,0.0363411776558402,-0.134601323922405,0.0757313969711146,0.0156674828620788,-0.00794949091573344,0.0448735987036235,-0.0474704574976132,0.0841373755059002
-0.0013839121960202,-0.0759604980573314,0.0209131135733263,-0.0121045780453201,0.0503948466434296,-0.0993403001652627,0.070457419493229,0.00841195639912174,0.0260548401728138,0.0358338356753667,-0.0429072711472547,0.0506710848125045
-0.0496218636287958,-0.115832514853124,-0.0334185331418435,-0.0743646281878201,0.00266320633243089,-0.107884866010826,0.0769431666466927,0.0181257437140043,0.0467965827255606,0.0470040605807533,-0.0551451031531199,0.037157541417552
-0.0807894572987573,-0.141089761479226,0.0124893611995,-0.148561014350672,0.0157025784062866,-0.0715228057720092,0.0948013273624476,-0.0340031299915578,0.0889172629989426,0.0145223392980082,-0.0136513203703582,-0.0114091962887007
-0.056528778972664,-0.105592352611609,-0.0165591513196262,-0.166511482995136,-0.016620396366985,-0.0530784496588494,0.0510167555374356,-0.020434465947896,0.0807849354891649,0.0477450115494204,-0.0254806790921386,0.00683498495652422
0.13321269642421,0.00879502608880359,-0.00922287181208541,-0.160646087455271,-0.00379491348570957,-0.00258118534413576,-0.0278299777043104,-0.0139576316573802,0.0633473204733849,0.0972461775649703,-0.0223486256628823,0.00901010699880963
0.125062895672541,0.0406519024238381,0.0104168261051683,-0.169365168090778,-0.0056457887938491,0.0132161096939913,-0.0503216698055275,-0.0212166156961143,0.0693778583591707,0.0782579776302859,-0.0107261362537335,0.00794552156275254
0.120221785425899,0.0830287777668338,0.0250058087582486,-0.178204179264614,-0.0240327891336256,0.0097800406497875,-0.0638226707920773,-0.0134437927421408,0.0633580164253118,0.0832484421107312,-0.0153734766202941,0.0120843744590334
0.00315269962863772,-0.0122154250488345,0.00389738328744669,-0.0231588121038043,0.0342599347312705,0.000749015664783085,-0.0100565365065744,0.00143481665496637,-0.016014866112374,-0.238109168357471,-0.00925730789897051,0.0587133295806372
0.0462793263492768,-0.00587872696318785,0.00884765817403596,-0.00231067194771721,0.0383169646497607,-0.00415958889729032,0.00448586877840756,-0.00208790288729063,-0.0154295395968364,-0.209411064822469,-0.00376122047347648,0.0629057219354588
0.0967570912724067,-0.00737126223617902,0.0110570684759016,0.00685953351596552,0.0354871427189328,-0.0245045065688334,0.0114650564330367,9.70149979383286e-05,-0.0294915646583014,-0.158843018258824,-0.00959269854527351,0.0614025067253243
0.27525903073477,0.0143107777370568,0.00609095864220481,-0.0173893215250418,0.0114147281227739,-0.0223911208829278,-0.0143239161828183,-0.00362728301564122,-0.0688251978586697,-0.0448232293808992,-0.0150978827696059,0.0383481258111137
0.284938452831304,-0.0100689296321443,-0.00391474247106357,-0.0100939414342949,0.0126404169589025,-0.0262566030531524,0.00262483883792009,-0.0110924025688967,-0.0632125203105331,0.00789563833549883,-0.0216024673519255,0.0312502946036496
0.255660929303406,-0.0323738343477538,0.000891740459661648,-0.00382526331659712,0.0231159637131775,-0.0380203028356222,0.0152424257027859,-0.00859495203322242,-0.0477062596076951,0.0397806914296246,-0.0283329075693182,0.0277065778449322
0.166964771315018,-0.0650816811454137,0.00276704807785211,0.0172572362120345,0.0490116016480461,-0.0646122076297152,0.043547821986099,1.10329334637137e-05,-0.00595567008146025,0.0236731977784316,-0.0366539887800997,0.01815136789593
0.0118822674456378,-0.0939512987087036,0.00709833161147606,0.0311491894177122,0.071703022959015,-0.0891964755346528,0.0845836472484659,0.0069460481782417,0.0543168947521695,-0.0118540122547228,-0.0448364559308468,0.0133011137353212
0.00903571063225281,-0.108690217078575,0.00159122709034387,0.0119703613209571,0.0788751810061866,-0.0674101955548768,0.0781842029454183,0.000888585306830909,0.0774535830661928,0.00928468859642003,-0.0431394621036239,-0.00253092447767003
-0.0282865844422361,-0.126145506284405,-0.00881696010584564,-0.00893055238648417,0.093697621294048,-0.0435722185577556,0.0673635841186133,-0.0115457975452571,0.108655762032103,-0.00481061200669442,-0.0359893189248211,-0.0179397379676374
-0.0362842305099129,-0.127024526716109,-0.0103146211701281,-0.0457638248978419,0.0936875929107086,-0.0307093437853393,0.0472148885190563,-0.0229040735674402,0.118387777667636,-0.0123101785180625,-0.0296282674310179,-0.0324276196164379
-0.0127877953950486,-0.126472448103421,-0.0017177648177084,-0.128209776382016,0.0605981468069728,-0.0076507335347171,0.0179806415378992,-0.0470442317799533,0.111066425556452,-0.00312898250156085,-0.00892649928984541,-0.0505515552478802
0.092469954178482,-0.0836232745648658,0.0119409802657493,-0.193301406402726,0.0205699344670635,0.0215625111999586,-0.0326565406697397,-0.0569698317022078,0.088514971512291,0.0446829652179384,0.00582845172896592,-0.058026770325354
0.00529571028143242,-0.0291823640014154,0.0261791724839255,-0.173695795423053,0.0124492823366373,0.0199196515438401,-0.0511699075463759,-0.0465897294741274,0.102817988564842,0.0153563581647112,0.00136858665583966,-0.0291119284747829
0.0110707537761104,0.0221904358039914,0.0355375409744719,-0.164336945265019,0.00541063158649945,0.0136918163887433,-0.0681101195160025,-0.0350798884307206,0.0926044587924547,0.0150772976228836,-0.00278184948043671,-0.0155379771678498
-0.020277372076943,-0.00263178579270594,0.0292228038006213,-0.0317352130907172,-0.00931646199001282,-0.0063598505176107,0.0113068877888333,-0.00629730676243163,0.0164076099405609,-0.259368095067031,-0.0107814230306319,-0.00213959364930567
0.0211800539885762,-0.000347005492600253,0.0276388325528756,-0.0140403824965252,-0.00390052052782031,-0.0147431754576025,0.0240022942684501,-0.0115186245193894,0.00903054981149437,-0.237214347608652,-0.00700804414319267,0.000616264199247919
0.0729661688543717,-0.00152861217592184,0.0315706194178988,0.00327379771224767,-0.000713620596450724,-0.0239945870316898,0.038361779292342,-0.00900285440032269,0.0124750895275965,-0.187671877116287,-0.00867315637880043,-0.00333549399684003
0.240484975511924,0.0202819585888916,0.027450126911968,0.00941127007546178,-0.0139874996458133,-0.0099253144975352,0.0287754414438661,-0.0178440573897433,-0.00214336241202189,-0.0774897674009554,-0.00389681066443772,-0.0240086516487561
0.302038271906249,-0.00536229224623102,0.00875573923494838,-0.000612946437388944,-0.00359441910110156,-0.00943438890509682,0.0263739927382064,-0.0217513444338554,-0.014337255947777,-0.00894399760786924,-0.0125966775537654,-0.029557053721618
0.290285507777175,-0.0289714884952543,0.0124887611238007,0.00871660907116724,0.00537186829205448,-0.00975515070903842,0.0369292486502315,-0.0263897667409985,0.00322025772268297,0.0314290255190356,-0.01275834570843,-0.0393357866626946
0.166279854652798,-0.0614833204002582,0.0132333537196455,0.0477872657538352,0.0393311478082279,-0.0251843426347002,0.0655912503840075,-0.0216940472577307,0.0554669525471236,0.00821245728476845,-0.0178161588825235,-0.0396735986300102
0.0435045615553572,-0.0926687722698739,0.00905028008768892,0.0752258547680143,0.076967543091084,-0.0394855275788989,0.0863670101957794,-0.0169257102369443,0.101828145282097,-0.0239322617175578,-0.0236673579667346,-0.0401795871999334
-0.0101109917348792,-0.116431938332655,-0.000108958595931699,0.0787512511972476,0.0960193729301681,-0.0287975859324984,0.0723678519622845,-0.0178577023776269,0.12391720058203,-0.0168508582160055,-0.0271205869398424,-0.0372255343014272
-0.0371796243683541,-0.128184443790386,-0.0117984831406433,0.0486943627197782,0.106976352926594,-0.0191255763746336,0.0440032762569656,-0.0216452350553942,0.129516317309044,-0.0144898814876615,-0.0324730451351654,-0.0425260332412443
-0.0526540844094949,-0.128797381430439,-0.025660521076563,0.0126157375727167,0.103378702823982,-0.0210726255938686,0.00392209403854324,-0.0152036191815129,0.120114988461886,-0.0255587429128304,-0.040038798243339,-0.0415819717879226
-0.0483942810427936,-0.112225799696939,-0.0170782361161159,-0.0378485117608549,0.0935225434260877,-0.0110186163383332,-0.0350259516389802,-0.0268641676805093,0.11111432700681,-0.0316684627982515,-0.0281491776927912,-0.0446171532457625
-0.0608351500284466,-0.126961925862814,0.00371442069723919,-0.13304931552087,0.0389438038052178,0.00306855412559383,-0.0559210661174904,-0.0529863482112926,0.102340709596523,-0.0230673436212503,-0.000986923492577304,-0.0545429154074737
-0.0410229858637737,-0.0897341581956007,0.0447572661529257,-0.180322609975801,-0.000108300245069439,0.0295942266094589,-0.0816732957225344,-0.0848323817671982,0.0935200843341374,-0.00561589165363161,0.0304790651273353,-0.0671677680139605
-0.0410546780762713,-0.0262737098478809,0.0636970410501205,-0.174074586526198,-0.0166356185403001,0.029007387193724,-0.109430719487474,-0.0786719219464485,0.0787215765344632,-0.00591745911061456,0.0315474329111449,-0.0518326131586533
-0.043376018857004,0.00684905690473032,0.0349440161060989,-0.026345054296223,-0.053339144317718,-0.0173973212494055,0.0131202880513144,-0.0149337302152658,0.0267115195939817,-0.270041254461872,-0.00900425275694473,-0.0366316884916076
-0.00230935580605143,0.0110284540469922,0.0401646224101395,-0.0130947195131687,-0.0482624224307784,-0.0143437883874,0.0285042192173532,-0.0241464119183141,0.0269982168692639,-0.242722942168221,-0.00591193042449031,-0.037932858600863
0.0305822899153222,0.00445918514892208,0.0431626569179618,0.00495841249813474,-0.0525986975480353,-0.0161785770317349,0.0495857245275401,-0.0217577049310154,0.0378333473777036,-0.191477433806418,-0.00603614907094209,-0.0338142028037848
0.17178574522902,0.0200097896087886,0.0509492773856483,0.00274295834962003,-0.0782038318912787,0.0044347943066674,0.0389246003228305,-0.0346627144190195,0.0258796403406121,-0.0822853109866992,0.00526376389405253,-0.0540156472172289
0.112276201448318,-0.0119069572751045,0.0491312407977886,0.044444826323493,-0.0540390437886729,0.0012976017498701,0.0688471972303012,-0.0367806592117742,0.0650640001902808,-0.0564921926853006,0.00913871736919255,-0.0421683214530222
0.126362591660487,-0.0135961310721807,0.0622356294050123,0.0893218426620544,-0.0288201764076306,0.00600156014885214,0.0747298556865197,-0.0459817673256113,0.0871193828552429,-0.0123717200655263,0.0200577595566417,-0.0546011460964717
0.0897619346983778,-0.0423732497945133,0.0290940101467214,0.0941747765602967,-0.0203877927907428,-0.0122599281914339,0.0677578276136505,-0.0319216707864724,0.0907858773133083,0.00570000994675026,0.00162387189364932,-0.0501305045735135
0.0261871568344059,-0.0634439472893381,0.0170538648270623,0.127413905096706,0.0208664436315243,-0.0174851277009447,0.0675361955068853,-0.022874388442265,0.119545500843142,0.000196142552106215,-0.00837369721054019,-0.0470254145673335
-0.0461516691716432,-0.109064789762911,-0.0425454078361971,0.138389507191304,0.0108338937976481,-0.0307138612255351,0.0340132415318889,0.00170079214968155,0.109532321427854,0.0304557900319145,-0.0383432005561372,-0.0183288815376192
-0.0574757920335686,-0.125476446379051,-0.0710643427455547,0.121457368938753,0.0571452140169334,-0.0343529571451266,-0.00983040843129206,0.00895908712096366,0.10331659699809,0.0177302698130489,-0.0525784708796884,-0.0140796218091789
-0.0479969786645093,-0.113721985133558,-0.0536776319067016,0.087951780557732,0.0763698966023663,-0.0257551513389761,-0.0682178205798364,0.0078285979544281,0.0913799861361935,0.0061979336572408,-0.0484864223195451,-0.0195359900125557
-0.037485790316374,-0.0942275211034631,-0.0172624916263773,0.00788208267215269,0.0796281424785294,-0.0202500645031946,-0.120386472271865,-0.0071985589158809,0.0725310822393212,-0.0126302524333492,-0.0334020883231636,-0.0247509349230711
-0.0233586853701712,-0.0457090903556768,0.0297014978460398,-0.0481301205564917,0.0432599405062847,-0.0106829170154977,-0.152692046338059,-0.023471860544235,0.0599779574357008,-0.00377294315301477,-0.0141223965339143,-0.0325126802722925
-0.0362939796547128,-0.0146744840286697,0.0718044822879774,-0.0852526311895009,0.0172082715253848,0.0144644498092077,-0.165812549649556,-0.0526006766782478,0.0593708466008239,-0.0129069692086468,0.0164114040394119,-0.0376634427263387
-0.040901946067486,0.00433910037865367,0.0796315677292458,-0.103764782414575,-0.00874826732420885,0.0266420700837503,-0.173144733560135,-0.0694769328457256,0.0532992256410293,-0.00895018822874397,0.031400739741932,-0.0311586795605484
-0.0898703304927561,0.00676080016298299,0.0292323697192436,-0.0237775339259464,-0.154777140092817,-0.0186463900732488,0.0146733164333676,-0.0188135652741403,0.0223228686602323,-0.210682387124789,-0.0130660995593092,-0.0340445702106282
-0.0863760764970591,0.00753281281028629,0.0383323872715487,-0.0288011895811836,-0.180999524991441,-0.0217033596844435,0.026785775656083,-0.0224897946317087,0.0233258458380965,-0.189425244002702,-0.0104304396904387,-0.0364106962100557
-0.0335920484494179,0.00940620642606,0.0283036801290496,-0.00563733962984606,-0.175182794513257,-0.0181638014220052,0.0349074979398879,-0.0135482042776865,0.0322258006272521,-0.133457796556487,-0.0176836285376318,-0.0283102224351652
0.00510385355783313,-0.0278478188541578,-0.0134934716994929,-0.00425938872304177,-0.206853936462876,-0.031167239375541,0.0303739732481614,0.0030162102029734,0.0221665680022096,-0.052110690749395,-0.0294459167897932,-0.0138264884056443
0.0388485684577507,-0.0287566027186487,-0.00144009575386395,0.0343486631111248,-0.203990290373271,-0.0158130423618384,0.0413826578590984,-0.0111010256817953,0.0412273064161018,0.013125284202702,-0.0121048772534032,-0.0137302902671014
0.0397482010191288,-0.0246353113141141,0.0246495145038376,0.0859962725514812,-0.166334797779414,-0.00387849289355529,0.0424033359057156,-0.0266801465436926,0.0676234091909759,0.0417846374058423,0.00957628425243884,-0.0207348204221469
0.0340165896267827,-0.00516743795015775,0.0538706166304929,0.150824973543877,-0.12181877868298,0.00774521960348791,0.0458384291078037,-0.0401107489522067,0.101398822914583,0.0614452736967912,0.0266618953230255,-0.0325863998943897
0.0315956752693819,-0.001875161553106,0.0427350424612418,0.169886109448451,-0.0594626143673928,0.00268960859742144,0.0234645075860674,-0.0353207350049981,0.106106646454081,0.043978595978797,0.0163721162538183,-0.0314860392429971
-0.0266596808404706,-0.0359945777630959,0.00997558623523531,0.19434121515295,0.00780361957323422,-0.0037957868683807,-0.0160573663064367,-0.0192919191527625,0.106349722857343,0.0320002474501373,-0.00745828591244624,-0.00968403206200579
-0.0328212722511038,-0.0371990319963892,0.0113976372261837,0.187609399499149,0.0580025530505516,0.00248984271230887,-0.062143770352772,-0.0204544258936987,0.101451480726535,0.0214024514308924,-0.0116946451168939,-0.00969211387239324
-0.0308762801669782,-0.0624608163562202,-0.0303331277619109,0.144529988029688,0.0509613938772338,-0.0146967492244702,-0.123069681577008,0.00382351080518969,0.0710776568420275,0.0288367631994656,-0.035232808165373,-0.00456758557485682
-0.0167036302867968,-0.0337115863897045,0.0227293763451549,0.0919495167548444,0.0913928023315191,-0.0084207065419724,-0.182698399840959,-0.0104656402313786,0.0587966748111027,-0.0179369741312436,-0.0181849209406914,-0.0199200213697419
-0.0118808658296004,-0.0302052895292899,0.0193139232236501,0.0140849646683772,0.0419785816176552,-0.0274253587775599,-0.251452825814261,-0.0017339023674198,0.00790222817866468,-0.00411514996526003,-0.0207994714230874,-0.00366707345156435
0.00745108226573429,0.00271210245920721,0.0556376811265578,-0.0339800490859336,0.0191678659990013,-0.00315530534418894,-0.27829591498344,-0.0319338480981441,-0.00445851464242945,-0.00378888631349746,0.00660959706217031,-0.0127931389699173
-0.0106458099766017,0.0218642809103476,0.0608631277638601,-0.0459600259123679,-0.0125948657579284,-0.00486530217122811,-0.271593347517433,-0.0418963571232721,-0.0174016662260437,0.0018021460166829,0.0125474327563021,-0.0027381032399464
-0.120630166305074,-0.0074514287336794,-0.0316349872388432,-0.0127182377154753,-0.262887800922877,-0.0389893964275879,-0.0138128537152546,0.0125467063451998,-0.0069694023313022,-0.113391720164593,-0.0437431864584103,0.000462409748511923
-0.118455413664475,-0.0223945796150172,-0.0292805274640523,-0.0160764517915378,-0.28403623502024,-0.0304267051076474,-0.00652110034544163,0.00240671281257619,-0.00514478749053525,-0.0899358752772292,-0.0371753586661318,0.00192932534953671
-0.0597316457484819,-0.0163477513744655,-0.0138802602730247,-0.0322093215383347,-0.313657125862177,-0.0221860757010752,-0.0157195461271635,-0.00214758500119348,-0.0143333552377361,-0.0229179829397457,-0.0336833923674041,-0.00616445238416524
-0.0226450917412969,-0.0167701588028558,-0.0100855936043377,-0.00229023969746236,-0.312838574165637,-0.00919809396534133,-0.0120917258798102,0.000304282549793505,0.000831935328586768,0.0380552424426395,-0.0301926519872119,-0.000823611017632335
0.0523471436901498,-0.00639455897116074,0.0108096444315193,0.0297306301150159,-0.277882222542965,0.00913247405962292,-0.00851001426242795,-0.0180541801175177,0.0140682111052874,0.0801213812398252,-0.0080388155465669,-0.0146346254420605
0.048435819715577,-9.95498543152097e-05,0.0110151146798732,0.0873486020876275,-0.236594734859154,0.00710931550441331,-0.010778379473652,-0.0172190855120762,0.0347695660256687,0.0958385566230412,-0.00038433782182257,-0.000857681711485987
0.0778067147985489,0.0453419293797835,0.0779298377271626,0.141503934715218,-0.150051349521768,0.0328517411266797,-0.0176987659929526,-0.0501641656854624,0.069181772272747,0.0828440801004051,0.0341712522284552,-0.0237053422002319
0.0360377057750906,0.0466613763623616,0.0793263036121512,0.197270451652548,-0.103760499142452,0.0268972358853564,-0.025658734400884,-0.0446984108653839,0.095367952243673,0.0742802040848544,0.0358813753958423,-0.0185534614924915
0.017223686543664,0.0351398919142621,0.0457645362613622,0.245052392299769,-0.0506118160330149,0.0197727057250008,-0.0517677010320909,-0.0331652380220322,0.0975927628057217,0.0744491504652552,0.0203317056771785,-0.00658683988458411
-0.00862993911273769,0.00674246605471099,0.0151164122028428,0.221351420256721,0.000539871198018817,-0.00017048526833803,-0.108409197828298,-0.0147531109186665,0.0744983552666138,0.0525556910023004,-0.00500386239586887,0.00666752905726374
-0.0254732547182269,-0.0380016565928342,-0.0511310322462114,0.179336555565334,0.00473039254614159,-0.0351887352246293,-0.172355543534161,0.0264652100501576,0.0328778311230883,0.0521961136617314,-0.0462535711025992,0.0250411294412558
-0.0203179836985898,-0.0459941745314883,-0.0390275594987538,0.102603979375541,0.0140844244196319,-0.0427276447824176,-0.221413467707745,0.0255081074389002,0.00799607221735517,0.0309068494912597,-0.0475780329862522,0.0185305202438381
-0.0056200330460625,-0.0436345188085691,-0.0385580995860724,0.0428328570945092,-0.00970485887616341,-0.0546802498583306,-0.279772746723551,0.0284697619559555,-0.0332816074962692,0.0377600187656836,-0.0478462055676035,0.0251304193115483
0.0111280209529819,-0.00931257228841083,0.00541227293560498,0.00332123705804266,-0.0211691340650863,-0.0444825391041894,-0.315238962831967,0.00633980904095416,-0.0535989424310476,0.0279360761777241,-0.0235345764860915,0.0170000141304908
-0.00305985304804973,0.0161649168512329,0.0215011337097113,-0.0155469110667836,-0.0522947479305733,-0.0384228806601246,-0.320731644602505,-0.0113003319990759,-0.0647649936763096,0.0287978576678991,-0.0104400061646658,0.019632785713453
