0.0258180084375359,0.0263588152446215,0.159186683717204,0.0254573636878108,-0.0758917914161003
0.0296581193100815,0.0257620702325287,0.162982107127963,0.024431285840422,-0.074282460601711
0.036878762734055,0.0206729545791061,0.156141724706516,0.0227170661505191,-0.0693671244779611
0.0390990754721571,0.0217413330444944,0.157262034840272,0.0247260597693034,-0.0648319937374038
0.0439562474624755,0.0172275151285086,0.158293559951717,0.0214235134165798,-0.0540214529102218
0.0402701943383525,0.0166923367371023,0.158155234616249,0.0225635342510957,-0.0516093710801249
0.0372135792060876,0.0135347835471958,0.156918269164439,0.0187879056799236,-0.0428756853856726
0.0281460568390666,0.0138895700095025,0.164386747474373,0.0169582929500343,-0.0360786864731435
0.0210022568857133,0.00747079167176084,0.160601427755576,0.0158217940052025,-0.0303094530499971
0.0162931838950828,0.00899838698197652,0.166823547461628,0.0148579916980164,-0.0239531349560186
0.0121143244890664,0.00900517882819478,0.166514327559381,0.0120160919331203,-0.0135749607831922
0.0126428198674705,0.00652618315623664,0.165677308458012,0.00959144614264597,-0.0102396754535251
0.00819581634539015,0.00167356489562253,0.164198107208202,0.00628633636627202,-0.000681141614595387
0.00500854697240203,0.00313754587260856,0.171488966929335,0.00451688027375745,0.00721691439165384
0.000783383854348849,-0.00129619184509301,0.166080140759653,0.0013453289838227,0.0144611433997597
-0.00244902708709522,-0.00263377947278671,0.169503395463844,0.000309609262014761,0.0191930994664857
-0.00900701887102143,-0.00805040637945669,0.171529750214373,-0.00465845124075122,0.0292615250631658
-0.0125661482372284,-0.00952475871036392,0.173566289348697,-0.00848378910469717,0.0361240850342016
-0.0156187151463566,-0.0103101289271279,0.174759365133495,-0.00922100963485104,0.0394122417121752
-0.0174858237855141,-0.00825455135243608,0.176357171055429,-0.0104711268196269,0.0406562094338132
-0.028823655992342,-0.00578784630995715,0.180439928330621,-0.0143437276105428,0.0427415090180366
0.0535209764070546,-0.00144716285780232,0.0829046145064623,0.0288473577710947,-0.0759385428577599
0.0582514070466169,-0.0053147112146288,0.0835635329223439,0.0257271039464383,-0.0715329895282214
0.0639474999436944,-0.00670841076877275,0.0789273276283359,0.0257836048684826,-0.0681215651647622
0.068230565146201,-0.00914839853582949,0.0788044076888952,0.0250621852337374,-0.0627093526623182
0.0701636839772509,-0.0122824355208361,0.0799645133692679,0.0233291221425972,-0.0555024583646258
0.064233833822366,-0.0159401915215262,0.0813796506888862,0.0228255599709495,-0.0458206917908174
0.061902797751159,-0.0188483923038307,0.0770599209913146,0.0215571038722487,-0.0409309816414939
0.0528042220768461,-0.0207968733216558,0.0824368449776844,0.0190095987516941,-0.0354444305015965
0.0482071019402294,-0.0245087359267849,0.0802683645215213,0.0154090108950886,-0.0257252485037344
0.0410620922631448,-0.0255338075825655,0.0856432058536911,0.0133516796800619,-0.01815811653919
0.0334700598129239,-0.0240970060757773,0.0883770829730887,0.0107179259011729,-0.00941706050295433
0.0293019394953376,-0.026977853082799,0.090072951433433,0.00792731580715301,-0.000879678145908027
0.023100159752577,-0.030673351726224,0.09091011283355,0.00518504615273207,0.00771644149231289
0.0199582930498566,-0.0333865100362707,0.0961998671507524,0.000801626484318441,0.0167663282421624
0.0142197303254191,-0.0330990106398084,0.0990146725522938,-0.000477190250111665,0.0268632226603875
0.00831885125128,-0.0341303066756328,0.102432252540878,-0.00219492032393152,0.0331647653413637
0.0044143177858787,-0.0382186219268909,0.102858058534918,-0.00531582880039649,0.0405644652312168
0.0011178557142905,-0.0412631099764317,0.102934676163825,-0.00902628865067036,0.0474899012814261
-0.00671508351082042,-0.0360821394865014,0.112191988832016,-0.00798832311788412,0.0512748017869212
-0.00511810573194466,-0.0328937786543026,0.113015026706509,-0.00904383325908514,0.0523871212776245
-0.00923822163528554,-0.0374459877679226,0.109512309069727,-0.0126823810079062,0.0562668082926606
0.0727552964488127,-0.0155148993729355,0.0353275252226656,0.0300795014451235,-0.0795311799044741
0.0784020894494031,-0.0204756150580861,0.0332573374757597,0.0254126283065189,-0.0714755614466535
0.0864628658400258,-0.0276113279406764,0.0267512461076604,0.0244453905319016,-0.0649214632085577
0.0864151542424831,-0.0290444765540556,0.0276181342021149,0.0247754798863624,-0.06007445198566
0.0859327438707294,-0.0330249017842276,0.0275771911881326,0.0237019841338155,-0.0530830347530885
0.0801008931681205,-0.037275282117382,0.0260241735649716,0.0237410021692602,-0.0459284076761621
0.0789524566105295,-0.0394556809580384,0.0251118857114142,0.0212704781114224,-0.0412409074399014
0.070750427255466,-0.0470733378286633,0.023340366314085,0.0185511828664955,-0.0280465094704511
0.0629873556367696,-0.0485979523583377,0.0265123048395711,0.0147044228864487,-0.0215662253823935
0.0557539158748575,-0.0534876441158701,0.0281684814789229,0.00899299080294467,-0.0104742099235225
0.0449133344394199,-0.054592391987368,0.0321067508266593,0.00435822130509874,0.00102982120916139
0.0393886581237956,-0.0611344410924491,0.0326590578175205,0.000816376496041282,0.0104149028065643
0.0317034718289423,-0.0596537754187787,0.0382852285832258,0.000982347257325912,0.021215672990777
0.0270715516013054,-0.0592802386093612,0.0425014700850022,-4.20242668247323e-05,0.0274602049399286
0.0213588047204421,-0.0577564983225311,0.0481189735309425,-0.00156884892052588,0.0362568173734974
0.017122665902454,-0.0595003252292827,0.0488063297365077,-0.00288147520803608,0.0463991677224783
0.0129772578944572,-0.0622440995377829,0.0492312921533587,-0.0047476520824084,0.0541366662434376
0.0122591676997768,-0.065947145545337,0.046313465849277,-0.00725898513730926,0.0613024615767814
0.00623510882352939,-0.0589483081897284,0.0578384862707811,-0.0078994842285058,0.0620627482694209
0.00117863403338555,-0.0573758718424976,0.0587927882597462,-0.0114042090753264,0.0627244906220343
-0.00108663215224454,-0.0567018963176392,0.0614352763017584,-0.0126029566617203,0.0648820407182067
0.0826612875434518,-0.0260414112710242,-0.00154405265018562,0.0289009847958231,-0.0817169523007075
0.0905911769754945,-0.0344641933909197,-0.00730513217543235,0.0229469199230404,-0.0749465082937672
0.0937708330214882,-0.0431076292794087,-0.014585076258373,0.0211130263061811,-0.0662604444302915
0.0939424159862714,-0.0448991141531213,-0.0124085281638174,0.0213708951007318,-0.0603980498087796
0.0931070081358174,-0.0523103854283867,-0.0159811547184269,0.0193612143887893,-0.0512758128153387
0.0878268710500178,-0.0554445061946559,-0.0147569888947908,0.0166882919105439,-0.0431881676715495
0.0820376665530724,-0.0611545222719966,-0.0172953225005148,0.0146088428405046,-0.0344423287671434
0.0721424276146242,-0.0632232602141509,-0.015210510921126,0.0147568167175302,-0.0274732164826779
0.0643787647347659,-0.064456559318941,-0.0114034711332768,0.0131234454433123,-0.0168406387982519
0.0581348652389181,-0.0695946502738618,-0.00981340746170262,0.00739131424994242,-0.00364002133212791
0.047201766723138,-0.0728892284945247,-0.00610511011918449,0.00341245008627449,0.00863435587660266
0.0412099926067636,-0.0792072332258383,-0.00588895674567561,-0.00128091665954499,0.023359820916937
0.0351940027524812,-0.078356328452549,-0.00255180922673131,-0.000288463069606823,0.0305953779574489
0.0269923792744664,-0.0785080226026738,0.00133652431391303,-0.0020828923788333,0.0395003057854847
0.0229131987956939,-0.074385572062561,0.00735519294221693,-0.0018129972704676,0.0483312445607988
0.0177153903147166,-0.0778065510735205,0.00718505560948733,-0.00436190038981316,0.0568831785058983
0.010906133757459,-0.0782376174683902,0.00947881618676652,-0.00571256631129242,0.0641659512378102
0.00837504715349278,-0.075623170486395,0.0146012536825335,-0.00675053313644421,0.0663948438909132
0.00593324850118891,-0.0720222090742684,0.0192876032161712,-0.00634370507565332,0.0685859848780255
-0.00467998595389859,-0.0705676893411452,0.0239823963649573,-0.0106874615058151,0.0707025964421016
-0.00359768588700908,-0.0683940523939561,0.0244422977751728,-0.0119571807623114,0.070245951117009
0.0796671748504344,-0.0370034811635021,-0.0273892943220182,0.0244317890359694,-0.0874082405640091
0.0844733270641386,-0.0453012734882373,-0.0349672735350481,0.0204630205049053,-0.0796716654746435
0.0873369078382223,-0.0503675235667984,-0.0396083947502722,0.0198254638910143,-0.0748568231094097
0.087924556207463,-0.0525786956778827,-0.0380823092444879,0.0204978458734086,-0.0662471224390338
0.0860960256905374,-0.0607801002669546,-0.0423955345046624,0.0195384088331071,-0.0550116176962676
0.0786284590399109,-0.0616863878440991,-0.0407698233001132,0.0182094108176003,-0.0497363662600186
0.0756947635520986,-0.0657384718141807,-0.041821966692611,0.0161521646123411,-0.0395519547738658
0.0665710361327715,-0.069063734023466,-0.0405309640584797,0.0129418189228898,-0.0289374552325923
0.0572438776712526,-0.0714837965593916,-0.0373492556850772,0.0116047460209802,-0.017552886626885
0.0496317117669716,-0.0766660971486666,-0.0332856670080448,0.00685769519926411,-0.000978606843222608
0.0403621119711985,-0.0814755638186501,-0.0286041232166362,-0.00281946062762534,0.0195739895594691
0.0315681707163975,-0.0835766106794027,-0.0250968770788411,-0.00810571332856578,0.0336694317822647
0.0274718729785535,-0.0834245563868976,-0.0221869859502871,-0.00565697783282185,0.0441257061723481
0.0173329839814781,-0.0828410899812048,-0.0155510988939278,-0.0067854440227654,0.0541371847273551
0.0121578877226,-0.0810763152923924,-0.0140825139667402,-0.00195359265739566,0.0535163730034206
0.00409239554818846,-0.080052716783562,-0.0100591732525273,-0.003030984155007,0.0630771965618547
0.00111135194183241,-0.0802893948175938,-0.00876845311989926,-0.00323062301625666,0.0681880635640457
-0.0133894984750588,-0.07733334800424,-0.00023027263914733,-0.00606733243842307,0.0723112161076355
-0.0160735656189305,-0.0720764136382936,0.00574233830042001,-0.00646040612712436,0.0733315962985313
-0.0197240306233211,-0.070224629751501,0.00887155836050215,-0.00960363127296709,0.075650768102118
-0.0293364374213083,-0.0651193437348537,0.0154539704452696,-0.0108498371518115,0.0714131495498273
0.0648429751824868,-0.0434168229880553,-0.0438179453486027,0.0182299563227612,-0.0838651659158587
0.0654808112726875,-0.0459990974246096,-0.0457130413383426,0.0188182657050179,-0.0842431606091574
0.06614930551759,-0.0495257420978593,-0.048513636763355,0.018328370020166,-0.0777080731677888
0.06749534116812,-0.0538065659512931,-0.0496925919915444,0.0188447542639098,-0.0686168838049691
0.0692955777061011,-0.0600064985899593,-0.0565044404532893,0.0205241619587815,-0.0622406091443828
0.0595338999492422,-0.0616066170125459,-0.0548658839042006,0.0187090068727324,-0.0510132639537338
0.056449988431902,-0.0629387915326026,-0.0531854769357303,0.0167807365966855,-0.0426261765385815
0.0442727731140816,-0.0647731763351682,-0.050733363301739,0.015063979112973,-0.0330613931717053
0.0384817446192771,-0.0698590702859065,-0.0502925402008392,0.0132034566024147,-0.0203020270362171
0.0237376842090689,-0.0733052695313629,-0.0414773795413137,0.00680461431954263,-0.00229871601910112
0.0158953441668155,-0.0776069930410877,-0.036262533898539,-0.00161048756153854,0.0197038834046023
0.00375663251534325,-0.0753323142621624,-0.0286144839366467,-0.0043714655564795,0.0322478286990461
0.00388333183761673,-0.076040835502021,-0.0271882273447106,-0.00271109337568045,0.0440764729791037
-0.00216714988532455,-0.0775483473068426,-0.0236465492583854,-0.00453377654961031,0.0503576366245422
-0.0037015680106941,-0.0780854424263047,-0.0223297402287276,-0.00380448278731737,0.0586053450656364
-0.0124642288740546,-0.0766112758513858,-0.0198939842432604,-0.00205874291888459,0.0675248099210052
-0.0169917917867474,-0.0780333217579365,-0.0173092901748585,-0.00403683129827063,0.0727279105062613
-0.0279312899813907,-0.0731125750083035,-0.00967768923658196,-0.00421084361623878,0.0692517809550876
-0.0286040344346389,-0.0712746572851895,-0.00569198330813402,-0.00593172218625749,0.0731266200829401
-0.0382569084534029,-0.0681854347462135,0.000123717473902809,-0.00949093472833407,0.073065973149968
-0.0400183127512528,-0.0648342145417832,0.00333284763204561,-0.00923708292095206,0.0729169223284683
0.0366204296265272,-0.0451675469015896,-0.0447723354426187,0.0105086516492625,-0.0833047487823954
0.038278602284067,-0.0414833451135574,-0.048020306189742,0.0185433083143185,-0.0839898373999278
0.0385557157969839,-0.0432174680533507,-0.0514894358068199,0.0190686402077812,-0.0799867954916636
0.0458776353046001,-0.0496310470640869,-0.0566662397587741,0.0202830970594623,-0.0693309884973048
0.038154630080575,-0.0524440639946814,-0.0574803599787507,0.0208207011390648,-0.062504275219592
0.0326661078592663,-0.0530165780406678,-0.0570502679616004,0.0200454245373856,-0.0576397245361246
0.0271112627146233,-0.0533477093918494,-0.0538090899208749,0.0179245520353966,-0.0491086466865974
0.0231481392412375,-0.0575205231968016,-0.0544892069402308,0.0180770367366926,-0.0342702443025624
0.0160956295073208,-0.0616449046163742,-0.0509900873936829,0.0156731032896282,-0.0242601125850207
0.00188192824868846,-0.0646875854506383,-0.0449199131076539,0.0101684841135816,-0.00979384939061551
-0.00536706674620426,-0.0663868189267903,-0.0375632588992789,-0.000197284239182755,0.0194852057594425
-0.0150002512538682,-0.0671033489403325,-0.0296393539658868,-0.00502824455619267,0.0350795850326062
-0.015894845597007,-0.0661263893203693,-0.0269961619300476,-0.00370807521506433,0.0446181327752192
-0.0239788716410104,-0.0685133254337874,-0.0253041483726823,-0.00325587745628485,0.0501418243531618
-0.0235149865547383,-0.0691700503617406,-0.0238115311994815,0.00034625431509502,0.05484166621127
-0.0310708763716438,-0.0677630249421202,-0.0214699984950198,0.00152224931994766,0.0603836856648369
-0.03030073073573,-0.0688312256389307,-0.0208566563591699,-0.00067996814045445,0.0655642415996883
-0.0346530676189891,-0.0672126673378828,-0.0150673133929794,-0.0021481273658026,0.0707000501320376
-0.0385494091809666,-0.0642390585518052,-0.0108958715001184,-0.00209939744446804,0.0689655391804921
-0.04462199359215,-0.0636669764050243,-0.00786235999372753,-0.0056425427864184,0.0717690222488348
-0.0472731616232779,-0.0629367948128423,-0.00650765226844824,-0.00576488082261773,0.0717758321728851
0.00904136809470547,-0.0363509194084781,-0.0418757011324612,0.00970534107538871,-0.0869892058715702
0.0052332110728886,-0.0364622663750018,-0.0436326575341844,0.0135785089465297,-0.0851752896481635
0.00403105894121315,-0.0375614124767212,-0.0455506753909782,0.0162048487055016,-0.0798198603987434
0.00918317734246398,-0.0420931913445623,-0.0496588637862823,0.0178826603056727,-0.07535261366734
0.00525454241226574,-0.0423044019762178,-0.0510325154718192,0.0211474962656699,-0.0704249847545268
0.00541720366386154,-0.0427818806168143,-0.0511550342393352,0.0218693453166733,-0.0622537325571145
0.00188318979502421,-0.0435197839852021,-0.0495077076882484,0.020894272187322,-0.0546162122808179
-0.000937620875455615,-0.0463644764164229,-0.0489607011190021,0.0213034270800029,-0.0399415623332467
-0.00656504741263531,-0.0464428560825519,-0.0452574212541694,0.0209464840594212,-0.0278610291956012
-0.0171813261245421,-0.0507112561968077,-0.0405093535264192,0.0155939122578242,-0.0107736722596377
-0.02615235636012,-0.0528249350802679,-0.0332684754367216,0.00643146864609715,0.0100301941505135
-0.0371340534633801,-0.050062854116148,-0.0249289911240034,0.00482113476158386,0.0223342102923565
-0.0375409483651652,-0.0507422606586753,-0.0225029555522394,0.00225577675723585,0.0365413503198601
-0.0444561731113509,-0.052281772570034,-0.0204740091790252,0.00227498870789225,0.0450647265634133
-0.0485341704497697,-0.0535066914533892,-0.0181833782210505,0.00301807163611727,0.0546738317739735
-0.042725134911675,-0.0569283859212624,-0.0228118557080656,0.00588308089997858,0.0598693546465185
-0.0441894089938439,-0.0575341501602118,-0.0220415967847355,0.00336608991752318,0.0638588650804685
-0.0482005746014588,-0.0576884714163857,-0.0179063214796107,-0.00105449160355252,0.0692354432023104
-0.0488949704079554,-0.0548432909504662,-0.0133478974247289,0.00211379404913717,0.0675530992034028
-0.0473274692895786,-0.0549382450683462,-0.0123235781126769,0.000788978979004893,0.0676420169110403
-0.0487012891257645,-0.0545113523921142,-0.01146784329492,0.00211896708971711,0.0686984287835359
-0.0244214782240834,-0.0263601812833335,-0.0320094457650792,0.00528259223148041,-0.0892453676273698
-0.0165851006617173,-0.0248732262479596,-0.035686391956992,0.0122239345922324,-0.0873091617959029
-0.015866625377494,-0.0245790418957599,-0.0378835252188574,0.0159823469322538,-0.0837591163951716
-0.0151503370913115,-0.0288474174183813,-0.0423830077135183,0.017648194822895,-0.0804610117420131
-0.0211822471546079,-0.0314471458509819,-0.0437263611007247,0.017847746474769,-0.0747633877533289
-0.0171911829386866,-0.026450293664447,-0.0421336625611052,0.0209339275271689,-0.0697838135031766
-0.0185514866077057,-0.0294649497384174,-0.0422274774601523,0.0225111124554756,-0.0595354145434629
-0.0189623919682005,-0.0282910161251887,-0.038235535675989,0.0226516692154904,-0.0439475244007029
-0.0243991506475121,-0.0291959707493749,-0.0362744843871047,0.0236302969554817,-0.0302402356060857
-0.0337688420994975,-0.0314444729880296,-0.0324635987353206,0.0242089379517241,-0.0181829653327386
-0.0436142867340327,-0.0339240900747517,-0.0259296033034807,0.0142247535219759,0.00416030761766891
-0.0461705540130009,-0.0353808389423562,-0.0221370531123076,0.0101935236012449,0.0166579302011158
-0.0497062408484747,-0.038579924501475,-0.0203457809373391,0.00780742596685806,0.0279488775262175
-0.0562284022288988,-0.0392054137996745,-0.0167318058933497,0.00863300466560492,0.035734239302466
-0.0576538219201175,-0.0408428372240999,-0.0174780537591871,0.00902017267901204,0.0478395449109464
-0.0588330455155394,-0.0463587282092238,-0.0228889675889171,0.0110909503877343,0.0543305795778899
-0.0578492596331704,-0.0448991987598223,-0.0191051090463333,0.00780564827188483,0.0648707895623793
-0.0596993899292138,-0.0437794688708979,-0.0151914024011365,0.00822173527038095,0.0681044590260016
-0.0599963060502094,-0.0401799649501873,-0.0130023660165583,0.0149556043959705,0.0587500122884119
-0.0587132686320324,-0.0427087078914597,-0.0144462242259335,0.0117436672839354,0.0597587181751886
-0.0581787303292124,-0.0440065230485098,-0.0126536119760477,0.0102708125333277,0.0653165275359166
-0.0427895413728212,-0.0231984511616111,-0.0273403593451087,-0.0016471958160333,-0.0854398712640272
-0.0408425176398196,-0.01761209788449,-0.0268499923066389,0.0028191679466398,-0.0851871041863216
-0.0320995525596615,-0.0144668468139662,-0.0314034946909279,0.00932092634355203,-0.0855016347180991
-0.0344113239171015,-0.0181364984084165,-0.0330246269743403,0.0119910286434471,-0.0805354761538513
-0.0368040289860069,-0.0194866155826391,-0.0327243756415713,0.0137869339890226,-0.0770258055653148
-0.0362089419615561,-0.0132336207615253,-0.0313217927578641,0.0193624050547746,-0.0720048710398879
-0.034928411196895,-0.0102423319310415,-0.0306976096890207,0.0266314233620863,-0.0630991397396564
-0.0282187251569472,-0.00950846920028641,-0.029143051335128,0.0261317375378196,-0.0469870129692638
-0.0300436750850094,-0.0131647067190271,-0.0276991240747436,0.0226143428942122,-0.0337169538897811
-0.0441218262160146,-0.0151456463750449,-0.0252943708167474,0.0266847017178068,-0.0252997635282662
-0.0495583858510407,-0.0151696794178602,-0.0214176544995689,0.0242778276517726,-0.00963016176542291
-0.0528368425075279,-0.0182687687550592,-0.019550237333447,0.0214252230498532,0.00195517848485482
-0.0564380424103849,-0.0212563773445945,-0.0186200184490623,0.0204835365771066,0.0148557059618568
-0.0631256152497423,-0.0224859310669087,-0.0156155334693429,0.0201358063897542,0.0212260312367349
-0.0686376975083718,-0.0240935365010345,-0.0125631029890581,0.0172561796631779,0.0377025980679142
-0.0667695714983606,-0.0270443229417485,-0.015163256083285,0.0159643991774979,0.0488102585773864
-0.0650348506718023,-0.0286765637086598,-0.0167445488398645,0.0178702075690748,0.0565057678872178
-0.0685572443013158,-0.0267810272549503,-0.0098428886473892,0.0150847919485292,0.0675958880829142
-0.0671208039347396,-0.0232755706306054,-0.00916316769120635,0.0239505068636851,0.0538478113859865
-0.0657225017792825,-0.0261876736377066,-0.011867951986717,0.0228408314825195,0.0526155999083485
-0.0639980594978978,-0.0282188812588379,-0.0108152712464891,0.0199026786163775,0.0571123333034592
-0.0554623239382779,-0.0139802728715369,-0.0193488419626967,-0.00383144817607772,-0.0840099377364866
-0.0543012942822745,-0.0115518687936462,-0.0211297490285697,-0.00338102814441747,-0.0854451357080154
-0.0523437532184294,-0.00293155161670886,-0.0201023329573751,0.0037072586933312,-0.0845323865288747
-0.051331168843597,-0.0039732929869386,-0.0219304012214517,0.00697168368749415,-0.0822017296908364
-0.0512463440961129,-0.00184245136730284,-0.0207087763287888,0.00872392298778072,-0.0735389842391294
-0.0454537374722172,0.00871147875995523,-0.0198423321436218,0.0215426137358348,-0.0699182457797437
-0.0400198493697308,0.0101745987844133,-0.0193822718450153,0.0239464757285933,-0.0620692099221907
-0.0317265433121353,0.00888908969750058,-0.0207557168961145,0.0231850729480166,-0.0490455705730529
-0.0304235676725387,0.0105995427393555,-0.0177401789029284,0.0241897741287202,-0.0362554755483821
-0.043311178714884,0.00722279028161309,-0.0164796610640192,0.0283729515101656,-0.0303204872292386
-0.0463726840873923,0.00382918467146277,-0.0181222681026361,0.0299660621289772,-0.0227411337180141
-0.0514921871063486,0.00316255530208972,-0.0143463043643126,0.0306282386003469,-0.0107568597326118
-0.0562059041121365,0.000714810469048105,-0.0136524864910562,0.0329282166256811,-0.00160286497649564
-0.065663542840492,-0.00206227635643744,-0.0128981278103375,0.0356641446489257,0.00508414690330791
-0.0721834025856063,-0.00583332195672852,-0.0090661535043978,0.0284455895504465,0.0233390434038687
-0.0709684309119757,-0.00910835832203731,-0.0127973698097063,0.0280163645309666,0.0349201624681283
-0.0695405871718506,-0.00968510730424836,-0.010922755606946,0.0258955946508296,0.0463720756781562
-0.0707530145675519,-0.00865654775756418,-0.00891215637935874,0.0298262257085172,0.0469784914704523
-0.0660565005702976,-0.00480516573662787,-0.00845620565561194,0.0360614810273145,0.0445033382653622
-0.0685109412028246,-0.00854118241392981,-0.00805380756434715,0.0339180494002418,0.0434567605918564
-0.0658761606133247,-0.00757923692688952,-0.00704850290778094,0.0331680334993993,0.0449648273765427
-0.0539014503717722,-0.00053594122011091,-0.0130724621093099,-0.00743084254951675,-0.0757287495320238
-0.0580213728278599,0.00200327777355653,-0.0106896900307492,-0.0112152956030366,-0.0797531844592507
-0.0614872386038631,0.00390336832164857,-0.0114128518793568,-0.00607908610708927,-0.0772495280632905
-0.0597344816951732,0.0075064304764957,-0.0124939093466769,-0.000986712727069118,-0.0763172714888393
-0.0622462693206526,0.0105291722712922,-0.00905589681559563,-0.00107402859192843,-0.0718874576016365
-0.0556931834175521,0.0192714790620315,-0.0129413022207341,0.0163083652383066,-0.0717023927263909
-0.054049805420484,0.0224466453708156,-0.0118903925853296,0.0234631122454717,-0.0627846549800608
-0.050426746082277,0.0231880992343471,-0.0122801199437075,0.0250135705225501,-0.0522069834866284
-0.0482914197041322,0.0257276662433795,-0.00960598004434477,0.026825899581388,-0.0388029374332692
-0.0566914192551197,0.0212259504255044,-0.00863439175054535,0.0310422704574537,-0.0319102536847618
-0.0602894477018233,0.022271870591297,-0.00820655748415748,0.0368933149116584,-0.027797664835392
-0.0631182840687863,0.0237215470212184,-0.00560384829891448,0.0388235513684638,-0.0197007147074783
-0.0654366089521874,0.0199734886573567,-0.00568285272770285,0.0417826890801779,-0.0101681253457506
-0.0681835130148633,0.0178918237842641,-0.00546017369117395,0.041368978112098,-0.00171135675365216
-0.0706851004718123,0.0156405376839336,-0.00689635330759446,0.0426230647607033,0.00750792254351112
-0.0748913218583933,0.0121506363156403,-0.00652757515060509,0.0428154715003757,0.0180269151310086
-0.0753760154884407,0.0115889918340268,-0.00580929238095719,0.0413611794123289,0.0275526364383721
-0.0716815526590214,0.0131141437859871,-0.00314218758013446,0.0407234281013041,0.0410390215292713
-0.0673282016927598,0.0134072626973204,-0.0037889481860468,0.0456053935750074,0.0391416227685842
-0.0650782329865544,0.0114769723728438,-0.00595628180168274,0.0462681812380018,0.038030151311774
-0.0633957156992336,0.0112875868912567,-0.00357977699580241,0.0435017288023732,0.0439283231307339
-0.0502742942062046,0.00973859590419672,-0.00874906049765255,-0.0143039170823192,-0.0644703855727953
-0.0614858705457479,0.0154966619993143,-0.00252634943165413,-0.017918285180234,-0.0696822186046251
-0.0577275964920863,0.0173213548904282,-0.0065897894612455,-0.0118425986204492,-0.0684874409456056
-0.0594156748381168,0.0245558676113529,-0.00342649874749816,-0.00639139632394999,-0.0684278328278918
-0.0536076288819217,0.0288063791740323,-0.00533963828201468,0.000862734274827684,-0.0661231714122853
-0.0556537905085353,0.0329066218227316,-0.00716208017158401,0.0117738058342114,-0.0637246102736584
-0.0520066122148987,0.038610064340008,-0.00537553987498708,0.0204317251534085,-0.058545361413013
-0.0500136589006483,0.0382170932133107,-0.0075979831588813,0.0229103663378414,-0.0483009853531716
-0.0532710553117168,0.0382104500835127,-0.00489994617577208,0.0237647598551369,-0.0352982777780152
-0.0559483448823564,0.0352567766409376,-0.00321760409222611,0.0290484123059904,-0.0270320426899329
-0.0553588475137057,0.03778052929987,-0.00438834385738221,0.0361161647368346,-0.0234773925565083
-0.0594911583572804,0.0428291802241385,0.00244404928858595,0.0415113484457456,-0.01547078598369
-0.0668982861464963,0.0421519191373977,0.00349468944363127,0.047069957834775,-0.00850377285071521
-0.0662107143415887,0.0400778302226118,0.00112136914875795,0.0489536275908358,-0.00269266619202948
-0.0679272042868112,0.0347537693294936,-0.00197226677284997,0.0490325216363068,0.00504749666763381
-0.0705808205135721,0.0325374501806639,-0.00192506535507035,0.0493074059471179,0.0119749216607978
-0.0676835998380667,0.0304169886488295,-0.00246096960519542,0.0481383900478587,0.0224874865237548
-0.0643335536856873,0.0280255490778968,-0.0031280734966272,0.0512502029871749,0.0293372300844766
-0.058588240595176,0.0245229282807233,-0.00593032053685883,0.0503426908719005,0.0333155860131379
-0.0576121616680331,0.022984392854952,-0.00680463871059622,0.0488973381070213,0.0345142822074157
-0.0552563191897752,0.022167089565831,-0.00506263842065606,0.0472757358888153,0.0385989264819392
-0.0475420829721591,0.0256381242559482,-0.000354723613898138,-0.0231906102696924,-0.060129415500275
-0.053589639587157,0.0326658917762968,0.00371516007977453,-0.0218297932322825,-0.0649724689332239
-0.0517658184196144,0.0312681657044363,-0.00052950550025393,-0.0147579386214744,-0.0620737604012656
-0.0440372782440212,0.0417351200302355,-0.00131502015860579,-0.00508262983278273,-0.0646508015453885
-0.0434209503390304,0.0376899316565194,-0.00415057639886028,-0.00704506011038291,-0.0585294285450103
-0.0420888026103244,0.0391768958544805,-0.00740263657713566,0.00260529923525965,-0.0548659552086184
-0.0424342351236823,0.0427270463095906,-0.00653914971049512,0.010724577076584,-0.0474900046907361
-0.0405059479123197,0.0421651166514079,-0.00791590412777688,0.0180256077215171,-0.0354149502366843
-0.0407445370978723,0.0445148730863397,-0.00689493143465957,0.0242902612229336,-0.0256615045141347
-0.0361987070232067,0.0464003641635913,-0.00587266373738555,0.0309531100799362,-0.0189722537594799
-0.0383216260595161,0.05025592285357,-0.0012513324460972,0.0353664941455554,-0.0106652613495204
-0.0441643961152918,0.0554156064389701,0.00489741900302293,0.0388434336170803,-0.00936647911100493
-0.0421431997596472,0.0572432773665835,0.00500138969418389,0.0423127353566933,-0.00111947443230399
-0.0443051174723187,0.0564924179325449,0.00609383630056715,0.0454099243634366,0.00383344703822079
-0.0444137039228316,0.0560306288567435,0.00506849462730796,0.0504086993632159,0.00687374996748507
-0.0506171426652753,0.0502985193985939,0.00369640939943682,0.0511014875500441,0.0135712841664127
-0.045077116205619,0.0510896571158198,0.00246430730772058,0.0517847096322614,0.0218501595624567
-0.0386144604369596,0.045363435938763,-0.00362114681483398,0.0516978296704891,0.0286935734843874
-0.0376773331426687,0.038985278827804,-0.00802810618063659,0.0519167191023424,0.0338137385749795
-0.0326771139357476,0.0339384478333277,-0.0100842962826293,0.0507276377217223,0.0360476665028778
-0.0275433165632138,0.0253251309097947,-0.0136509997646964,0.0437314278185751,0.0424819718633978
-0.045254915881673,0.0335782923208328,0.00897515489739853,-0.0467038332085764,-0.0533861754462437
-0.044901783123002,0.0359755585152042,0.00489073777755151,-0.0380510803086629,-0.0545727942816162
-0.0404261136618079,0.0411391912692377,0.00260870910285192,-0.0279105821959783,-0.0556667565675597
-0.033155015581914,0.0433737834911459,-0.00133525597555108,-0.01833520667503,-0.0554909793271073
-0.028304155232279,0.0474546293241847,-0.00301897654735388,-0.0125337116418091,-0.0527370390312364
-0.0304522729468787,0.0474984494922889,-0.00590232052779414,-0.00813002216604194,-0.0456186169823994
-0.0252924528243609,0.0462231597041863,-0.00966143091075048,-0.000296234851197062,-0.0372250787457281
-0.0235235230699684,0.0483170889493396,-0.00817781839494015,0.00646851415653106,-0.026208472916253
-0.0215551407779667,0.0528691302458316,-0.00475111230149702,0.0116989551689793,-0.0147218981215602
-0.0180079100089919,0.0593309180228532,-0.00139063963371542,0.0231924732752606,-0.00916379197333567
-0.0181776217297791,0.0619288189775831,0.00119548176179969,0.0282938099860027,-0.00525165052408716
-0.0221635253033094,0.0660600692373603,0.00538216361792969,0.0336177598987473,0.00107754325357335
-0.0227752233546607,0.0619458513743944,0.00249875684601157,0.0374724900722031,0.00922756260906395
-0.0188365248671662,0.0649550395049865,0.00270775214512826,0.0435119779503745,0.00989092314299627
-0.0231879897156889,0.068941988907272,0.00681788784592884,0.049497596300299,0.0130760274365417
-0.0258725191433878,0.0689178533874173,0.00868407514334588,0.0534590271368778,0.0181857983279878
-0.0265557615255793,0.0717954785911326,0.0101693801029119,0.0554020188217732,0.0219535744742664
-0.0191344427928705,0.0666982707277119,0.00280566985184313,0.0570342427401754,0.0238996813581074
-0.0138755352297864,0.0526912020596837,-0.00757505394792653,0.053547439451205,0.0331972839311272
-0.0117145858287399,0.0428680519448974,-0.0104793373140185,0.0493062730356539,0.0377171359926824
-0.00944205127344249,0.035220085589819,-0.0128173500290324,0.0423705825037521,0.0434068696648208
-0.039176137245833,0.0380674333156888,0.014290062342532,-0.0739252153495802,-0.0487292246492669
-0.0359589811539517,0.0435579129541824,0.0101554360000561,-0.0567249331079963,-0.0493366931813723
-0.0336787595608224,0.0432502759408743,0.00544923925180832,-0.0469200271335253,-0.044514136369634
-0.0283928755204078,0.0456038750396112,0.00190605048297747,-0.0375393933611908,-0.0438646108513521
-0.0257844680771922,0.0466846761694545,-0.00156495799514533,-0.0338985142398294,-0.0391972591567501
-0.0262415650739919,0.0465399122076418,-0.00276820375979826,-0.0280738297454238,-0.0340550750231962
-0.0178752901159237,0.0501932359531945,-0.00577937859061415,-0.0184535474027703,-0.0279250296813601
-0.014640592607679,0.0492902125398229,-0.00806548366188527,-0.00862790684065676,-0.013363109168764
-0.00781512887913253,0.0547698796882628,-0.00655372826437017,0.00131824666266319,-0.00447633535073805
-0.00435298616112198,0.0636851246581637,-0.00162594854133877,0.0118489029993601,0.00144454123902575
-0.0049754722376051,0.066669124842446,-0.000484553117075008,0.0180299139122859,0.00588409920985583
-0.00135713218356939,0.0639839351413652,-0.00196337955514398,0.0188798912065048,0.0111081799498117
0.000974945382824,0.0634097956192094,-0.00222555493838087,0.0231420813709087,0.018917219813332
0.00326801728872565,0.0656544672545707,-0.00298075080088452,0.0311328970859969,0.0230576146597348
0.00105591267706123,0.0706294786943328,-6.70721944731434e-05,0.0385203706533932,0.0268726268979107
-0.00181098781019611,0.0736826173350833,0.00286404549055837,0.0447917609102622,0.025669734595387
-0.00805668606858557,0.0825946576187417,0.0107437380519832,0.0532484328095272,0.0277617050317295
-0.00403788445558437,0.077138419824529,0.00434208214173174,0.0565144691314876,0.0287039261287236
0.00317865523257173,0.0620022991305656,-0.00577759313378489,0.0493915629483203,0.0370111650773142
0.01220277904533,0.0574252363093281,-0.0105135254261165,0.0497239684512213,0.0377959021026919
0.0129171481541737,0.0435774048259935,-0.0160251800139973,0.0403526946537242,0.0446661711206881
-0.0372468047252232,0.0310852665071496,0.0131774866900387,-0.110070951833695,-0.0373439900753791
-0.0368555293749595,0.0358064133371663,0.0123467046636311,-0.0932856755126706,-0.0362220486502091
-0.0289335731755996,0.0359039875681319,0.00352099552108882,-0.0855449867606445,-0.0351370172787897
-0.0245857355059527,0.042290503524034,0.00370731623820104,-0.0685914570227335,-0.0361466074075052
-0.0223162398282339,0.046191089092494,0.00417695194211108,-0.0662828169422266,-0.0306453607833498
-0.0222253054463644,0.0491328257688838,0.00482109626672584,-0.0629294542540382,-0.0267995654504688
-0.0140387690723778,0.0533237592083171,-0.00228479746142456,-0.0309748354216536,-0.0220767615333055
-0.00537339609928995,0.0531511993567725,-0.00717590218629325,-0.0186884242562668,-0.00758416218153829
0.00415444558069184,0.0597002748432748,-0.00701608657836667,-0.00584909284420092,-0.000319506387356672
0.00942447772925113,0.0629624521736717,-0.00624571984737626,-0.00317598145226748,0.00813713554489984
0.0114563414713789,0.0628776066261864,-0.00804477783791299,0.000409902232376331,0.0128292282105987
0.0216469855765883,0.061987377716585,-0.0100650579847331,0.00555586388799921,0.0228651384426232
0.0271303004390913,0.0663228603163041,-0.00917487536695656,0.0163589175369147,0.0265086079241335
0.0281842958919542,0.0649880978564895,-0.00927133912499592,0.0226150320688974,0.0345783773241838
0.0353432062244351,0.0694681259724908,-0.0108982559553817,0.0342766677289651,0.0351442558723041
0.0234721663440071,0.0713838867810997,-0.00880680231449173,0.0390546489923839,0.0341460962081026
0.017889813333301,0.0802896518792909,-0.00128748771730659,0.0471910507132319,0.0359542304604844
0.0180649520630474,0.0819638572392816,0.000101515276873273,0.0511180648885602,0.0359223541974742
0.0205887151819223,0.0747403841343406,-0.00261798572814877,0.049909221832087,0.0404526618887886
0.034137693403934,0.0652445323861,-0.01240375238149,0.0471270014808637,0.0408686008535812
0.0340617756214554,0.0525907047552205,-0.0162749459766637,0.0379102615817983,0.0447733378950013
-0.0358743858148259,0.019713063888074,0.00963310043000621,-0.139735471192313,-0.0267368212035511
-0.0409561178374006,0.0207979694346569,0.0110160879988637,-0.145426745921036,-0.0234609202863634
-0.0267945586633849,0.0189375833327979,0.000400485712738491,-0.138405213250103,-0.0221445103266451
-0.0238593085189138,0.0261940675348683,0.00226306014648244,-0.122824478173209,-0.0207495147993692
-0.0166098205116844,0.0356826200902157,0.00353015368855762,-0.110288372547074,-0.0202206275291317
-0.0165817120455951,0.0442019783445453,0.0038262088501918,-0.0851094302392341,-0.0182903330055443
-0.00758662887321771,0.048385122981642,-0.00255364503163199,-0.0641632042296642,-0.014424741011583
0.00688389019118663,0.044867387464861,-0.0111497748770285,-0.0553945753058251,0.00075029785975368
0.015713692200855,0.0543899527346938,-0.0132766139930096,-0.024856308801201,0.00637527023729363
0.0258319357591915,0.0544642802943404,-0.0183967460288281,-0.0147848870031402,0.0161988147561468
0.0329810764982934,0.0552685285019494,-0.0214018562883989,-0.00734775613895219,0.0230406149013736
0.0398161432613429,0.0572503432136948,-0.0187190422949186,-0.00733065816628287,0.0310888797280618
0.0468820535579356,0.0626586275785332,-0.0174339201474043,0.00717554960991018,0.0329033710249414
0.0528708432563385,0.0604131520152642,-0.0209298335459188,0.012260416445954,0.0432224380478983
0.0550797798194332,0.062003364749606,-0.0242229864574709,0.0252104173491727,0.0476743863712777
0.0495614451905742,0.0612697556334161,-0.0245995606681391,0.0281217698986877,0.042395968897045
0.0434912490421708,0.0680567232876561,-0.0210169928876678,0.0361476503866495,0.0463496215655367
0.0391785128643082,0.0750240097338497,-0.0138436880576329,0.043963353559994,0.0443868437297838
0.0441808680062363,0.0747834175371365,-0.0143759124788609,0.0467212201198826,0.0444144953320443
0.0608735257794255,0.0692940612335559,-0.0211209575659073,0.0481087644260095,0.0433207649018137
0.0651015827107509,0.0623384096342098,-0.0251894511123067,0.0442917350805078,0.0421203760727037
-0.0207887294820842,0.00176187026775243,-0.000526626884430897,-0.178636427971852,-0.00862136655953175
-0.0268335706982867,0.00851355267617989,0.00156897509612817,-0.164092936637857,-0.0127745169624715
-0.0183681642428048,0.0134544536012973,-0.00311642738163069,-0.154518098309005,-0.0116808120840006
-0.0124023455669307,0.0173753091272144,-0.00518620897190747,-0.151181171434195,-0.010745642427731
-0.0113329056835717,0.0246567102272024,-0.00114390830989925,-0.143107653896684,-0.00814704927599731
-0.00904237621263808,0.0290085952676607,-0.0018455789390939,-0.127604755852559,-0.00172163654413308
0.00472356719742801,0.0394929336631845,-0.00489560578908367,-0.104975333395645,-0.00360352042352649
0.0172077222351448,0.043399166129873,-0.0153985593763986,-0.0651011991796129,0.00429180069284823
0.0306822373402737,0.0497106017602574,-0.021555787657172,-0.0390706627389188,0.0111565020903913
0.0430670991961993,0.0482728709909308,-0.0267542219353672,-0.0325369130173281,0.0222347754468849
0.0507900833131727,0.0489379297329618,-0.0291833528543533,-0.0270114152388723,0.0289825345155333
0.0603069357805179,0.0540751906142643,-0.0274649013887805,-0.0162784796971392,0.0348599789527861
0.0694645556027864,0.0571802991011886,-0.0298409138844652,0.000703707873002244,0.0428506248468454
0.0722393095388466,0.0558192109887488,-0.0322506213110144,0.00490593035480856,0.0515150196772289
0.0783649658775107,0.057395832205262,-0.0373826405386095,0.0207846981275568,0.0572633609223332
0.0714291573114167,0.0567703906540571,-0.0389897192516234,0.0208531839944869,0.0546188185170955
0.0688259795945622,0.0631998804199315,-0.0341303024614954,0.0281750144254074,0.0531191043524677
0.0619242269628369,0.0684748651924559,-0.0276351172354521,0.0346428006478361,0.052157444012811
0.0662199064515427,0.0719591866362625,-0.0237497065241037,0.0410435825337763,0.0484755176600207
0.0829684759995112,0.0705924873057381,-0.030242888282392,0.0458296567377501,0.0456078657925862
0.0878274860874986,0.0635658670248125,-0.0337757983932901,0.0420803976034066,0.0502364196379789
-0.0157693531373759,-0.00461043416747185,-0.00323633819537001,-0.189702296546654,0.0026434872017601
-0.0135283483479032,-0.0027955894151932,-0.0062854369334306,-0.18072122738607,0.00777475714235146
-0.00705368184162902,0.00503691403894657,-0.00782577380094973,-0.171901143235244,0.00281637790685484
-0.00405974785030929,0.00850923048560123,-0.00796630932459449,-0.167253988237549,0.000732420694642826
0.00858319011590447,0.0227634301265001,-0.00936301249731655,-0.136235150728256,0.00308833845834591
0.0149291122339949,0.024555382754202,-0.0122470601977516,-0.125328317405327,0.00652296758882347
0.018141243019381,0.0343916985821508,-0.0101925163808549,-0.119077824892843,0.00593333918616904
0.0299860134466251,0.0361928718840127,-0.0179115286934475,-0.105497779900793,0.0130113049823079
0.0394544897556855,0.0383989642911238,-0.0217585325465192,-0.089751772659378,0.0166314521222575
0.0540178244149193,0.0426586668145512,-0.0291319194741506,-0.0655623254515519,0.0253918777687152
0.0610088285021361,0.0466847507591202,-0.0297650914502146,-0.0567664891439521,0.0352811269859452
0.0730979484282972,0.0529332736458,-0.0352001091433951,-0.0233725525335875,0.0426672147874087
0.0891534083964591,0.0534070017840271,-0.0401929692201897,-0.00832169564828282,0.0500980447017309
0.0834538032352978,0.0511433037896968,-0.0401124474418538,-0.00462370134343622,0.0595182577096932
0.0869160799883119,0.0525847349106502,-0.0454516451856609,0.00777432782499014,0.0586051346210127
0.0764881780818285,0.0546681575480502,-0.0440199027767312,0.0107047338921134,0.0589793258824019
0.0801351977090567,0.0616027452958931,-0.0425915898148623,0.0215685091867602,0.0573940903300156
0.081397414268041,0.0633798183201559,-0.0406108436326117,0.02671965982437,0.0552007506855364
0.0881094609215643,0.0663246156483128,-0.0384154378260512,0.0342033446265705,0.055671268477591
0.104535160900235,0.0666836994869195,-0.0404265963327409,0.0420942753526884,0.0526441126223041
0.106391025924899,0.0637706694390173,-0.0396467285312572,0.0388035651765473,0.0540395475359167
-0.0118854210193512,-0.00794597294040858,-0.0055211678358228,-0.194354848699328,0.0128283644058958
-0.00870815899548981,-0.00511040230838764,-0.00633182617800358,-0.188916846378124,0.0155162708165146
-0.00431508917958805,-0.000916570828592042,-0.00729472940085351,-0.186249917100176,0.0147342352501795
0.00690107911365735,0.00341144831995107,-0.0133280352023985,-0.170914499581609,0.01427073488557
0.0174901189505486,0.0136640144324557,-0.0118378469194125,-0.158731109578794,0.0138296735127702
0.0257134653357511,0.0137484137494558,-0.0161261839087996,-0.14792729638414,0.0204826930860684
0.0320125161436893,0.0266197333316324,-0.0170938928970992,-0.121388734858243,0.0199936578857254
0.0406502913040084,0.0291846924223179,-0.0229397783825861,-0.114757035838466,0.0228343868512016
0.0575007238199705,0.0315844219131347,-0.0304201468591508,-0.10834342659201,0.0314206378033733
0.0654386965267989,0.0374204468254009,-0.0332332433803912,-0.0907016178330311,0.0377345166225147
0.0713215595849769,0.0425914842246116,-0.0334208924874057,-0.0827204396635749,0.0424182976789129
0.0793586591868083,0.0450576614009953,-0.0340459765212285,-0.0752855222984335,0.0443162023458517
0.0909103516321244,0.0471801147484973,-0.0401464254825677,-0.040912137566086,0.0530719602674062
0.0831005699384191,0.054183932924146,-0.0387019128352885,-0.0162875920046922,0.0571409213362267
0.0803227447167619,0.0569093725607926,-0.0422558365295144,0.000859083011584268,0.06204174757547
0.0753665631316953,0.0588891736091932,-0.0423117860310825,0.00523774705777401,0.0604175544347059
0.0732830477634669,0.0621556200025901,-0.0413336384679304,0.0104900833480627,0.0606098320066962
0.0777375453335861,0.0649401404472569,-0.0384194307572483,0.0180189026203716,0.0592029268162637
0.0875944098200249,0.0640344031835405,-0.040173905176112,0.0263952410487984,0.0557608652235688
0.105695701545832,0.0617207013846638,-0.0442058303237277,0.0325618144856911,0.0517835296928416
0.111995971227756,0.0613065166675174,-0.0455256489763985,0.0354518000508839,0.0541843868206869
