0.280094388061538,-0.00638915425693921,-0.0334265255703264,0.0127546889618945,0.0315319022698178,0.0451311893914077,-0.0337220581530121,-0.00274244868036853,-0.00557287265427825
0.306717858173596,-0.00240411643639221,-0.0286507958180916,0.0156438215769988,0.0170435687348991,0.0530931437283626,-0.0221228973908221,-0.00071173970010574,-0.0123194152321945
0.301594296006878,0.00594215546742994,-0.0164122962279022,0.0133254024654752,0.013880991999266,0.05114496694183,-0.021779924790978,4.80340252507309e-05,-0.0110634068560762
0.291237976845913,0.00807768503745445,-0.00685028636201269,0.0119686277043722,0.0137314177038734,0.0500900233748758,-0.0271434646479074,0.00087502224434661,-0.00845163827766841
0.26881449947243,0.00641813349471376,0.000838741199473907,0.0127197245436486,0.0158003785744776,0.0424205465877441,-0.0396741989865674,0.00479427669579622,-0.00929038485385948
0.215544549954863,0.00546521999960611,0.0146414040124779,0.00938377166373832,0.0174749847468507,0.0190624055686094,-0.0599403712100862,0.0133656277884075,-0.00624098238034882
0.116134432422238,-0.000506099449922704,0.0346350172701362,-0.00563724499622727,0.0168923852218345,-0.0321232907441192,-0.089316937131493,0.0243697324315487,0.00569361076022087
0.0889141576219533,-0.00485726954689595,0.035785670768116,-0.00607612863613118,0.0168824364311935,-0.0454336680014071,-0.104455708874042,0.0268165186852014,0.00694110281487875
0.0660325156719913,-0.00581829146397892,0.0428604471137518,-0.00376304712634536,0.0211188541905848,-0.0517387295646622,-0.119304037118289,0.0313013496130662,0.00772209917505896
0.0604802110616217,-0.00215016429750417,0.0428408722687246,-0.00184811507244409,0.0255411743849441,-0.0455426235561048,-0.133461974074513,0.0347842937152512,0.00739737032065862
0.0458187552604049,8.53148635361226e-05,0.0350898380880412,-0.00634117802170652,0.0233073057356597,-0.0474863375785442,-0.144271690789745,0.0349303540878464,0.0112377688620779
0.0373387540269321,-0.00311790913626933,0.02687302064585,-0.00842157551337641,0.0225265450899644,-0.0453545280646075,-0.153948861831113,0.0348798708538394,0.0113385282586222
0.0281863547402985,0.000931781008115905,0.0193572547490636,-0.0076519861216836,0.0213402197562617,-0.040456810294718,-0.165108597279827,0.0364691699633758,0.0130979436526681
0.0243051209304128,-0.0018756491540026,0.00512305220816997,-0.00955399775898955,0.0252932707306955,-0.0342542401245497,-0.177332059431719,0.0360550843014027,0.0144633682058542
0.0192183772652621,-0.00335139780862696,-0.00478388902468155,-0.00581385737725578,0.0285951717389601,-0.0256875160813879,-0.185668420417202,0.0349085753653314,0.0169687373966928
0.0203251081688737,-0.00863474217095326,-0.0181665486202056,-0.00226638570359006,0.0333858775340145,-0.0183980915465892,-0.196377893540712,0.0334943999008594,0.0167537406292584
0.0168759574731052,-0.00918078045817851,-0.026887038311553,0.000618424314458665,0.0396746689694824,-0.0111553124602136,-0.208720624076325,0.0327870783764396,0.0200237308334568
0.0177968051992237,-0.012614147796617,-0.0355736237038184,0.00712073798354592,0.0425708738959719,-0.00909850178650462,-0.211150210438028,0.0314671954344259,0.0194962173139651
0.0135734726482505,-0.0147631629493865,-0.0440934398188108,0.0106506492403602,0.0477217412098637,-0.00563206923213457,-0.218654554633209,0.0336466825097056,0.0192636947083232
0.228895084018353,-0.00954853008144187,-0.0304706857927462,-0.00144452488567107,0.00841871843480546,-0.0015828160516366,0.0154367754985802,-0.0159801431156917,0.00935783135460615
0.233180774589936,-0.0094912759037432,-0.012468691331671,-0.000527155202480832,-0.00667675562458578,-0.0151671044941393,0.0335825402703481,-0.00615265270167911,0.00266289071638977
0.227413485738573,-0.00525889427739457,0.00250701087120479,0.000317245098572484,-0.0133758171268132,-0.0194577213704764,0.0370323499838201,-0.00364788713481854,0.00418486872100675
0.200568908178086,-0.00215066742303594,0.0182672777554074,-0.00531395551081689,-0.0160834485693248,-0.0316861989176192,0.0300363191902865,-0.00122949513460624,0.00949064991494162
0.166062049675655,-0.00556976795406137,0.0370981098816369,-0.011785925037267,-0.0252237363380058,-0.0578522331610791,0.0235442852690328,0.00154405876268657,0.00788846404976812
0.145808723122367,-0.00396060719100138,0.0474955157114214,-0.0156409901616246,-0.0303839337784952,-0.0674189831131904,0.0173451733999468,0.00406063039125924,0.00838540045249969
0.0997531730173134,-0.0105696483102164,0.0610316045775821,-0.0166087199447301,-0.0273268744044791,-0.0821886123101741,-0.00232114903210936,0.00825247532184564,0.013175555254295
0.0443693516236693,-0.0159378172306348,0.0608449772575806,-0.0130602288548489,-0.0157451609172005,-0.0898243757115678,-0.0410553067912868,0.0152518849750344,0.0204353893950051
0.0200828049384494,-0.0124056927779859,0.0668483673500352,-0.0123621307059429,-0.0144955515146064,-0.0887930330118672,-0.0552215189657409,0.0170129178501545,0.0254178086235722
0.0114429475225941,-0.00932229360717038,0.0652494406541003,-0.0145016718196829,-0.0119060768028969,-0.0872153000923911,-0.0702629692535777,0.0200114933042298,0.0239464255249559
-0.000666789343296508,-0.00446649324013556,0.0580554096949757,-0.0124521380157347,-0.00884550437873035,-0.0788753167015676,-0.0850129530382091,0.021302426155709,0.0293116728994492
-0.00115338100635649,-0.00346143405289407,0.0503814642347748,-0.0134927130849456,-0.00944676502892918,-0.0691309051434704,-0.0992899987138378,0.0214744235246327,0.0268265314892776
-0.0108618214682829,9.59864436361865e-05,0.0399890494709601,-0.0137625893568472,-0.0103823797542689,-0.0637181319156246,-0.108353254347132,0.020896030305131,0.0316094026750164
-0.0165666738711994,6.53625611051036e-05,0.0251679329211509,-0.0178945661998458,-0.00874366691784802,-0.0573244978309266,-0.12176330324102,0.0212404127043029,0.0331280669908723
-0.0164866386331687,-0.00318031576817818,0.0115436473192564,-0.0139506200608813,-0.00594817726234901,-0.0477475755475066,-0.132366407220348,0.0196672068577199,0.0321256248243418
-0.0182288713227383,-0.00873159453830339,-0.00420945131261421,-0.00770596111050701,-0.000304149496389386,-0.0398460742968735,-0.143733773861329,0.0177954707923304,0.0335252742733486
-0.0162086644459389,-0.0147163157595646,-0.0211859328781815,-0.00286561513761158,0.00515987258889476,-0.0326246218682373,-0.152728082888998,0.0155043026405637,0.0347099203697197
-0.0186356442060712,-0.0215446195548301,-0.0344139896976965,0.00131644715411917,0.00706006259610858,-0.0312558634600287,-0.156034703623756,0.014259391714614,0.0340162903827955
-0.0187642119117383,-0.0235955680979,-0.0414022910050145,0.00385912984793642,0.0103711271280146,-0.0242588201606155,-0.161929545948149,0.0162227894245563,0.0313196147483712
0.108983034385394,-0.0136643162092889,-0.0146219628885141,-0.0137364594730328,0.016858541625284,-0.0755830184890058,0.0491427251282979,0.00747383097676294,0.035124312717945
0.115568661047425,-0.0134102571037029,-0.00367228059253431,-0.0120753662046758,0.00642724030761526,-0.0852495731703231,0.0604238810100731,0.00915093986264356,0.0307070471856073
0.133896682801555,-0.0114790292852845,-0.00109044915687734,-0.00776034063131102,0.0052245878505443,-0.0750966406423391,0.0740122304754407,0.0125098954714894,0.0322361750726402
0.131407256521592,-0.00964299622657977,0.0195876680297995,-0.00701502914054405,0.000152954911053262,-0.075120781556328,0.0743342952032588,0.0114779378918392,0.0332512622096016
0.0975949278917674,-0.0104634517236792,0.0517557806563484,-0.0153198813668671,-0.0391065957447038,-0.0942796286572847,0.0543980629963224,-0.00257947568528202,0.0260689337087134
0.0633147002434452,-0.00957213989712439,0.068553767559095,-0.0166040187457553,-0.0412409608764623,-0.10403067413119,0.0431865365366189,-0.000652237764968072,0.031323983876126
0.0494388235269562,-0.0130273694767394,0.0782678598827698,-0.0167087590627358,-0.0447674797267914,-0.101391254657242,0.0318492902635734,-0.000883356473831164,0.0328946234077216
0.00686183428916139,-0.0110589215826959,0.0748741386314512,-0.0133302482714816,-0.0238967743488457,-0.102090770788865,0.00181246787885902,0.0116921901941992,0.0411034395025623
-0.0101764825358475,-0.013393262019276,0.0751817158511587,-0.0108163934970836,-0.0183389671364729,-0.0978673298501021,-0.0173343327677508,0.0140489174994737,0.0411485249015762
-0.0184884932507063,-0.00771553604317381,0.0763084745905552,-0.0126472912875822,-0.0177168044116845,-0.0896098012437573,-0.0314706492275382,0.017847066178983,0.0410205070831654
-0.0240885864630109,-0.00315940689978576,0.0708148148590247,-0.0134637152238538,-0.0251065332611755,-0.0803331578476084,-0.0493430160426,0.0126985414331929,0.0424265185726637
-0.0293614412790056,0.000437231696547758,0.0629916394728494,-0.0109723936990668,-0.0267176427367761,-0.070277164802711,-0.061541143832294,0.0141075331463209,0.0436403865672238
-0.034770778633597,0.00227317438791869,0.0558115168180721,-0.0118765102824119,-0.0292411614516762,-0.059543657047467,-0.0696431223306082,0.0122726068961322,0.048197548277137
-0.036998873419051,-0.000597273154117367,0.0371214500114573,-0.0157195779496846,-0.0288920363707892,-0.0543172317373892,-0.0810439723530864,0.0109396276333963,0.0467851555813848
-0.0362905061079996,-0.00276487303182553,0.0201921338924112,-0.0093617918371489,-0.0274592987043599,-0.0414401858705687,-0.0958816592711787,0.00732133359559878,0.0463879601246123
-0.0353102510700118,-0.00856018703587095,0.000236415232689877,-0.00313639822056978,-0.0237836072540736,-0.0324165559952148,-0.108045688507509,0.0034332056045385,0.0476430213470652
-0.0385178093657659,-0.0166545828270653,-0.0238068317648054,0.00340751839474735,-0.0144315947909604,-0.0235701188352028,-0.119141761605949,0.00256824174190957,0.0514459616363358
-0.0364657658078524,-0.0212481363589068,-0.0377223912993472,0.0040280209863278,-0.0107421066553566,-0.0196035707464066,-0.124022195581352,0.00296475434619204,0.0473896124297057
-0.0326398648785616,-0.0251285798080993,-0.048487911719769,0.00785582770140269,-0.0072960455504637,-0.0121690663618586,-0.127640102248344,0.00175885041696877,0.0466614898410821
0.0354608687300706,-0.0144849887321247,-0.0349374691000258,-0.010018052234003,0.0564082034138491,-0.0880478791572392,0.0565933943953243,0.0272055490548406,0.0576736016866556
0.0361451251386973,-0.0148281817648735,-0.0238229657782954,-0.00815250919495849,0.0465176293698326,-0.0955828932098549,0.0689851983387338,0.0270445826763599,0.0585992443431238
0.0532559837539284,-0.0147876636662988,-0.0105282134356026,-0.00573265574721982,0.0333806567525757,-0.0938510329602799,0.0873260533802477,0.0256761111401834,0.0577245684431282
0.0715849157979129,-0.0147571157703631,0.0218064336225767,-0.00751349240058886,-0.00763684840732736,-0.093620059376316,0.0929512370164088,0.00634162235549369,0.048116451462854
0.0552289599024618,-0.0154541433015477,0.04488013389092,-0.0102648369850956,-0.0330935499082915,-0.101177086896438,0.0840960491290056,-0.00137472716804565,0.0443023704036679
0.00985900713618232,-0.0142715876358527,0.0597078055924898,-0.0107545235008241,-0.027013415861602,-0.101215738915831,0.0588338098070432,0.00415111617151886,0.0534529745109171
-0.0147864426579758,-0.0119513679992445,0.0666064070631708,-0.00707306525496668,-0.0241252784218533,-0.0940254723628366,0.0393272460677699,0.00520559450989405,0.0589436965793687
-0.0284045212836736,-0.0131835382671354,0.0791002271568665,-0.00583732365959628,-0.0273693361080031,-0.0953595744541278,0.0307215284204972,0.00575322999194852,0.058226822773449
-0.0351466743757303,-0.013811810445883,0.0813077020951362,-0.00337778928207933,-0.0297085646865229,-0.0819946548453682,0.0145149294244193,0.00510883920041609,0.058184968152864
-0.0384698123025199,-0.0145102524275586,0.0788968824289975,-0.00363981355674348,-0.0305857018271573,-0.071434363081152,0.00141947194527289,0.00641718548722419,0.0557166373981006
-0.0379544708411181,-0.0053711462792525,0.0758998715954047,-0.00470181735897563,-0.042775874965444,-0.0537320366835298,-0.010487221174166,0.00118595373688829,0.0578174502411772
-0.0400454785144863,-0.00311584223684718,0.0655353541512594,-0.00481487481969597,-0.0407863726775637,-0.0396818382774524,-0.0291760160307471,0.00381751751949204,0.055443543080856
-0.0405288798622413,-0.00143103872421199,0.0512566387039824,-0.00655540945961305,-0.0472772073829081,-0.0260440087625257,-0.0387985754723429,-0.000491357397455021,0.0595962671993485
-0.0418932245141379,-0.00210750895585356,0.0318899564815002,-0.00309120823651278,-0.0447021764421873,-0.0139012167159272,-0.0515861441042198,-0.00175150094180285,0.061817254575087
-0.0458331787344636,-0.00273349529965469,0.00983628777221848,9.98966892604303e-05,-0.0397520905492424,-0.0108558792659996,-0.0678929018940179,-0.0023943128173107,0.0608106503869479
-0.0432906541017769,-0.0116708558349624,-0.0112580304964624,0.00751588038248694,-0.0344594179518572,0.000956322403291198,-0.0785052029279569,-0.00604334496805481,0.0627909082593391
-0.0420000346359854,-0.0205918819216712,-0.0329264870343865,0.0113726692761544,-0.0322759294037718,0.00588481204281641,-0.0867171408955038,-0.0091043297070083,0.0610060593693618
-0.0393952338090886,-0.0272942077539414,-0.0480064660542464,0.012741202297529,-0.0273841193784456,0.0047292717680229,-0.0905869059214931,-0.00955703737234711,0.0577268334811689
-0.0376256816251116,-0.0283074861515536,-0.0557960441564808,0.0144744964811416,-0.023753629416032,0.00649172168042725,-0.0948657113155221,-0.00973244752130763,0.0560901757375832
0.00657832886579817,-0.0105920624598831,-0.0462487419961564,-0.00936494205683338,0.0597589484312582,-0.0829077918886713,0.0676184890855826,0.0257502759850613,0.0742794920513885
0.0020014244202115,-0.0100116528996704,-0.0297204509972679,-0.00522899777517613,0.0516298856874801,-0.089318939561076,0.0746600649963513,0.0311269637036977,0.0701362989848031
0.00289312313747989,-0.0130264694238767,-0.0172003970960797,-0.00411064392007002,0.044426856576153,-0.0899873643779948,0.0812129134398035,0.0310768684712764,0.0694985053805418
0.0112605201082378,-0.0179723028061726,0.00554604825004285,0.000300352496330343,0.0231707171555364,-0.0845995499722076,0.0879030366553733,0.0205178087710814,0.0676467215917351
0.00669793137474183,-0.0162206512985958,0.0325368146238624,-0.00476423496357424,-0.00306409422125685,-0.0878622378947094,0.0809742144127566,0.0127130999325066,0.0593382087038266
-0.00965037708557637,-0.0160895465276614,0.0509028734711292,-0.00251982515437439,-0.0241215859070528,-0.0742646967743299,0.0654237429006312,0.00103062363329927,0.062816982938513
-0.0235956597804193,-0.014292754635968,0.0623916366209537,-0.000630066946009568,-0.0273592423875892,-0.0673058995979329,0.0526268554932028,-9.79154645672367e-05,0.066481106809049
-0.0320068499926701,-0.0144841739448314,0.076041002513964,0.000461760771747755,-0.0337108772544237,-0.0597755655458976,0.0464883215525757,-0.000539771735315698,0.0670645554452289
-0.0385219214514467,-0.0161471823382575,0.0797777399723153,0.00316490281468924,-0.0339201933536898,-0.0464266838779283,0.0349550364453156,0.00158844050275566,0.0662870842354101
-0.0426482233565191,-0.0150317028489494,0.0796758594150514,0.00362714907403846,-0.0341001957309803,-0.0366120113164215,0.0237630691734471,0.00281748759142396,0.0669673602205335
-0.0404753567647794,-0.0108994431599226,0.0738154217904144,0.00421166550076365,-0.0488878578172546,-0.0178047146922676,0.00781185933091341,-0.0027500225076758,0.0620968799525552
-0.0403233155496509,-0.00283791503671236,0.0623914126154096,0.00279220150597915,-0.0492373992248908,-0.00517109437210084,-0.00716093111938485,-0.00379107166445704,0.0630698093776001
-0.0414864303409573,-0.00406822162631846,0.0492311835634351,0.0025825213686464,-0.0549139116142117,0.00568521334368865,-0.02076920825057,-0.00631811765049507,0.062748950712278
-0.0384568978930531,-0.00422396627113917,0.0291078239229994,0.00433165327356791,-0.0576422809882283,0.0161189626222201,-0.0293645664572816,-0.00909756477481578,0.0657709625307936
-0.0400927166678084,-0.00641010323126426,0.00205447838190477,0.00846176497494514,-0.0523804072443446,0.0234265885861642,-0.0429538648469319,-0.0109162801058455,0.066780137784573
-0.0404728314643814,-0.0152904193477635,-0.0216739124861156,0.015221828457602,-0.0471523316382193,0.0284844976251653,-0.0531081423421591,-0.0158906283987033,0.0695901178367795
-0.0400205856616364,-0.0238523758284287,-0.0431793743699006,0.0185256237174611,-0.0430819766576803,0.033770564687328,-0.0623502360757552,-0.0187342116029745,0.0672654810242165
-0.037801731403341,-0.0259072153556268,-0.0572448521057327,0.0162007029788314,-0.0413321307950005,0.0321167650012602,-0.0673176377667379,-0.018170897344372,0.0649600675694249
-0.0381517895829726,-0.0312519309996686,-0.063609818343976,0.017753976989201,-0.0369621959911517,0.0254524413347214,-0.072936108260974,-0.0182799085310772,0.0602288079842784
-0.00596225772968318,-0.0115817703867433,-0.0625058738836861,-0.00703586121229244,0.0671186024359227,-0.0607320359454275,0.0659533648801509,0.0254272709778132,0.0767632332642814
-0.00828051767101511,-0.0130268865081956,-0.0545015519102103,-0.0043709724636895,0.0639804253048363,-0.0627327944076129,0.0729403616948951,0.0253872025384756,0.0791967601579255
-0.00209122444142152,-0.0188716973553658,-0.0317515572845298,0.000811546018592388,0.0325030494146519,-0.0583518553129302,0.0741011503978294,0.0150379696740194,0.0692977086067837
-0.00756608448488727,-0.0209313848598235,-0.0163282102270377,0.00484380483919799,0.0268395804312166,-0.0516652183842976,0.0724764269179979,0.0124066757659183,0.0730351823141208
-0.0173061483437819,-0.0165138029011105,0.00522755988381084,0.00205176745039596,0.0278878921593822,-0.0563307523006462,0.0770010557494135,0.0219191984463054,0.0738289004174481
-0.020732599795163,-0.0190308825041405,0.0196416040464067,0.00672026911802897,0.0194461808865906,-0.0434030381298285,0.0757372651699382,0.0205949179380113,0.0753302485778459
-0.0333773626082036,-0.0160374459295365,0.0379623652886509,0.0107315985316826,0.0158301134302213,-0.0349516209453293,0.0691985701363722,0.0199046379000064,0.0801139633858737
-0.0383102847942236,-0.0162847437904701,0.0523399073227857,0.0097015185943693,0.00837454658120658,-0.0280846546967874,0.0645997383861188,0.0198306670032457,0.0785048881575315
-0.044740269217236,-0.015231602016367,0.059276743004654,0.0116174580649812,0.00217545784530028,-0.0170925981123411,0.0552344160979042,0.0197661833309852,0.0778249403502342
-0.0405459338829247,-0.0141182054110141,0.0705333574404543,0.00831657543564147,-0.0357599242275677,-0.00840149399457825,0.0369248383421616,0.0054349963197279,0.0639725903017692
-0.0385885546278898,-0.00855933547398145,0.0644648528879559,0.0070189236529605,-0.0513285116963302,0.010342929719336,0.0209505160688544,-0.00290492092598562,0.0613903935414157
-0.03518197494621,-0.0058773377567471,0.0584017805694995,0.00668491866023033,-0.0564690135885078,0.0195358957046174,0.0106649771761739,-0.00545183778877541,0.0599707898894953
-0.0321401105121378,-0.00039432583478458,0.0415987233080169,0.00474621841421402,-0.0601525132961702,0.0336984620221691,-0.00113069959769039,-0.00706818161828314,0.0629789848727057
-0.0307351108734667,0.000885613306704667,0.0190632188519114,0.00838098044692406,-0.0618410758431784,0.0446693204855118,-0.0135281059064523,-0.0115248701836125,0.0658373640396498
-0.0318234325785106,-0.00159306152354901,-0.00492784207769735,0.0115705534797132,-0.0576411788975512,0.048270018983251,-0.0238310414605879,-0.0153148165945821,0.0686878889781383
-0.0331356752352053,-0.00776068489708658,-0.0306597846070634,0.0141302742755932,-0.05584689253587,0.0555309974046447,-0.0346104319712345,-0.0197696803482219,0.071785270851712
-0.0296401649814005,-0.0163961416289786,-0.0524461604578487,0.0170410832058958,-0.05543907681386,0.0558171106054946,-0.0416850724541782,-0.0225399059906063,0.0701944850909027
-0.0297618621949116,-0.0252716345595157,-0.0709731083642373,0.0194427396733909,-0.0489263190566275,0.0547689590596031,-0.0495551933432316,-0.0247888653920403,0.0681119834372755
-0.0308791581789916,-0.0323716851700638,-0.0781874826034512,0.0205220186607546,-0.0440723291395582,0.0476908337518251,-0.0553147855619511,-0.0219609851055551,0.0609712057108803
-0.00812277274482914,-0.0136219411091704,-0.0888064121234853,-0.0130987347375288,0.0776469915512616,-0.028914151070208,0.0599432922533688,0.0232302345596629,0.0783079638685301
-0.00959299859231248,-0.0198840088426765,-0.0761919023523074,0.00151477571897829,0.0755253144935907,-0.0223157332785039,0.0653450423971768,0.0276797645832738,0.0784487267367001
-0.0145076297298128,-0.0201093919855098,-0.0578862157559322,-3.43235023533318e-06,0.0664053988027386,-0.0285557383527562,0.069916609010603,0.0326548439825867,0.0751679294600195
-0.0140467117552788,-0.0193592300270664,-0.0463249213084514,0.00362380955219295,0.0626209729266608,-0.0186017683728847,0.070313315282795,0.0307398526858408,0.078398843624204
-0.0174777058440809,-0.0177196225999729,-0.0236561959360694,0.0109993504346936,0.0570496954777146,-0.0142633342340802,0.0729743302695629,0.0296935571555824,0.0807921653857871
-0.0198423502173008,-0.0195605504295036,-0.00109287660806477,0.0111675916063525,0.0464052635204325,-0.00870427242261479,0.0739134309267591,0.0306744506193119,0.0772149448937928
-0.0302265439527704,-0.0185199251134356,0.0199067742338692,0.0147839878158815,0.0385025560890687,-0.00176030775199116,0.0705258512364872,0.0292564947082341,0.0793744560931493
-0.0334499786486452,-0.0174748220483362,0.0410903339557879,0.0130214112686641,0.0151338151717493,0.0041428884352736,0.0627427566735029,0.0232978403933845,0.0728770440843603
-0.0377331507897844,-0.0203566184520336,0.0482949303034894,0.0146319395754186,0.00803183026567682,0.0159534999061503,0.0534624159078545,0.0244036657093055,0.0670473962275383
-0.039256325089294,-0.016447091535784,0.049157527506135,0.0128824515529034,0.000896428930754933,0.0259973695565829,0.0449002458689586,0.0251058270587808,0.0661346153244353
-0.0255350393604816,-0.0129703338857594,0.059002234283025,0.00857198236588329,-0.0511491188967115,0.0382232007378117,0.0290457113409736,0.000760682257220081,0.0513658026080118
-0.0217152692815356,-0.00694402386932264,0.0516495664378474,0.0100312384680363,-0.0550979614985814,0.0500688988701139,0.0179541428357172,-0.00110089301276887,0.0502966185586956
-0.0185223473044548,-0.000317688200250909,0.0333758376825407,0.00351653810325708,-0.0597796975279518,0.0595396383698484,0.0081847396361849,-0.000937413236350197,0.0517958765627825
-0.0174967721930787,0.0055688717857394,0.0131502233312982,0.00237013986198617,-0.0654263741821076,0.0680567320534406,-0.000221654202178499,-0.00700807931161542,0.0574696465881251
-0.0179750020258055,0.00885542353259855,-0.00351494597058002,0.00102146149888746,-0.070941409101956,0.0694652201531224,-0.00781047321628447,-0.0100690124011434,0.0586836122463564
-0.0191667646429478,-0.00256878545530128,-0.0321884990513406,0.00676338220948105,-0.0685754009469532,0.0708784240852631,-0.0136807479430447,-0.0174142175234635,0.0641698404837215
-0.0170507798356343,-0.0143109493551257,-0.0586123842664834,0.0114812181473122,-0.0645076013534111,0.0722842508315723,-0.0244361324489212,-0.0238506090275062,0.0637906410460581
-0.0172807379223823,-0.0238610594345304,-0.0761445046806301,0.0158494393574088,-0.0578667446785095,0.0701945345067321,-0.0330079732680192,-0.0254255913895605,0.0613111779023474
-0.0174452393551324,-0.0217067770045963,-0.084063202617917,0.0157525738930587,-0.0543749330692668,0.0679741007220903,-0.0397030285837286,-0.0239240421935005,0.0578686352285012
-0.00806975862385743,-0.0144695519232681,-0.107713726852954,-0.0253334724170807,0.0869339302633658,-0.00523652073306365,0.0484102404040593,0.0258219535391064,0.0687752790164872
-0.00725024977889629,-0.0196810585282237,-0.0950432997548426,-0.0173032261178987,0.0849066084826157,0.00706827238426525,0.0532465488065769,0.0260230378549732,0.0703603195436285
-0.0136749632438116,-0.0207808430471299,-0.0787153532332806,-0.0134968731811029,0.0800174120297878,0.00378156357675962,0.0557912632897502,0.0343720543957247,0.0651901376184892
-0.0139880054438064,-0.0174819224806306,-0.0629332935067149,-0.00823283588886362,0.0728410208846126,0.00816328742472465,0.0585360197286371,0.0337475078807852,0.070013107043877
-0.0158941275127218,-0.0184362646799918,-0.039244897891272,0.00356363060342452,0.0676172862415577,0.0155562052846538,0.0605337281939093,0.0315014965257092,0.0737569286500785
-0.0195753597633659,-0.0167599621789564,-0.0143467327509538,0.00807124416047795,0.0577489875132052,0.0212611671117058,0.0588174808368172,0.0370203267584046,0.066545374715803
-0.0257779219118317,-0.0172526847983216,0.0150022684019974,0.0134873275260753,0.0490219092885605,0.0213485356665174,0.0582812945181184,0.0415553147142446,0.0592075603496128
-0.0288728190919612,-0.0160748784568596,0.0314608791591834,0.0151250375873661,0.0399519172711103,0.0288656923832819,0.0574595067922943,0.0408481997549356,0.0588767736134816
-0.0294238584467534,-0.0204932318705106,0.0386580716578769,0.0153203651878139,0.0222378433302991,0.0399497532744113,0.0469726223051117,0.0339860311234286,0.05408133210616
-0.0296603210397456,-0.0114229242063996,0.0419380381617906,0.0111278583786979,0.0128310573699503,0.0463381732228377,0.0423382818709795,0.0351285260534051,0.0514607706889368
-0.0152913970664337,-0.00986177651890291,0.055252879761197,0.00372060113794441,-0.0431240614534534,0.0589316881219164,0.0275997764856084,0.0108458458783343,0.0356965221231978
-0.00990803177501093,-0.00271376891336715,0.0428783627204421,0.00317188351905469,-0.0491635247145363,0.0696560770530188,0.0229989111940185,0.00904728567162988,0.0387010961142534
-0.00605490321421169,0.00547530274298718,0.0262117636872974,-0.00337294092654172,-0.0565275845124344,0.0787074186208376,0.0165448425639259,0.00737552435752129,0.0407085360411302
-0.005321421110489,0.0114413126213222,0.00588777125736849,-0.0100535037288151,-0.0651481943507109,0.0851885826889795,0.00855534571675566,0.00440657671131825,0.0425822547416897
-0.00252651264935298,0.0231920141444129,-0.0125415964961005,-0.0120827485021688,-0.0726790707783962,0.0891023244921142,0.00326259658714661,0.00137156378179527,0.0472756672715526
-0.00404944581247174,0.00517502344184689,-0.0370606915198756,-0.00235695628845979,-0.0720078643538752,0.0863721401653479,-0.000327743253853411,-0.00703937760632662,0.0493848818079292
-0.00573244847646978,-0.0118400223180513,-0.0625393515241566,0.00410366959717773,-0.0710391934503271,0.0815188170861855,-0.00904372297044627,-0.0163065491354799,0.0495533809088546
-0.00685096105147654,-0.015242989473937,-0.0778660780168639,0.00620794890969824,-0.0661112093659623,0.0822297819113325,-0.0170675974607168,-0.0164582857244596,0.0488571864565825
-0.0104103511911087,-0.0246104587365126,-0.0915342606413644,0.00784849554964578,-0.061905596169522,0.0725236365791544,-0.0260851558462679,-0.0177167902690869,0.0422185783345096
-0.00689194129310474,-0.0184559642264001,-0.10756745125933,-0.0421251017050995,0.103697652131349,0.0216080743422328,0.0275364729993424,0.0265970650801966,0.0446583307439213
-0.00761802399749472,-0.0228288204103803,-0.0961592905409871,-0.0352334896642457,0.100704785535363,0.0300472482983054,0.0316729963802992,0.0266153954138073,0.0467455300940692
-0.00427718986096318,-0.0263697138144291,-0.0723761585423653,-0.0344583747933585,0.0774231380659025,0.0323923355873346,0.032092206021081,0.0234548164187226,0.0344984434065174
-0.0108628562940076,-0.0255748034153123,-0.0595714289185368,-0.0250933743280841,0.0938802280282716,0.0408230075833513,0.03761124805584,0.0308077786396929,0.0468490366499756
-0.011850543547916,-0.0131047012291413,-0.0495619445153983,-0.00474396694713376,0.0732277044290348,0.0383579410999564,0.0497649599317629,0.039243333901358,0.0566983636792168
-0.0141644002584565,-0.0104831830123899,-0.0104583560592833,0.00598432963890171,0.0659087524094668,0.0393942946561383,0.0473146059138038,0.0512998219017095,0.0418773063017935
-0.0208803215085904,-0.00619068612693035,0.00950004940040267,0.0112481663877506,0.0586180475273533,0.0404730752424905,0.0481061943565922,0.0498535662212625,0.0420393225086353
-0.0210087573717576,-0.0182110277104855,0.0282170327156092,0.00756147917624208,0.0516298031393942,0.0457887080523576,0.048567275767381,0.0465909883294183,0.0347237435067724
-0.0159881808334047,-0.0128822788125028,0.0431623734928757,0.00333993293523299,0.0184272795831003,0.0579647890390567,0.0367551785652998,0.0368130321498953,0.0251986643639671
-0.0160925595580664,-0.00913555486203886,0.0516147284039017,0.00253357464887943,0.00672001507462545,0.0676695269954306,0.0322452533301027,0.036479975955073,0.023427189791676
-0.00351586382874544,-0.00594006191265269,0.0493505326889579,0.00176249834593613,-0.0292524203836698,0.0749118250445168,0.0269573586127005,0.0238723052921697,0.0167064490821469
-0.00304991700991297,0.00221198403645356,0.0380111944337282,-0.00385715288235145,-0.0405705227159076,0.0811014487494983,0.0250415675201804,0.0234154636442768,0.020995763048755
0.00462914175259318,0.00880340234292969,0.0235298174655482,-0.0139947149336107,-0.0594594039230585,0.0855394701353846,0.0184180704984515,0.0176323642190662,0.016616533331439
0.00669970222581613,0.0253499664652499,0.00869455967174071,-0.0251438838970727,-0.0701650552257798,0.0931052966313069,0.0132202068743483,0.0177133590927376,0.0209691854942407
0.00936739251296562,0.0247911401095196,-0.0153642575296228,-0.0219553462672085,-0.0747447484846709,0.0937933634574958,0.0119954802073671,0.0128999716127174,0.0244477577062486
0.00708562731469686,0.0102825115755514,-0.0374754342355016,-0.0153539256531213,-0.0774769190710043,0.0885912389148081,0.0109983147093746,0.00522015058850978,0.0277129477709577
0.00465887149072299,0.00120954356211425,-0.0612513554354625,-0.0127085278361976,-0.0803586040881914,0.0858893268025682,0.00603581382434933,-0.00418827737327556,0.0318052850992384
0.00231011513754684,-0.0141438262476534,-0.0782160957501581,-0.00450421744161588,-0.0742762920714093,0.081640818061696,-0.00373171865609411,-0.00784049738766452,0.0284053502774143
0.00264113834873922,-0.0244597056432467,-0.092156912483303,0.00161827759414737,-0.068513237411535,0.0764269000945486,-0.0103283300477469,-0.0109406755462595,0.0244325601493016
-0.00573636006727169,-0.0207547871831626,-0.0814413946925844,-0.0618420406467857,0.0998357713954163,0.0363360881938657,0.00375097314136787,0.022920097112345,0.00586232216589408
-0.00697418950534582,-0.0235238715052789,-0.0826740583143216,-0.0646063580768438,0.0987358927182735,0.0436397588164842,0.00357601940195221,0.021159607719724,0.00893549117510691
-0.00770028078540942,-0.0250017968428222,-0.0671332217505324,-0.0580950923256012,0.0939069488555674,0.0462810064268894,0.00915250956638953,0.0286191101397011,0.00738173522218945
-0.00919694104056557,-0.017425864709556,-0.0639469265057156,-0.0358206656533265,0.0953400262735244,0.0502870027940154,0.022583559581624,0.0416253674149826,0.0232988982721442
-0.0135188154675261,-0.0129281416050829,-0.0406161967400928,-0.016217696959964,0.0829627140285453,0.0489874881400383,0.0237831108781981,0.0406196131806813,0.0261154796973731
-0.0179021697932669,-0.00581314081285558,0.00912125789811268,-0.00530669860238233,0.0776041295746671,0.044936975088709,0.0259391393893072,0.0555193165109513,0.00791614042097727
-0.0155081830017044,-0.00120903650667025,0.0332714907844434,0.00244947262286421,0.0610917832080942,0.0442719801794711,0.032948698010733,0.0552534316138343,0.00442272926290712
-0.0148457269817379,0.000141664366490194,0.0422472102765133,-0.000787516392433853,0.0496218967328506,0.0557611430926808,0.0342702164759467,0.0544496202867325,0.00651543051164047
-0.0129763033090248,0.00263371591119791,0.0469908728877806,-0.000806109867646902,0.0388828675371621,0.0655552599064257,0.0306501004721286,0.0544653610210363,0.00669781936263778
-0.00645977883214397,0.00404970757033125,0.0617356520427008,-0.000312344855202219,0.00372546252089932,0.0731923102081023,0.025272338911556,0.0445641422686371,-0.00208096913534834
0.00169643133626952,0.00107672737050545,0.0538618129415796,0.000952661819847725,-0.0269008970894425,0.0765566882216668,0.0270551803218574,0.0332614610865132,-0.00360707112674322
0.00319811166552418,0.0069504816735955,0.0444154867067229,-0.00984937562915159,-0.0413302995615934,0.0777602657568109,0.0257369145516767,0.0347200872097854,-0.00482470853125516
0.0100176214705016,0.0161549920248877,0.0290071751708748,-0.0233043425756542,-0.0653929836445519,0.0826407408168149,0.0219348970294708,0.0307455630040758,-0.00666030785699795
0.0120210990980312,0.0297686807407437,0.0123450537936307,-0.0340422086974052,-0.0772927170732538,0.0860419282614817,0.0186744834023995,0.0290254751664699,-0.00322277325181696
0.018941081666158,0.0200744838257103,-0.0134927942293612,-0.0308076601221743,-0.0848028450424206,0.0868119371468519,0.0211745407949892,0.0212784886087203,-0.00222054517414376
0.0123258346685696,0.000661088848824268,-0.0403316101614394,-0.0214415267489442,-0.0872418790949315,0.0765894915189621,0.0206620058606855,0.0105492007398766,0.0023443693962427
0.0133978883078319,-0.0103914354746514,-0.0667328409814834,-0.0183335204979232,-0.0896964867023289,0.072692111729863,0.0172196609047794,0.00352141879089786,0.00309473017614047
0.0112836970573991,-0.0215428297958944,-0.0810677184438472,-0.0129555154212775,-0.0875840709442666,0.0679602349076769,0.0109376939479292,-0.000983766878631845,0.00152923209700502
0.00941747650683281,-0.0218724869568305,-0.0889255417359978,-0.00922466674930249,-0.0806415080517469,0.0683219756314977,0.00180052039069741,-0.0018180153419113,0.000869019220840567
-0.0142372484739081,-0.0169401832708179,-0.0909907173737203,-0.114183460803398,0.106560485642933,0.0169522757371562,-0.00988268339736278,0.0224040313055551,-0.0301051782242055
-0.015914465651135,-0.0137826268214371,-0.0859217823892512,-0.111030588858768,0.106169595617309,0.0239409277004456,-0.0100666674431474,0.0220476089436828,-0.0244794313595345
-0.0127862862048777,-0.010734705352893,-0.0622366170630258,-0.068023614430927,0.10879795553205,0.0437620533143808,-0.00394176743039726,0.0456083153719251,-0.0164380666150907
-0.0132444079235147,-0.00961944491611975,-0.0470233393005793,-0.0543607597548908,0.101855922924353,0.0540202252412726,0.000421387952262252,0.0473719238685905,-0.00844334434194569
-0.0133192619216955,-0.00495952455985197,-0.0205494019374144,-0.0316895041665643,0.087459284585778,0.0522123980065247,0.0137113925165229,0.0576010667971699,-0.00651257694937803
-0.0177635210245975,0.00430341085950147,0.0167668285370354,-0.0231129238376535,0.0728969602482726,0.0430589692461653,0.0192546936672139,0.0608284696542432,-0.0134523880176505
-0.0198685944023696,0.00858549265076483,0.0496673938337445,-0.0146826516148766,0.0625434259804442,0.0397928175171454,0.0253567694449568,0.0641532484969893,-0.0194210652693102
-0.0162077071894314,0.0165863056302576,0.0518058556317488,-0.0202689322633351,0.0498544551704064,0.0486401879701525,0.0306700529506335,0.0695631656150998,-0.0164110706586452
-0.0146044395483865,0.0181315605699529,0.0531353760024359,-0.018377834568878,0.0441983553133571,0.0638492094285848,0.0254300648831484,0.0736280841019115,-0.0152882883641684
0.00053125050985883,0.00785702392460861,0.063982109111554,-0.0115074042572049,-0.00603466766939029,0.0723645184620951,0.0189700940898146,0.0494390475011655,-0.0278395207556718
0.00693099032827537,0.0112453572424599,0.0616634076645878,-0.0141891269590832,-0.0393104600144006,0.0722174145221627,0.0198656500246301,0.0422710322244362,-0.0298821638961455
0.00967253982818585,0.0125499520399374,0.0498165090655768,-0.0232314436556248,-0.0541854996763375,0.0688380279858744,0.0210429050650661,0.0417942716799207,-0.0341887618488159
0.011885542870627,0.0126595615838741,0.0293384208596942,-0.0276621213796639,-0.0718060907867597,0.0651467657138185,0.024614068430427,0.039806462000604,-0.0340708693615911
0.0164450069320104,0.00864913147606471,0.00616545941544705,-0.0319764289450334,-0.0838674990720121,0.065512188291507,0.02451853585864,0.0339310253444133,-0.0320016445013679
0.0130707407423595,-0.0178273673146859,-0.0257326147694562,-0.027164652995632,-0.0903812948605797,0.0546113644785792,0.025745680813769,0.0216061090995816,-0.0307683337501501
0.0165613071371977,-0.0189590633977781,-0.0473084374796166,-0.0252541902166702,-0.0964713543919586,0.0510732213503072,0.0287265814219729,0.0164760108885959,-0.0282721374806145
0.0149949352696473,-0.0239926540634984,-0.065460846520394,-0.0206666641952074,-0.0976321751751583,0.0493677666664208,0.0256500934663489,0.0138174931606928,-0.027744800952369
0.0113246953312548,-0.0319328662250924,-0.0830995030791068,-0.0169703432330368,-0.0930872625522585,0.0460232554100027,0.0203345420433737,0.00848149025454773,-0.0243645006642202
0.0123182596083436,-0.0257856315713733,-0.0846576263582607,-0.0142587329106315,-0.0888401853212956,0.0477677190846259,0.0151544404923081,0.00649861167918243,-0.0219963102890466
-0.0175570228860379,-0.00780450242653566,-0.0825761315693765,-0.153272883278201,0.0827844479382149,0.0022915957972488,-0.0223876258639208,0.0018602724611781,-0.0560229660800348
-0.0173066061660747,-0.00852324555675458,-0.0716030180411535,-0.124450672445493,0.0882779102123736,0.0100921361842144,-0.019884977345336,0.0216575532845757,-0.0534313782014346
-0.00724915540744987,0.00611392802164624,-0.0597372640518118,-0.0945077178683658,0.0658909834265088,0.0221587295594762,-0.0105171033675497,0.032120643013482,-0.0457004189961224
-0.0115299673198337,-0.00184904881583785,-0.0130863778836072,-0.0624031329328031,0.0645284309666218,0.0343918318562801,-0.00740853016579414,0.0380236282815989,-0.0421634021464562
-0.0202829736422137,-0.0121703213583647,7.72962954365825e-06,-0.0393376307025023,0.0980408314908639,0.0421413169184726,-0.00379020029449479,0.0475329436384146,-0.0307833753883292
-0.0247219367038117,-0.00467245972727005,0.0348130040552682,-0.0307837780723498,0.0928901855821164,0.0431075902873684,-0.00309891425886037,0.0571517474407927,-0.038079067096558
-0.0241229390892832,0.0129991370377112,0.0593427420095751,-0.0381260121880222,0.0802005530768457,0.0411286844946865,0.00485018718230677,0.067643056426035,-0.0416714618413709
-0.0239970621560293,0.00399801617650005,0.073073324664239,-0.035082340087487,0.0646226823466035,0.0413674823691808,0.0115820866871267,0.0693061429793889,-0.0494006461746912
-0.0125624871260871,0.00345973303073648,0.103669170375348,-0.0288029794640499,0.0160083639990911,0.0462085260757003,0.0011643553170317,0.0557023645651755,-0.0728519947855974
-0.00504205854455385,0.0112025578091132,0.0768466878403988,-0.0183125696625418,-0.004080285059174,0.0528405347789784,0.0150590745722249,0.0569131364253991,-0.0530719477701503
0.00458250723683193,0.0118477363644413,0.067322444247636,-0.0210287438282503,-0.0433517067355842,0.0535667114708702,0.0193987506860576,0.0494559574050989,-0.05415340251386
0.00726151573844202,-0.00538897225852377,0.0460568533032423,-0.0153600537403677,-0.0552427804749917,0.0481220205308263,0.0231678450137607,0.0458303809964909,-0.0572659050660968
0.00656840244048147,-0.0148610026534886,0.0316230785058158,-0.0149377928276877,-0.0690587488631796,0.0371119983303007,0.0282406049671328,0.0406454871296913,-0.0598706508370551
0.00981864318150746,-0.020458358112082,0.00151769594272212,-0.0205798226062424,-0.0835411366270671,0.0362905993496244,0.0270729876700496,0.0334669455343342,-0.0571888982033938
0.0106067856048122,-0.0364878188837711,-0.0265778094272564,-0.0183765040305307,-0.0914189001395777,0.0282560788060656,0.0330675604411789,0.0252857558980151,-0.0554150252639856
0.00965480495896297,-0.0369165938029534,-0.0492653644254138,-0.0177398917086681,-0.0959043115195043,0.0252881491919289,0.0320556142274913,0.0207329024731325,-0.0504586965068243
0.0118852488524315,-0.0410322061895996,-0.0687741874623736,-0.0177299043248223,-0.0995828915335311,0.0207638738332047,0.0326954950061551,0.0164592892622012,-0.0493559552118501
0.0107027990503307,-0.0410675695479945,-0.0862816851673585,-0.0172264852123958,-0.0966455635519582,0.0179227427038857,0.0261677292462526,0.0159933861457912,-0.0495783429186691
0.00935353978288,-0.0388414536679934,-0.0963825229076324,-0.0127355161837982,-0.0876334470107321,0.0198885561863009,0.0211808543977298,0.0133166804014008,-0.042124169911956
-0.0211801020375611,-0.00673403910845689,-0.0770242369689421,-0.166785069808488,0.0637139922026352,-0.0165587042733243,-0.0268681075994943,-0.0175447362473783,-0.0706063994721538
-0.0234363338985629,-0.00728767371525837,-0.063869172520427,-0.148816339652362,0.0782022467964798,-0.0116817330708604,-0.0214532840299304,0.00263793804443153,-0.0694831410551776
-0.0205392832605254,-0.00246235058045034,-0.037732043416223,-0.114241200335101,0.0793152923663985,0.0043568355941299,-0.0168490033794608,0.0177615769570499,-0.0637435627662775
-0.0213972923573781,-0.00133730841875817,-0.00189122106630491,-0.0726730514000324,0.0944637619392756,0.0214336857065419,-0.00981380395171391,0.0411519214255447,-0.05294039575575
-0.0215155708457684,-0.0105170590974477,0.0275571810158858,-0.0424615173514748,0.0930903087047286,0.0326315158235726,-0.0130081627488174,0.0373577649066744,-0.0524917568969497
-0.0304294882867829,-0.013021786978146,0.0527790972524827,-0.0235002143124184,0.0950206075448794,0.0360804189097213,-0.0166537141702622,0.0424078134670005,-0.0534196452390902
-0.0249808122232667,-0.0122368190688427,0.0766504374652186,-0.0162686964718056,0.0681485806180518,0.0436663340421715,-0.0108559352712166,0.0373829440331643,-0.0604219366595686
-0.0169908406190513,-0.00964998970178505,0.0800573322133994,-0.0218266838879707,0.0336850833395786,0.038207249910141,0.000866424055263626,0.0380527644869348,-0.0658404468559624
-0.0110960847661142,-0.0137300790881843,0.0918360203771793,-0.00967618259087467,0.0127784305459737,0.0396291362671042,-0.00085923320291478,0.0381944264636092,-0.080304184034404
-0.0101411530667706,-0.0338337594460581,0.109166234473142,0.000373700366452561,-0.0010889195108559,0.0301790713595041,0.00179881546775763,0.0393456233876121,-0.09831931661775
-0.00184561539673143,-0.0234689259501355,0.0683465579248607,0.0139535717834914,-0.0340821111085664,0.0302571142348587,0.0165206160691778,0.0372934647091744,-0.0747344613707253
-0.00217324071436565,-0.0246773798846673,0.0458703867167016,0.0167148032368861,-0.0435974510940905,0.0263212199544246,0.0181086233444767,0.0373084037222427,-0.0714265136746341
0.00326091907047286,-0.0290122749750898,0.0255757777704245,0.0118359849018942,-0.0558509710318253,0.0188606293701358,0.0212177484104409,0.0371923878616875,-0.0763491330450289
0.00426882891320124,-0.0365213608651874,-0.00121761455576632,0.00321103124281213,-0.0698911898679,0.0106109933085039,0.0234423111416829,0.0343491775127091,-0.0773881021210566
0.00407371930061228,-0.0452406404590531,-0.0276895707164554,-0.00451764818746318,-0.0837057135840022,-0.00471019933805253,0.0286702176027728,0.0324804577845397,-0.0810301903392698
0.00400742708139388,-0.0572101748819358,-0.0543199760400777,0.00220546697971304,-0.08826173771832,-0.00931206144052086,0.0298835653812978,0.0238357201722667,-0.0767311183099968
0.00703050670857474,-0.0544041892001541,-0.0744813922298505,-0.00189721348416376,-0.0915786214771818,-0.015639136659871,0.0319312417203678,0.0204571691512577,-0.0747459608684219
0.00553562308110048,-0.0512072136040213,-0.0862396072425111,-0.00555238742359749,-0.0912745481066876,-0.0180099572206829,0.0288730511672716,0.0197497444217012,-0.0721646716001795
0.00295402698209414,-0.042344084516976,-0.0945544870283469,-0.00221897595965625,-0.0882211228006962,-0.0140875124538489,0.0254160209822638,0.0177058830492905,-0.0624590757066249
-0.0229136954671994,0.00928609307760243,-0.0707646642807774,-0.162478641865023,0.0505090935032555,-0.0234489055317497,-0.0173976168317723,-0.0409345740295878,-0.0598202465996083
-0.0231281138967539,-0.0143408343211961,-0.0316168298677015,-0.139246820827292,0.0436259775777946,-0.0197888875647038,-0.0138160670933054,-0.0281759517185657,-0.0728076693702375
-0.0264429870189044,-0.0090417501312988,0.00148723083578053,-0.11447022575648,0.0431296420066859,-0.00734691240197018,-0.00985171567660144,-0.0264943808379652,-0.0660421133582876
-0.0328848820151612,-0.0182773101034234,0.0266044891438599,-0.0829234286071933,0.0768040211949574,0.000202066918031015,-0.00232543518009447,-0.00451607723401211,-0.0587863489979341
-0.0309406182504585,-0.0243023780855325,0.0475278922565629,-0.0618707928203212,0.0697606494559813,0.00459357445439006,-0.00349977336142027,-0.00251232650650684,-0.0635963748143829
-0.0265070790722374,-0.0244370140082371,0.0685012893930579,-0.0331720798873133,0.0691084397881759,0.0222697485938208,-0.0139170001624292,-0.000468031043190738,-0.0662809481831886
-0.0210766099492886,-0.0317539935280382,0.0864873138543429,-0.00938014891590031,0.0552418860369095,0.033176072790408,-0.0160463637308705,-0.00611500752922642,-0.0722567703301387
-0.020247322228924,-0.0286431876313618,0.0858163448315136,0.00463518679650615,0.0479224592459519,0.0307702522813543,-0.00842426446562696,0.0179286424054523,-0.0773259323583958
-0.0143784861676954,-0.043443449801477,0.0803096583471423,0.0510316114783403,0.052040370186934,0.0432679045043823,-0.00972361560976134,0.0213856596177184,-0.0765495519754074
-0.00670166793761145,-0.0406554576063479,0.0759266612135749,0.0373095960954868,0.021465719846115,0.0395028560123941,-0.00581097530141104,0.0216518686718458,-0.0863418812150402
-0.00757659837042983,-0.0348431772014321,0.0673082444089904,0.0456851119863557,-0.0166165894020468,0.015836914872074,0.00755199181174398,0.0294501084028504,-0.0860882592880709
-0.00933103013648282,-0.0432337870530777,0.0585653564480162,0.0511729637429532,-0.0226461465676893,0.0123555823225224,0.00612059729982346,0.0275785315446919,-0.0890207313919293
-0.00916311671169239,-0.0413857005760097,0.0249697999413081,0.042294927968777,-0.0342735850487084,0.00247467243792877,0.0121552728842655,0.0268921885272898,-0.0825871309227024
-0.00331055841547779,-0.0460560850091862,-0.00501656224974826,0.031350940498845,-0.0465631890479576,-0.0079152737402902,0.0197414063501434,0.0292412571092057,-0.0850117493150254
-0.00558470747652177,-0.052484887901932,-0.0360673500889955,0.0199003978845714,-0.0610906956582293,-0.026634324851871,0.0236318854849689,0.0320709490551224,-0.0908376209396982
-0.00609854541607092,-0.0631099232403572,-0.0577387015082069,0.0185277453314541,-0.0704824430688789,-0.0398864767874196,0.0270225351863449,0.0254129715795292,-0.0899369006574256
-0.00675191219972846,-0.0528082466635833,-0.0725486658790364,0.0133785046046467,-0.075636070314885,-0.0533118835426235,0.0298120949888749,0.0240723607651179,-0.0872734198136975
-0.00475351780755796,-0.0494616702845398,-0.0808059531682668,0.00674770232472168,-0.0812657255724131,-0.0509095250347568,0.0313982079403853,0.0200882109026627,-0.0816983558421436
-0.00125373423314686,-0.0299590843794049,-0.0883725798057743,0.00502718754755225,-0.0811082114390685,-0.0403989358222784,0.0269807980676824,0.0210940818663965,-0.0731830351909859
-0.0193005162050877,0.0185724288530112,-0.0463193088468424,-0.170797211203527,0.0104266401198904,-0.0344291629700079,-0.0195757446006935,-0.0973352214214816,-0.0616995611458463
-0.0234666430011818,0.000204714455317925,-0.0142604538446223,-0.150737904689616,0.00814085447842317,-0.0311308741093619,-0.015680076927011,-0.0856406533569577,-0.0692568167694946
-0.0191277869008012,0.00283996230132295,0.012284633131522,-0.110485486662088,-0.00117810671893927,-0.0185453644076456,-0.00266550187510471,-0.0848084138974911,-0.054352689986976
-0.0329451441221244,-0.0290083576328183,0.0365061163936464,-0.0702099347987942,0.0502904409452385,-0.00870501511209266,-0.00307484133867891,-0.0490733892756345,-0.060315772585241
-0.0301553870044063,-0.032469916400949,0.0513570876174151,-0.0557657512748105,0.0487334579222486,-0.00686418272286992,0.00267033634837973,-0.0417106092276485,-0.0631791747445185
-0.0214367572368785,-0.0297549792149582,0.066288653003678,-0.0324667465742443,0.0372532472141593,0.0116554128845966,-0.00619741741267037,-0.0332009145900753,-0.0710057015663408
-0.0194300699114586,-0.0347123510339489,0.0781607144906484,-0.0132916287369527,0.0413344715006723,0.0230408238980354,-0.00913341391492728,-0.0236278247508097,-0.0768240693801466
-0.0171294833467706,-0.0409184999420855,0.0869285479932929,0.00984896141907505,0.0361831386297398,0.0266129557919023,-0.0127367757529536,-0.0221327238026897,-0.0830714383060395
-0.0105747153249462,-0.0367025101368778,0.0676004173285027,0.0852750721766362,0.052027988557884,0.0474060992037981,-0.0160294805579254,-0.00188635221288485,-0.0644435929772756
-0.00907719801600381,-0.0507291211237417,0.0611065392852916,0.100283548662219,0.0433133928305469,0.0388656111015954,-0.0117153004290845,-0.00158319947936641,-0.0712497327124336
-0.00948935663348541,-0.0338189137021081,0.039889498778877,0.0814450415712036,0.0151384239134796,0.0231407727382644,0.000725464612412817,0.00915596496970263,-0.0671243837724098
-0.01540692335382,-0.0506273829612448,0.0238351659782411,0.0829793587687842,0.00549108699894648,0.00715253004706137,0.00284320970857937,0.0124687121525588,-0.0755864362313561
-0.0165814495990179,-0.042943819039781,0.0289527789191501,0.0787929410106487,-0.0122766549475577,-0.0183024172212816,0.00641953362154308,0.0232068876857675,-0.0911226435150314
-0.015244141279695,-0.0526225645479484,0.00219129538875987,0.0712012325270489,-0.0222675573855775,-0.0359546303992568,0.011071253737935,0.0236494488057017,-0.0962265350722429
-0.014813579087631,-0.0426756707598291,-0.0455401375832108,0.0474096461644023,-0.0346982522337804,-0.0498675311831792,0.0170700841674851,0.0295522754039068,-0.0918607415130784
-0.0227181038454068,-0.0358638370305328,-0.0591538334346636,0.02782226359649,-0.0524808913506481,-0.079401170343036,0.0217577771168743,0.0335102824149508,-0.0975319522299691
-0.0249200656398917,-0.0298961527757271,-0.070603514751847,0.0245671331233952,-0.0580418862786527,-0.0860699144563245,0.0256313583456937,0.0316074708315356,-0.0916735758594676
-0.0230358351208979,-0.00172334937204467,-0.0687132038722867,0.00705227594054882,-0.0641368398388083,-0.0826771928576732,0.0251547625511085,0.0335241743125387,-0.0844231639645524
-0.0148546762717847,0.0151995116838375,-0.0669226134402138,0.00193680809152045,-0.0672549918834657,-0.0647454761188339,0.0231275730396312,0.0314405938288402,-0.0771063699076074
-0.0260266142300892,0.0199466082018007,-0.0543746329021992,-0.162320971800961,-0.00900783303038971,-0.0510494295643274,-0.00520682015421494,-0.130656846557728,-0.044221845699693
-0.0208167517123804,0.012308026932611,-0.0177334718252728,-0.133687329716159,-0.0213154683664328,-0.0437315995515274,0.0102097425220466,-0.140371090843632,-0.0366725249332654
-0.0183742648921787,0.0102676879437865,0.0291845527601681,-0.0942977289088041,-0.0160326033783485,-0.0205838668829981,0.0131508776393646,-0.128145448006037,-0.0332223020896527
-0.0194427887210808,-0.0278483294036004,0.0504245616394779,-0.0545585966048358,0.0108706066820765,-0.00846792248856605,0.00617308023228368,-0.102481963817485,-0.0487475403761057
-0.0195211905003748,-0.0317304853140882,0.0587675036277407,-0.0353756793335393,0.0182191861916222,-0.00456845535747177,-0.00143362820877332,-0.0861501245453439,-0.0608210081779874
-0.0148038062108648,-0.0395052254320923,0.0576550623080361,-0.0132165937930067,0.0310628126707901,0.00884198179304956,-0.00632977550065255,-0.0747482939058408,-0.0657654076420827
-0.0120982118643066,-0.0355210632120809,0.0634301749369668,0.0116697559175443,0.0281877256560668,0.0130174524539343,-0.00317263827771375,-0.0607986877223477,-0.0675462863605444
-0.0137862882345023,-0.0336942420491129,0.0689308039432381,0.0224645488333492,0.0302055803918361,0.0163225206164598,-0.00632378106138266,-0.0456348393081706,-0.074523950326191
-0.0159313969672763,-0.0175032686752395,0.0596642550312457,0.0655020378995654,0.0428478468731273,0.0256173030530302,-0.013815842831752,-0.0189220482658756,-0.0667022486861289
-0.0126408835584214,-0.0270347081047551,0.0445206642034927,0.121473633105517,0.0509128077082945,0.0307395104344537,-0.0115234482275968,-0.0168688292949131,-0.053285290787042
-0.0114356891830657,-0.0301024545663539,0.0251596688146066,0.137622503304345,0.0481824841662891,0.0245894439655774,-0.010994427252416,-0.00986163250598231,-0.0528372895557912
-0.0150792883126824,-0.0471304213751535,0.00353094402773108,0.158175203139709,0.0531790682707492,0.0167569831644168,-0.00875190486590802,-0.0115928914231049,-0.0491127143298128
-0.0114944398892343,-0.041461818165712,-0.0242220370792198,0.148453846433948,0.0394387503480416,0.00388495374011661,-0.00426469129484782,-0.00189201248121827,-0.0522992799003359
-0.0124468937418539,-0.0285787659824712,-0.0387160006471734,0.113911875719927,0.0230397219624015,-0.0283087311110258,0.00154871701621866,0.0100718740659719,-0.0674967353669824
-0.0267873943298164,-0.0179528348839816,-0.0450973416030478,0.0647641062662755,-0.018122116468612,-0.0768061803940009,0.00901037278757847,0.0248749747707608,-0.0928105970296676
-0.0317122580612357,0.000662648037638828,-0.0565387402154978,0.0394500152652811,-0.0390794785491046,-0.104596610894655,0.0175391725741808,0.0336243876490042,-0.0967260229943025
-0.0411697796813491,0.0208265363917784,-0.0547592051393034,0.0165104379434517,-0.0521785548325575,-0.1121589209061,0.0224189178384787,0.0360814804244113,-0.0868166180709726
-0.0326960096362106,0.0662301892230076,-0.0484629395598132,-0.00602761562463631,-0.0578163798126997,-0.0984836913070228,0.021473755998298,0.0414033426268764,-0.078877750863803
-0.0139743773981608,0.161445695403166,-0.0233434397312228,-0.0512888354048087,-0.0660129301336315,-0.0546131401944011,0.0144570227931804,0.0605008025553194,-0.0641545066945972
-0.0168199715277825,0.0174251638804691,-0.0445403061685273,-0.10257953560498,0.0029802668271803,-0.0322302637306463,0.00142146910613524,-0.154444646650701,-0.0209228102965825
-0.0133356466648443,0.00475473859327859,0.0031240496046591,-0.080146930695002,-0.00568294136953362,-0.0279483610505561,0.0150550850116779,-0.172366993762281,-0.0160751112727977
-0.011218478758104,-0.00189305517171402,0.017499413889175,-0.0630756090470687,-0.00250064303484057,-0.0186171423354666,0.0168218191099824,-0.172666042064101,-0.0149555956321644
-0.0117221908124698,-0.0250783139760087,0.0433624906809425,-0.0332365962924203,0.00453635581735812,-0.0102591778202816,0.0133899188847571,-0.144693887068567,-0.0302021394039624
-0.00859530367282458,-0.033329949670342,0.0491471532767815,-0.0120951772915068,0.0115218816600961,-0.00234898294316221,0.0127338261192592,-0.137168455046642,-0.0350461352380369
-0.00795589951473007,-0.035157737217411,0.0493004536292876,0.00273215798149738,0.0199492976220314,-1.82138160666591e-05,0.00340192757303607,-0.11135044230657,-0.0520350347071583
-0.00696975836671477,-0.0250403470095962,0.0589667076377643,0.0311621267835253,0.0280143263360508,0.00941548359854167,0.000534734025686519,-0.087214457883414,-0.0564158834240798
-0.011869167725498,-0.0260031909500758,0.063578198946421,0.0389805626001125,0.0285035299783062,0.00913909830084618,-0.00172436444601498,-0.0659074077023553,-0.0653206780506663
-0.0125024074963092,0.00428624115014038,0.0577822296747839,0.0602466044184611,0.0368803395285364,0.013077772985587,-0.00292870249790464,-0.03892852464483,-0.0609862385287636
-0.00573688501796614,0.0849412567323892,0.0410374760437429,0.0659727257395213,0.0327082796604139,0.0318054333674664,-0.00440998696528007,-0.00760449522812307,-0.0364704526159125
-0.00985892006427817,0.0733153773307848,0.0161989357087513,0.109575253613981,0.0475359855425606,0.0308568456988131,-0.006595948664949,0.00157610720160295,-0.0247838530908257
-0.00672654317810857,0.0422227420066815,-0.0107795732754784,0.159354311170698,0.0741878482109003,0.0396762957426555,-0.0143925186268598,-0.00982158257965927,-0.015254917811566
-0.0136505321071817,-0.0483289488060391,-0.0454176134808644,0.205052753196037,0.0765150871734468,0.00251430346524196,-0.0136509859764816,-0.0266751245227974,-0.0348271001982658
-0.0113838970029352,-0.0236948346968464,-0.0575588261290438,0.168732313717673,0.0566502576725734,-0.0178002091586664,-0.00778433511036533,-0.00992464791972534,-0.0455099400377594
-0.0296437186149146,0.0033833388969465,-0.0462654920370766,0.0964624301753889,0.00819382564350372,-0.0782893909079906,0.00442229605908596,0.0146273894475615,-0.0796669499736352
-0.0444634678061146,0.0315298070924476,-0.0554113673217843,0.0628459259126137,-0.0191321831824911,-0.119117053385338,0.0164450399634093,0.026565255676187,-0.0836390473292636
-0.048756723477726,0.0818750895064791,-0.0514272189637228,0.0155995039540714,-0.0475807902070475,-0.130800311421368,0.0226916148413415,0.0377604928600537,-0.0805557626062653
-0.0377075594563473,0.2373919698286,-0.012627930887391,-0.0699926338978358,-0.0628287092439806,-0.0834917049542964,0.0123391023355916,0.0703417215426779,-0.0572246966440623
-0.0287962298690554,0.211052539567962,-0.0126048252871025,-0.0593235541355583,-0.0656482046065894,-0.074250562840832,0.014005798590165,0.059491025367576,-0.0563980896977827
-0.00908598084196004,0.00551088278435029,-0.0327918152155633,-0.0391369630155036,0.00533154390464129,-0.0158488576589594,0.0154820078358632,-0.189768222757657,0.0105385016235175
0.000527214602605945,-0.00724955787386366,-0.00927326440284362,-0.0179221247974907,0.00258046756426717,-0.00448034657050021,0.0271529717029358,-0.210851565874441,0.0196260903759449
0.00342517924725981,-0.000688174836985897,-0.00456164463870448,-0.00961880861454187,-0.00366883262963514,-0.00134283385411421,0.0313313196362961,-0.204749396012461,0.0231063744004313
-0.00301448886207714,-0.0220220729529281,0.0119525842927804,0.0115973753249545,0.00844220302596694,0.00114296919654283,0.0231470923103902,-0.172302849123554,0.00381355870567771
-0.000462227359853567,-0.029687120048878,0.0269317703840993,0.0234274666329621,0.0185071250864616,0.00682739638770422,0.0148444404990074,-0.162880088162524,-0.0131355426529882
-0.002873665381502,-0.0173706628441197,0.0384713791227838,0.0239687605978039,0.015964741289546,-0.000656809240951747,0.0131585633534896,-0.145556432691562,-0.0274645233395341
0.000219772950147187,0.0171832689069106,0.0520372923891878,0.0263261824306067,0.0185612756617644,0.00483423706337258,0.01201274508429,-0.123959234710301,-0.0335579686215719
-0.00121208634917862,0.0355948340512227,0.0544353682680518,0.0386672069983439,0.0256570652024087,0.0143980044889369,0.00596553956670535,-0.089974024495369,-0.0363405388831639
0.01086631814148,0.231316253683564,0.0675969997948431,-0.00891131484582497,0.0194850093212907,0.0653894807054018,-0.00404915942253796,-0.0202613794340593,-0.00139776200796809
0.0116359364856058,0.245392877649376,0.045347312596903,0.0103346798412476,0.0333476008716239,0.0647591145592664,-0.0117034013409277,-0.00037930602691599,-0.000944650330228142
0.0106904070627275,0.231919447086972,0.0171199310953501,0.0391250009698468,0.0338377671233138,0.0582983821966015,-0.0048480231485349,0.00603870294680478,0.00532217792582703
0.00603674736722356,0.121602926283932,-0.0338950069642332,0.127542680566653,0.0604092069199102,0.0455162770001794,-0.00793722203787857,-0.0220596864892422,0.00706109076141854
-0.00944395712745278,-0.0182809401643569,-0.0654943074464053,0.209508510934934,0.0804379327235317,0.00459892227810073,-0.00937051276718282,-0.0317161041990926,-0.0172279639281086
-0.0137138032227276,-0.00567523094875963,-0.0654372060378491,0.188853709239466,0.0662329883999699,-0.0151098710233147,-0.0107249142745063,-0.0249187888211707,-0.0266463455594441
-0.0307970256045983,0.0100553101853709,-0.0720536356885133,0.123408914393262,0.0238700374530891,-0.0642049661589941,0.00178755373117555,-0.00511729383157135,-0.0508403068305789
-0.0370802240387331,0.0690084283878933,-0.0730722042995801,0.076287407170104,-0.00190664695778694,-0.0904408970653897,0.0107289984106945,0.00685089468977476,-0.0507634105243302
-0.0416324385673288,0.173136131761907,-0.0530437002711088,0.00631176915990634,-0.0326874436422315,-0.101566795176451,0.0165320851335109,0.0366625906294455,-0.0500669103746234
-0.0393202231350361,0.250370838073485,-0.0327243826244178,-0.0395347197746876,-0.0440608775446119,-0.0823288056550121,0.0103375858204702,0.053391002439811,-0.041294401141412
-0.0406069472090065,0.161984221368102,-0.0338338061360721,-0.0104507530573331,-0.0470696627760724,-0.102221851491026,0.0202295856261828,0.0400682181057472,-0.0560017342063441
0.00421780112241465,-0.0100816187522317,-0.0446363044368654,0.0286043520158083,0.0301188959923054,0.00608576190224535,0.01715574397032,-0.213849832250483,0.0340967282216032
0.00820964594770172,-0.0149184751446613,-0.03683088579715,0.0289041640373718,0.0325914563893831,0.012914442860558,0.0166402070189864,-0.219711393345568,0.0321870802060105
0.0114299891757067,-0.0085143960509105,-0.0172408700792917,0.0404581275265903,0.0323353784095561,0.0240138143304975,0.020832543660759,-0.214031539164129,0.0323177910023611
0.00500561612438407,-0.00267612127854204,-0.0050264130161153,0.0310538734448512,0.0323337638386903,0.0167421995275536,0.0138709171578714,-0.202103380094801,0.0183964645772549
0.00607770804085461,0.016001419214673,0.00511063026762758,0.0277196432360454,0.0205819313709604,0.0157352068400155,0.0175792152386899,-0.18329776380263,0.0104255208173522
0.00339601995968363,0.00700426446965317,0.0154938897648757,0.0394805209123636,0.0143314967927306,-0.00088268029744497,0.0228859353040751,-0.169737876093687,-0.00434659891797471
0.000548859527703231,0.0612350536401825,0.0228648494235878,0.0385165122054011,0.00889555183254655,-0.0021218963223139,0.0246915651688728,-0.146640561915309,0.00245055520616736
0.0110852977145619,0.167243054289448,0.0335145204839832,0.0106971782566682,-0.00450581979116497,0.017982220797636,0.0273168331430797,-0.103815420409683,0.0154227217071615
0.0225074665916955,0.304263539703532,0.040564197143668,-0.0151290687155975,0.00452351930245049,0.0629905410378328,0.0104280635694392,-0.041748191064956,0.0306828869496294
0.0257297507184808,0.335430739091217,0.0213856479240301,-0.00936021623473249,0.0281941417594996,0.0821472329643774,-0.00704975061945665,-0.011931645381353,0.0335116857316645
0.0249275770982391,0.294825569251594,-0.00712507214241972,0.0215896964235126,0.032613243927346,0.0777561931335206,-0.0082354380362077,-0.00978563396004567,0.0276051365894445
0.00708665910504505,0.138122183335281,-0.0591437169861466,0.117007830150244,0.0562763169685897,0.0404811769804152,-0.00611979689036782,-0.0212441009837302,0.00981910106302253
-0.00699889554428759,0.0427327812838777,-0.0805539279732183,0.163509237491219,0.0602522571064653,0.00390806686481795,-0.00553035084433781,-0.0302013181116811,-0.0103650972832925
-0.0112032224686148,0.0251455874098399,-0.0849162583314467,0.164524445925131,0.0518813525209145,-0.0179833073278789,0.000432446693689185,-0.031174174531324,-0.0171083589578511
-0.0211109587941086,0.022427337837283,-0.0777232035012336,0.171455964062423,0.0501107463027289,-0.0249211834266366,-0.00322078935564895,-0.0310745125246694,-0.0187198098539073
-0.031690712199283,0.0755187172993893,-0.0828591163771219,0.125054789005686,0.0280408327773502,-0.0541479221187927,0.00430597770371989,-0.0098035507664656,-0.0225793401744218
-0.0386445567317576,0.134621685125999,-0.0724939374368094,0.0596950306533516,-0.00205577400859668,-0.0752528265319003,0.0105942606559883,0.0122747417300184,-0.0289240061975874
-0.0391761823048504,0.112846069432747,-0.0738886210041762,0.0626966897980864,-0.0108551043619809,-0.0785375062228486,0.019543272661842,0.0070434603764043,-0.0299571590188637
-0.0380570380545235,0.10610851610925,-0.057469247229298,0.0501880514182732,-0.0175264681596411,-0.0713935583048103,0.0228965875105,0.0145876293677605,-0.03563767673346
