0.00927430199537452,0.00538215234349521,-0.0188396443621086,0.255411410364113,-0.0133870668319238,0.0224759458719745,-0.0152082599632636
0.0188468161939199,0.00294428429897974,-0.0167687055950782,0.281409433480581,-0.00808204515273635,0.037467348495746,-0.0038224319774992
0.0262057224222329,0.00220483971623117,-0.0180359836005726,0.277295246144707,-0.00862909685254571,0.0338931412252666,-0.00394495641574859
0.0321664191637063,0.000878392844960245,-0.0188840753283067,0.267672195949971,-0.0128808662899887,0.0295199035287483,-0.00881506006431951
0.0343915222440059,-0.00360843784096127,-0.024346667215666,0.247106548198935,-0.0162701983243963,0.023789455415572,-0.0218983883128905
0.0328073925722064,-0.0120273892809652,-0.0295112368057026,0.199496581541395,-0.0192179368807759,0.00775038835449309,-0.0474117472766913
0.0199574197446338,-0.0210835971251863,-0.0280818302779161,0.113035768844721,-0.023449798515128,-0.0245281956070259,-0.0917578309196281
0.0163019928579234,-0.0233051826915459,-0.0297503399955245,0.0883083203340346,-0.023792803529387,-0.0304231598818288,-0.11007223332769
0.0193903627261932,-0.0285892817632674,-0.0356321455653926,0.0664897679296049,-0.0274521225503311,-0.0378155337921624,-0.124531664434095
0.0225771635377853,-0.0322100471922891,-0.041032752547059,0.0581530608947375,-0.0316779586654436,-0.0377758216142746,-0.134337688830448
0.0161972752412381,-0.0307080033290091,-0.0370257775972532,0.0426002175163895,-0.0313471910926765,-0.0372352817546567,-0.14585841230095
0.0110802625952342,-0.0299000457362615,-0.0352914962699634,0.032896604273164,-0.0336785469867937,-0.0330397041999088,-0.154565276493779
0.00962450007684901,-0.0307873869415475,-0.0343488759746925,0.0209872354654853,-0.0328198556468194,-0.0295649493193276,-0.163532378704068
0.0015937380638735,-0.0292752358061536,-0.0330832171441951,0.0139410461844361,-0.0362120029694643,-0.025742863171849,-0.172784301698297
0.000343594475395672,-0.0284846424168652,-0.0319258007635519,0.00553396448161112,-0.0374449882904907,-0.0230938235761931,-0.177354339867909
-0.00413026473026332,-0.0271520644383263,-0.0326357441961146,0.00326561863420107,-0.0393827900801402,-0.0186623986045739,-0.184440050040244
-0.00549943279501545,-0.0265649641323431,-0.0334420543386053,-0.00375171166057237,-0.0422384783161042,-0.0189554571880881,-0.192654293824425
-0.0074725439971393,-0.0259196810755745,-0.0343547946308334,-0.00441199768903957,-0.0388911196008815,-0.0174019423993758,-0.193885841385283
-0.0111071804814714,-0.0282168567682047,-0.0365679691517516,-0.0107068690818836,-0.0391805473712576,-0.0167003979575887,-0.199013250473388
-0.0109229963049471,0.0209028422529052,0.011570673347954,0.220112140614366,0.0119446213135326,0.0050109898161605,0.00893247817354133
-0.00393081014608243,0.0103593203571518,0.0122592050040543,0.230851801809945,0.0198762497402401,0.00776913356112574,0.0191791933171613
0.00617529196177399,0.00691803765570817,0.013101312295399,0.227460059701027,0.0210064000365368,0.00484956070721189,0.0204604602405628
0.0105208441607949,0.00461536893152923,0.0139286761958782,0.204484447832149,0.0173369873561268,-0.00583626927750066,0.00992588364357805
0.0114653995256882,0.00215778551585332,0.0125747254992272,0.178136494395468,0.0171410292945589,-0.0143575227922632,-0.00547490625779123
0.0140095052305824,-9.02330019757096e-05,0.0122241045180705,0.160943997088332,0.0157503113337413,-0.0180413841779306,-0.0147196724064273
0.0169493984769737,-0.00548011188165922,0.00931750831088121,0.119118900783215,0.00786325154870536,-0.0316455535840394,-0.0366954572747305
0.0154864331989588,-0.0133595156838933,0.00306039875189031,0.0632431026898399,-0.00131492866156603,-0.0454200814336975,-0.0727730692178417
0.0213096019960568,-0.015734941343309,0.00214010946818066,0.0382587542276043,-0.00577529571976337,-0.0505790112294707,-0.0847791519551576
0.0199459215267499,-0.0178571298858041,-0.00257714997784751,0.0279405984693072,-0.00969499991831611,-0.0499408518561782,-0.0973871111619475
0.02050486750583,-0.0189275391526417,-0.00172053674949996,0.0118207887773821,-0.0114174266619426,-0.0500068160600324,-0.10786808630959
0.0195876784983143,-0.0183555960982984,-0.00350299180308231,0.00770784672102229,-0.0156362411332271,-0.0414634052214253,-0.117771471998444
0.0162313191336082,-0.0168832659698192,0.000885133220335031,-0.00494843947862846,-0.0144212746487869,-0.039013107509527,-0.124985296339803
0.0073300934700092,-0.01545359862598,0.0031649901775605,-0.0140259757724015,-0.0173426233405428,-0.0337297071409785,-0.135683846713564
0.0041069598579637,-0.0139384757473419,0.0025727259948392,-0.0178528496250625,-0.0184618845033382,-0.0268925291239077,-0.142048811706925
-0.000210469637695413,-0.0125206067588658,0.00264995373783097,-0.0235075371821102,-0.0187601877194054,-0.0233201868128926,-0.149484924780417
-0.0064234404180616,-0.0103315513456465,0.00355173528771639,-0.0251647643420414,-0.0187078714706336,-0.0193560336745275,-0.15518148811149
-0.0130198204012858,-0.00923341986636927,0.00487904360156244,-0.0288795058394542,-0.0161397816109246,-0.0157074112412828,-0.158007470209178
-0.0149324526512272,-0.0113672746764718,0.00208668432475737,-0.0313376663483594,-0.0181290022737527,-0.0112345427344349,-0.160548422465352
-0.0437044285263894,-0.000961080143836426,0.0282135286041903,0.122139070296152,0.0312575544709187,-0.0543760458154627,0.0142316447505728
-0.0381643294241934,-0.00317458977102658,0.0285589512339987,0.132665613936095,0.0379337664713616,-0.0523309962925345,0.020191152272895
-0.0314880141352381,-0.00777188493878507,0.0316839648367947,0.149626509821403,0.0393045189374287,-0.0494818666407403,0.0356494885248936
-0.0156862126577214,-0.00858373682837376,0.0305651659843457,0.149087153536128,0.0342461775136098,-0.0522523825316673,0.0361925148124045
0.00662060206731098,0.00515829733333518,0.0351200534310205,0.123037339215,0.0322508505245048,-0.0380664506258001,0.00766490195098593
0.0148616474506477,0.00217195474935162,0.0346562561714435,0.0921012162506283,0.0275105087337908,-0.0483663223585469,-0.00546868778300868
0.0239114142719149,0.00113051363439347,0.0349717159478263,0.0785863355390379,0.0195814224087845,-0.0476003031246975,-0.015053983202406
0.0194024576762542,-0.0117735675131292,0.0259055824549244,0.0332911080646997,0.0109582517640376,-0.0651951997514135,-0.039611007398057
0.022173248945753,-0.0149179344718618,0.0204557884103722,0.0143355862849906,0.00361696945599699,-0.0664152045515563,-0.0544308815187799
0.0256090666146679,-0.0182791954424791,0.0173364629990512,0.00323773078921625,-0.00217343178671301,-0.0635483820097714,-0.0641597006274283
0.0297012584263345,-0.0124210344516652,0.019994641894928,-0.00625912852324125,-0.00415187241754757,-0.0540585353249632,-0.0784761780639896
0.0310249439847918,-0.0136042574137806,0.0207942394176038,-0.0154719184123928,-0.00463813784572955,-0.0476399212778614,-0.0866513061301138
0.0317457107259106,-0.0114433135936797,0.0262593601356139,-0.0242361841723882,-0.00735657961921893,-0.0422796672388092,-0.0913433938110655
0.0198805697540327,-0.00814736210322672,0.02841418671222,-0.0295176425151491,-0.00851798939468864,-0.0337242737709591,-0.100844076486078
0.0182698893814681,-0.00472392869884506,0.0284275138387907,-0.0342956753341925,-0.00838719076011082,-0.0242175987959346,-0.110176641485608
0.0124949941460559,-0.000946837768974312,0.0301339117925743,-0.037919513088865,-0.00723309835116472,-0.0176427870841711,-0.118461770592881
0.00213401521650293,-0.000210748877065856,0.0324725965260794,-0.0458548260615961,-0.00684021558934149,-0.0151644462243746,-0.125429391662548
-0.00672043839171719,0.00011603210225256,0.0305575000955747,-0.0458284806324553,-0.00698482552725067,-0.00928379503358692,-0.128391660815489
-0.0097308480920538,0.00100857819135282,0.0304556588865466,-0.0447098746029717,-0.00731367030755915,-0.00481885166030324,-0.129004852556513
-0.0732925394350455,-0.0207706752667866,0.0305045993061204,0.0500119688180431,0.0345255054575795,-0.0960886001625847,0.0209593479277115
-0.0662926416266226,-0.0216385958504292,0.0351794999511465,0.0543869131783194,0.0399811411201017,-0.0968503085985525,0.0284405475304376
-0.0537359135761945,-0.0218549047062141,0.0411252694324466,0.0738413425235265,0.0435191747976926,-0.0910538180122316,0.0440810410483824
-0.021165929715094,-0.00461070636581543,0.0487502081867499,0.0966482997344397,0.0438068254046852,-0.0666972271834861,0.045143399449548
-0.00252703767650021,0.00201836174824171,0.0525613834401839,0.0847080624333332,0.0419269980849606,-0.0566804710403985,0.032013101513863
0.0073460375844541,-0.00504767009488834,0.0497918101740056,0.0394588163262934,0.0287835848971266,-0.0695739901766217,0.0104767537877914
0.0178421108602663,-0.00767208291126008,0.0476092393070108,0.0125090365962772,0.0209262083777049,-0.0734963708828441,-0.00387413734777416
0.0274405775539087,-0.00954728960362905,0.0448703499097679,0.000200336891963253,0.0159380463648769,-0.0744729134131756,-0.011842488190386
0.037066030239552,-0.0100564842696984,0.0436943227405505,-0.00991283604699751,0.00771131933487094,-0.0672643445214474,-0.0220684010221344
0.039862590450942,-0.0114429805525276,0.0416068491972101,-0.0161342722145634,0.00111273622911621,-0.0594981800453423,-0.0304325062998736
0.0493393998809782,-0.00573358651637298,0.0474207315867202,-0.0207648702677968,-0.000892440195423691,-0.0451335275692028,-0.0371001348190626
0.0480981357922493,-0.00758591349110881,0.0441648204755874,-0.028081748707031,-0.00656921410635525,-0.0358507772409626,-0.0492277708857837
0.0462733704319436,-0.00223152572357303,0.0527350720829333,-0.0332225148588943,-0.00746964250628627,-0.0244271552192013,-0.0553297372814053
0.0406527072422471,-0.000403004170609036,0.055216531728231,-0.039992816534609,-0.00710875263630244,-0.0170021718085024,-0.0633412801434581
0.0292555673247442,0.00166927780025627,0.0532193506537705,-0.0481815291821389,-0.00331998729689831,-0.0122456479529741,-0.0771254924267727
0.0236486168155407,0.00466663304966732,0.0558751185188923,-0.0505579790129959,-0.00378927660270103,-0.00541424040677834,-0.0829854048943108
0.0131185748736023,0.00815661237619668,0.0577642710719283,-0.0522942912896267,-0.00169595986751269,0.00291475706528562,-0.0894026797573907
0.00196069773177306,0.00935650219641296,0.0561188723239453,-0.0507623110929615,0.000202861850392574,0.00590643580910175,-0.0931659367377242
-0.00225854227147015,0.00985829798957548,0.0538407328304605,-0.0505563192060196,0.00105441706469562,0.00745281601028062,-0.0960585662485242
-0.0794350265114127,-0.0194731096822892,0.0454008371634361,0.0199105576877829,0.0392438085984244,-0.105168394976145,0.0319809974804654
-0.0688133554637586,-0.0264903785358406,0.0429234719191422,0.0190111434928506,0.0422313145992214,-0.105089553233988,0.0359951186026305
-0.0593518992175154,-0.0279542604594323,0.0451292682529774,0.0223063861012723,0.0405754729643794,-0.103453286678549,0.0410847467495272
-0.0340480489203393,-0.0207510493002529,0.0515669137898573,0.0331033175817229,0.0377952820908214,-0.091909696287405,0.0469681620545286
-0.0126832097766015,-0.0137855427712675,0.0520332670066454,0.032423886575057,0.0331477024525663,-0.0778712503448231,0.0373815222581079
0.0141386597798674,-0.00484756999228882,0.0597167117840122,0.0148451484684914,0.0243750857383864,-0.0650594385405084,0.0257291026790314
0.0278212086598425,-0.0053219126939271,0.0597393090289571,-0.000267681632510467,0.0169741233002744,-0.0650570436185119,0.0165755601262479
0.0421302938748936,-0.00665568088063755,0.0602498839320699,-0.00881959285043535,0.00954404918239514,-0.061472745811866,0.0133130365476822
0.0511588632108705,-0.0102363933519615,0.0581755984699101,-0.0180426826551424,0.000751900376067727,-0.0557345924323119,0.00770395885897748
0.0558317096466561,-0.0118075752299871,0.0574651010220125,-0.0249093934053123,-0.00502781828823228,-0.0515092687289212,0.000875304383902698
0.0645398073649586,-0.00596297547561988,0.0599091742492641,-0.0279777802263918,-0.00765236489972949,-0.0295115502014983,-0.00918779705302786
0.0630857121524987,-0.00343811402651279,0.0599966740746539,-0.0333111163595321,-0.00904749729859222,-0.0218137571180167,-0.0188931824497744
0.0610628392035591,-0.000113241464263393,0.0639613498098348,-0.0384866686209996,-0.010572009283221,-0.00927463083131326,-0.0290980815642778
0.0547877971106802,0.00373152687907747,0.0705447870474978,-0.0402241015861623,-0.00746247832606675,0.000553167802123266,-0.0349760345467519
0.0420421328840071,0.00682459835482817,0.0718699071659358,-0.0471521135427554,-0.0033040130752116,0.0069773020261251,-0.0452050978311675
0.0322606929634958,0.0117607384953938,0.0753113196468123,-0.0513998789912514,-0.000124335281402979,0.011107068481632,-0.0531259592087896
0.0211868423826864,0.0151147458130587,0.0757089742397423,-0.0541323723581812,0.000809633381418049,0.0186459943794555,-0.0599699494386974
0.0096622909157619,0.0162825061221435,0.0756224588299631,-0.0530718596146349,0.00312901686312383,0.0224142848785718,-0.0654980458135416
0.00266986287192819,0.0167709624588266,0.0703757231237485,-0.0528509788340558,0.00460711265181308,0.0219760754588737,-0.0721821236995582
-0.0836335518738409,-0.0196934157583629,0.0482915800418592,0.00184545472681358,0.0338526228697975,-0.0986691571361426,0.0386648958552996
-0.0774003975525877,-0.0209956053522269,0.0510643018686303,0.00135207491749485,0.0348939924811048,-0.101317446265016,0.0440560422232539
-0.0502662556942583,-0.0137518313631969,0.0553772491573425,0.0104306214572821,0.0345255202295981,-0.0786460530843319,0.0435321777966442
-0.0332790758628336,-0.0138107732799475,0.0581566678528257,0.00527466811083711,0.0284267711548476,-0.0782553458473107,0.0440950390152402
-0.0243640014300765,-0.024240179841921,0.0542742819242062,-0.00107318297430487,0.0230456546894112,-0.0874281060107756,0.0476115520354603
-0.00553464425328596,-0.0258534240275945,0.0574725809784168,-0.0051872498912178,0.0157109168106287,-0.0810427563641961,0.0502508313872808
0.0139166360936213,-0.0278167043328912,0.0577769800846741,-0.0183806849853011,0.00822835569516374,-0.0831271847889183,0.047583031037654
0.0271480804948049,-0.0291094927541902,0.057592272848543,-0.0229784505763284,0.000263207571889849,-0.077845396860284,0.045386330074865
0.038836209403557,-0.0303114163815696,0.0576279064352841,-0.0312912715233056,-0.00576129639089517,-0.0704968789369338,0.0402128509339408
0.0594292578256263,-0.0159031789431768,0.0613231381260859,-0.0276579637335704,-0.00757773461583617,-0.0360246315536473,0.0222458988250342
0.068020222431921,-0.00694416442651227,0.0659569077572327,-0.0310874152081151,-0.0103587159796655,-0.0149105352409379,0.0118914150327078
0.0698871880034223,-0.00378033439819901,0.0669955973971,-0.030989855252437,-0.0115820912336465,-0.0050624801732708,0.00476978772821
0.0658228056357618,-0.000431711213095136,0.0726400460425587,-0.03366940892023,-0.0113898621879405,0.00587494301797972,-0.00270363825071191
0.0596537173133387,0.00508542375247407,0.0777560847747702,-0.0379842355399408,-0.00696742661568112,0.0157608854913101,-0.0115564827140372
0.0476837760372255,0.0100819477070558,0.0809019555408084,-0.0431225097409286,-0.00204954796692983,0.0194253191119496,-0.0202441621773522
0.035941725455291,0.0155194017452632,0.0869286434886947,-0.0488089533700655,0.000534973647800202,0.0269811350600611,-0.0287641872095466
0.0236852794243446,0.0192011913467899,0.0897586361514444,-0.0474252593050603,0.0050717242792966,0.0345220723397045,-0.0361670827629516
0.0111654291519877,0.0220972632080545,0.0885086868465493,-0.0491937055829858,0.00652962914893574,0.036994175046766,-0.0434619060589113
0.00209443632836285,0.0197832060801255,0.0817844910882939,-0.0493857084717792,0.00728779779981982,0.0379411427698773,-0.0503562272154934
-0.0956778013345538,-0.0162010575441879,0.0525926786848588,-0.00866491907968726,0.0210573013256374,-0.0859275350110279,0.0444156216883829
-0.078306710505589,-0.0250383150338327,0.0515598400308903,-0.0096565670506727,0.0208548961986444,-0.0854731820923613,0.0520155820073777
-0.0688737826269552,-0.0309379454019494,0.0507384911927218,-0.0105138418013547,0.0192165676268813,-0.0849755403682567,0.0534522502532189
-0.0540867649528804,-0.031191744396383,0.0529658155509665,-0.0110082544087363,0.0141180404991748,-0.0834505317649082,0.0571320146244483
-0.0318688340670131,-0.0335857192389724,0.0523611555519011,-0.0132592974954092,0.0107767914629337,-0.0859714260222079,0.0614632768703775
-0.0133111144282444,-0.0368774231346071,0.0516303815127999,-0.0135690440979214,0.00240069099437108,-0.0801561145447247,0.0637974703191934
0.00754800810397248,-0.0382916588076815,0.0524051140934432,-0.0233005186517951,-0.00456876997579938,-0.0790989721953054,0.0630155298903531
0.0292602459451517,-0.0337462236295042,0.0541513254285747,-0.0251814651867098,-0.010421381121098,-0.0627287613761634,0.0558545479991632
0.0402863855522021,-0.0362788565268933,0.0516173131154256,-0.0308312104622215,-0.0184645272845512,-0.0509855286796293,0.0511292220775856
0.0459330412334052,-0.0367189654146556,0.0531639564793369,-0.0347658497721738,-0.0221259665849893,-0.0417607151475611,0.0457600867498573
0.0713871255653054,-0.011907651134276,0.0635759715766098,-0.022301313000723,-0.0196565324120873,0.00397763517741137,0.0291408485965855
0.0742380068813738,-0.00946200129068257,0.0635548419359219,-0.022991662959527,-0.0195372412676844,0.013792169832812,0.0224733886727409
0.0646393479905837,-0.00661428662776569,0.0693726538439137,-0.0243715111178991,-0.0181881668850773,0.0247333086801511,0.0149007927920767
0.0579826991006687,0.00147871274906294,0.0785099050301953,-0.028238888011765,-0.0123781314257685,0.0334530708632759,0.0080726895753321
0.0497091339607429,0.00657146042108629,0.0836500348770884,-0.0313947876812026,-0.00594161051495328,0.0411037206993507,-7.01264708770891e-05
0.0355978015984798,0.0143118779353449,0.0926652255367317,-0.0355658925007027,0.000662484366485491,0.0453350398880471,-0.00637093795485369
0.021720855580227,0.021350781556696,0.0952900704407033,-0.0364941037505246,0.00429335903002769,0.0517826991076207,-0.0163109654676018
0.0104611418720893,0.0231980460127524,0.0930599902818674,-0.0381858461825689,0.00650374952039312,0.053734168840276,-0.024477797840676
0.00373066396963185,0.0229055000891309,0.0883973589880186,-0.0395161489428236,0.00900810303208978,0.0546129569278555,-0.0308056408098775
-0.110168975162,-0.0161072232548981,0.0468302457305772,-0.0146110474508301,0.00531649849007178,-0.0704858481283589,0.043067858436979
-0.0933967262987086,-0.0199346765439097,0.0481897762687863,-0.014250641142846,-0.000898240753720433,-0.0682354832816878,0.0519640863772468
-0.083115422114316,-0.0300597394877144,0.0433475521247093,-0.0177200152314456,-0.00202878204571375,-0.0678260425646952,0.0534351822099157
-0.0657270111783913,-0.0317494333651733,0.0467451255603776,-0.017684828909288,-0.00275270383046299,-0.0689062534900541,0.0569064217588409
-0.0390460388842653,-0.0341604422991495,0.0466876816086485,-0.0190412610117715,-0.00659608058245063,-0.0712924305578709,0.061771846416204
-0.0174700077325638,-0.0424248984341805,0.0403452320090056,-0.0211513319225285,-0.0125945536763642,-0.0649677049182762,0.0624476155152802
0.00521556507446265,-0.0502250742201405,0.0325333611812771,-0.0240616460308675,-0.0183886753632415,-0.0627023914144875,0.0627292147303793
0.021920355557432,-0.0514870922304206,0.03359687868008,-0.0267913834594634,-0.0239741340217978,-0.0578812959332391,0.0640572920297004
0.0362101930485607,-0.0458773125907859,0.0373189719872214,-0.0283634581885894,-0.0302479047242372,-0.0397617224869799,0.0562037667123189
0.0410100332436407,-0.0459288573353353,0.0378675634753673,-0.0300968224051596,-0.0308744158207606,-0.0308902131470786,0.0531005486932948
0.0677419785283574,-0.0210962521900255,0.0500125062781963,-0.0160515325089501,-0.0311379682785036,0.0176705567312723,0.0370060567972178
0.0661786440806235,-0.0179373001226197,0.0562530418411919,-0.0149953624571739,-0.02737951474006,0.0269551317662214,0.0347989197716735
0.0582326896329917,-0.0133103406347899,0.063643298083155,-0.0153405792960214,-0.0243130016029932,0.0383601749292121,0.0297993283765047
0.0473197609309647,-0.00710744326013241,0.0722922854467827,-0.0184562085564886,-0.0197926544930036,0.0507410974983574,0.0221345204692617
0.0397271275772358,-0.00124811384036248,0.0802758648998845,-0.0197974088040973,-0.00935018627589718,0.058145126973092,0.0164269280257988
0.0285884788236707,0.00624109564666641,0.0874683884896379,-0.0223297455439952,-0.00211022463682618,0.0630547618572672,0.0109495515979582
0.0147879283501947,0.0155168820026392,0.092519631174556,-0.0250542569640353,0.00384671538014867,0.068620789924237,0.000205826900014098
0.00539862764254679,0.0164601623938275,0.0915144722233895,-0.028347670763255,0.00597507166973585,0.0706205581996819,-0.00674304839371847
-0.00748202964965826,0.0186054057699123,0.0863097216461623,-0.0312013507034418,0.00914108905471251,0.0724820634060297,-0.0178489704979678
-0.116102290593591,-0.0152366110534115,0.0226904762080337,-0.0181716137879781,-0.0270404123802809,-0.0537584572644096,0.0377365508390052
-0.10166005413727,-0.0183147353711463,0.0247391469295151,-0.0188209639582708,-0.0312674329751241,-0.0524952100190109,0.0443966204968199
-0.0803809152637461,-0.0172663990576306,0.023117413188513,-0.0121511755255992,-0.0353019505447184,-0.0348377501285312,0.043849344693902
-0.0680710961458016,-0.0282318489527218,0.0219802009807179,-0.0198681878165669,-0.0419692874795281,-0.05337027231934,0.0543469598710102
-0.046535910722547,-0.0396918420595908,0.0332603917098449,-0.0205378667027738,-0.0188164838727022,-0.0525158441156211,0.0614025133201474
-0.0161621109383393,-0.0561400033083405,0.0152357267227942,-0.0194350654387524,-0.0249181176790119,-0.0492612709972128,0.0616282432656294
0.00237531840371186,-0.0571036026118041,0.0134986522744957,-0.024738846394821,-0.0257827689842074,-0.050300809670881,0.0629924041647177
0.0148855817373202,-0.0560282895365011,0.0116220373060946,-0.0219410487529458,-0.0404542439223199,-0.0423319053932184,0.0652225289747689
0.0368263221541608,-0.0463648699217753,0.0163176170940803,-0.0178317676395888,-0.0439730463088741,-0.0136183367483876,0.0549083910007555
0.0486539549273904,-0.0465952752514886,0.0185163041782115,-0.0191197314062041,-0.0476802792515048,-0.00320220696726967,0.0528343797016278
0.0603096122701696,-0.0331173134928027,0.0304239362292479,-0.00793945674064807,-0.0391976816666258,0.0277744052814009,0.0451743831037897
0.0558764072306569,-0.0302864302141445,0.0409268101261402,-0.0101223918123916,-0.0343662151391662,0.0375328231973373,0.0427182485523867
0.0484670259519769,-0.0207671840975775,0.0491823512063877,-0.00479791369692284,-0.0294283665243444,0.0581289389605535,0.0345780467719008
0.0398733791976887,-0.0165518378108046,0.0588175275049777,-0.00688407403456031,-0.0242137858444101,0.0684527048733785,0.0295950705304156
0.0284187610631216,-0.0102348417127568,0.0676254476662984,-0.00701810443559498,-0.0126609231203518,0.0755927975990421,0.0266268475993928
0.0170861859345058,-0.00278081745212838,0.076987916795355,-0.00948596714205845,-0.00402110492981823,0.0800390709680866,0.0220708050124062
0.00455818320002469,0.0075262536206533,0.0864334916447164,-0.0134468650304998,0.0034799778557549,0.0853310376056102,0.0147203843175276
-0.00487643912438142,0.0103834821442457,0.0838322745908263,-0.0164531653204562,0.00599190341732739,0.087574115223016,0.0047823098935387
-0.0138228575292934,0.0132345401834653,0.0800831567818369,-0.0165101564280055,0.00957685443480653,0.0886094419209179,-0.00240032625718011
-0.106275447349939,-0.0104077060651165,-0.0089573953158533,-0.0162516174804979,-0.059283209664172,-0.0266076851247156,0.0247931640243247
-0.105423929612312,-0.00881770068002006,-0.0040733944886831,-0.0184709293023286,-0.0646081728429505,-0.0238434050949208,0.0265116899533766
-0.0916684344749515,-0.0188440249593499,-0.00545489009841101,-0.0175536572227268,-0.0659491927644495,-0.0230007784043386,0.0324625354965054
-0.0771757386680837,-0.0357061146358368,0.00246216226383851,-0.0208756016339355,-0.0504002042972038,-0.0351274830332468,0.0455713806423003
-0.0475290813648756,-0.0395479502323633,0.00175071121791864,-0.023962489168049,-0.0414171745028646,-0.0370600966734962,0.0459936405251561
-0.0134760163902675,-0.0591898221220632,-0.0225093649565706,-0.0229517022131826,-0.0468902024428474,-0.038793654806521,0.04994935611945
0.0098116693714288,-0.0617331374999142,-0.0230031494434067,-0.0179085976280284,-0.0428154128470001,-0.0337309573997353,0.0552119643592536
0.0209798735212813,-0.0616344382391371,-0.0159037081282054,-0.0179253537014795,-0.0488887307682623,-0.0249259515893775,0.0586033011496844
0.0307046016217167,-0.0621504656354163,-0.0116916698714235,-0.0176057478111712,-0.051409049715763,-0.0151583132005015,0.0570989434005784
0.053245863989881,-0.0532803246583882,-0.0047412440840881,-0.0105324020491659,-0.0499401890174823,0.0124148351549672,0.0506590111074885
0.0587799059836753,-0.0415960951398483,0.0115202967281201,-0.00264516077809689,-0.0394421459226787,0.0368123074597348,0.0481188183423931
0.0505131109714939,-0.0397099694353756,0.0201137846394432,-0.0017896268991653,-0.0360843929760749,0.0498719847678603,0.0441593198880182
0.041895703951996,-0.0311898949114523,0.0336612819787978,0.00284094088300218,-0.0297124037928121,0.0725327036531373,0.0374573443984165
0.0309436191595996,-0.0251342702299998,0.0440501083296711,0.00175904946383689,-0.0222891940815981,0.0830622294969497,0.0325652567282972
0.0182981314486208,-0.0164643952948514,0.0553272364902025,0.00703838732335679,-0.0123957129089303,0.0950104502240477,0.0323591062836472
0.00373619774498076,-0.00629785221074087,0.0666660807758235,0.00110534829018769,-0.00039517329726365,0.0977978953971642,0.0263187097497329
-0.0118604772566129,0.00183730712222442,0.0743237832202008,0.000960737550523227,0.00828551970858354,0.105162515401036,0.0199678560673111
-0.0200456541522591,0.00607933252967366,0.0747407808333736,-0.00139550985025414,0.0120843682937419,0.107528641419994,0.0123961659576209
-0.0237001553220383,0.00700500260683655,0.0701371018151798,-0.00527333677549762,0.0130148011196261,0.105739431644602,0.00526744211429273
-0.153714384956607,0.00165608189476684,-0.0331980659054659,-0.019163782449294,-0.0807345012678171,-0.0128328373881087,0.00808251788915983
-0.145096942642154,0.000776851451524869,-0.0303309009937159,-0.0222917666135176,-0.0824664103198298,-0.0147891909596067,0.0102838006574871
-0.102530739543989,-0.0324869824442878,-0.0356673192860644,-0.0230256743664997,-0.0731719215948909,-0.0216711626043083,0.0242545976938348
-0.0792461903278097,-0.0384325072861125,-0.0301060555703747,-0.0244483433914539,-0.0720775593838527,-0.022465707187763,0.0310762476953927
-0.048807523082186,-0.0541091548052987,-0.0295940411101615,-0.0218671902833721,-0.0590839380866994,-0.0241445789848563,0.0417712975673128
-0.0204408333434572,-0.0605706749635057,-0.0382903924415404,-0.021284549107056,-0.0547113730271601,-0.0258871764292203,0.0442617819006792
0.00564983359690794,-0.0674923653426002,-0.0457540853716397,-0.0194561210456099,-0.0546254095321408,-0.0267035405437935,0.0494836669126109
0.00952373491405409,-0.0718072066202381,-0.0365828791627535,-0.0168692443958804,-0.0541790630741911,-0.017728578133184,0.0547822104516161
0.0181755767381456,-0.0767229593406571,-0.0334125637436174,-0.0183805307806458,-0.0589204915048619,-0.00855419506493818,0.0541632980638732
0.0471649728234509,-0.0551387839037769,-0.020142959074272,-0.00230492941671298,-0.0533754839529015,0.0334509831195951,0.0448398255211607
0.0534025892255713,-0.0465958141253599,-0.00508879465381764,0.00468088021531902,-0.0423658117202752,0.0565897695936852,0.0400781420101171
0.0423895206170826,-0.042973008010555,0.00247328360510486,0.00801726950196974,-0.0364032537240814,0.0706910652449117,0.0368518328310966
0.0292375695650363,-0.0380416153722245,0.0162145463751482,0.0100340361058226,-0.0236164052209943,0.0857127719512343,0.0345641081256567
0.0156035635300352,-0.0296629584591241,0.0297819709270167,0.0131365218659869,-0.0156869567831255,0.0991045190214375,0.0309774525471248
-0.0048919011744974,-0.0171369431825148,0.0441423775628661,0.0114467488629783,-0.00562062098619978,0.10858178169492,0.0252008215521363
-0.0170513835717336,-0.0103673488254659,0.0531755821904462,0.0136894821893545,0.00715849513670381,0.114820893264339,0.0244864584274592
-0.0264407760325841,-0.00716973299021286,0.0571651849775618,0.0107071098246506,0.0149243899131048,0.119446490040246,0.0200335941462834
-0.0369989290127171,-0.00154030042708014,0.0607197808689889,0.00585068533210278,0.0192158843788959,0.118377199214126,0.0137428355533486
-0.0351876113611421,0.000509055976000156,0.0580994598241276,0.00476078464862667,0.0210475473735152,0.114726866401605,0.0104809582344369
-0.167478909039529,0.0299781048994476,-0.0413751555169824,-0.0171931403550426,-0.0916893294616593,0.0108110882206027,-0.00982292259149079
-0.146091037081961,0.00428932780777895,-0.0480973594931535,-0.0187739074178141,-0.0838655009376444,0.00476358659733365,-0.00341229057795738
-0.112439652749866,-0.0111966728924024,-0.0395280322196966,-0.0120688701597415,-0.0610460825357073,0.0132139451931958,0.0062941368545507
-0.060490486872659,-0.0278929857896594,-0.047545659547897,-0.0148103222029776,-0.0678853648895121,0.00435855560687585,0.0158797580878923
-0.0457984335236426,-0.0443260531589438,-0.0583608865430268,-0.0248311163581347,-0.0767178825613641,-0.0245038989472542,0.027533999480298
-0.0186880188732142,-0.0575331266989694,-0.0709826490306507,-0.0266891765035925,-0.0803759197050614,-0.0267053106714749,0.0303076630277332
-0.00605719219792786,-0.0671100032981099,-0.0733866554285317,-0.0234366867353276,-0.0798982202086436,-0.0252669439789416,0.0361505698175615
0.00577166341900504,-0.0709558943824762,-0.0716449904396916,-0.0197828851983645,-0.0813862941104978,-0.0134543315575851,0.0407519702292659
0.0435845752338046,-0.0601623020755915,-0.0742389033008164,-0.00563449017217972,-0.0790233804182604,0.0264192766225737,0.0288009407692468
0.0404010992546744,-0.0606514601609495,-0.0447382772008067,-0.00235544568733522,-0.0534915594411253,0.0354162981761724,0.0375119893442874
0.043256357434175,-0.05139571364966,-0.0233608649146773,0.00769786707638069,-0.0388525347007327,0.0643049366556311,0.0345313830170971
0.0318912672771604,-0.0477825217233867,-0.0129790294220231,0.0115680205590091,-0.0283792176837961,0.0784058327723196,0.0328612262821405
0.0213346813199977,-0.0415237355234623,-0.00354069340898192,0.0134173038317859,-0.0169248350349166,0.0886039908688046,0.0306459621018277
0.00279462111698092,-0.0310771521245273,0.0133252520841831,0.0150088741183503,-0.00685839349964413,0.104723008084416,0.0248031330019729
-0.0156886803797618,-0.0218296649206039,0.027296558266709,0.0167457320069613,0.00503850043638552,0.113811110080168,0.0243180228709946
-0.0288628521204445,-0.0153586485531586,0.0371462530974897,0.0139993056776244,0.0161774279086211,0.118220198215456,0.0201822880252629
-0.0418983647294921,-0.0094730898791905,0.0440780275345816,0.0156171146068193,0.0249794956364305,0.123393773218927,0.0174473054082724
-0.0541799070446341,-0.00730676527868287,0.0443319731755268,0.01258647463927,0.0309254411588115,0.125061739992449,0.0102106304483164
-0.057667790972299,-0.00465527354272089,0.0455112685084349,0.00835332861304515,0.0337555724364612,0.117890494443991,0.00710969466950914
-0.171436475678934,0.0523692707248238,-0.0445736604836787,-0.015665148913088,-0.0881933421251649,0.0227956697961806,-0.0216534982860423
-0.158535194104278,0.0278564450233393,-0.055011005378726,-0.0182558397264754,-0.0882913688229259,0.0103937305653998,-0.012144196275312
-0.118553061849574,0.00443854434587654,-0.0613386516475467,-0.0181197172063309,-0.0822563598819115,0.00386367345652374,-0.000652492584132833
-0.0725243927675609,-0.0298446664471409,-0.0723838959180684,-0.0212296927825041,-0.0816556976450471,-0.0167282641701955,0.015705900381707
-0.0314572782699341,-0.0350046613052372,-0.0802134494649692,-0.021771544734261,-0.0843409405898936,-0.0194189805063308,0.0188500099939117
-0.00443266493960483,-0.0457685196663607,-0.0898692861016536,-0.0298189192377383,-0.0868829265120659,-0.0258613559877387,0.0189724936236278
0.0238760089954412,-0.0440196322876617,-0.0865287476751755,-0.0225306711517565,-0.0854136075143632,-0.00798013283240375,0.0244857242145614
0.0277064470707403,-0.0430496965639274,-0.0723922491636349,-0.0109804544992326,-0.0736982820116962,0.0140803536234751,0.0276325282080957
0.0458425865990686,-0.0459040533237785,-0.0770765906392912,-0.00363852861579902,-0.0674465232512601,0.0336211532807502,0.0250328869267057
0.0587380830184783,-0.0508153595560806,-0.0852096725484143,0.00356169291583276,-0.0681027485054097,0.0464822987252312,0.0238550246988777
0.0500912238669607,-0.0466896992275522,-0.0453753306345514,0.00724139333548491,-0.0274735411170155,0.0618426473608314,0.028057069802443
0.0377736020301512,-0.0449904254578226,-0.0341701570624671,0.00578890599922139,-0.0130633258634671,0.0699324558586559,0.0250680019980214
0.0208030126246104,-0.0419013842413963,-0.0263483965433173,0.012101464924683,-0.00250496784809942,0.0834961566397123,0.0221499675338466
-0.00167555240592051,-0.0352817986639933,-0.0122092853232502,0.0140458332508915,0.0075084892828018,0.0977889562368989,0.0170761855236528
-0.0269046849681477,-0.0295285707628299,-0.000232220857081413,0.016542622218857,0.0210203357308223,0.110282967517836,0.0125531193264051
-0.040266138604526,-0.0205729897528974,0.011497560695953,0.0156009510390089,0.0333182300467467,0.116276313133213,0.00968142047705062
-0.0564187334643058,-0.0142035217444841,0.018377120398102,0.0178344134177106,0.0439954489847474,0.11947680154834,0.00761150583018279
-0.0661402176614432,-0.0114924817101632,0.0217057473645104,0.0151760518226224,0.0480082613661647,0.119687327846389,0.00325404283586796
-0.0665828905505396,-0.00900243115437323,0.0264198740248406,0.00919683947084937,0.0535899223353607,0.114592744041335,0.00126419439565875
-0.158675721444569,0.0753981068719908,-0.0345316520364552,-0.0170955240941297,-0.0722408020150765,0.0173689779827127,-0.0165416887211471
-0.122729740305213,0.0537906411796175,-0.0466212290848332,-0.0118459163627034,-0.0826820046900529,0.0226351261636935,-0.0106165462012923
-0.0821218119944286,0.0446267582022997,-0.0514722893517446,-0.0161165818643477,-0.0829971758122477,0.0134644043362696,-0.000605682493082379
-0.057778581213066,0.0136968698991006,-0.0688946033778316,-0.022679989143114,-0.0900488227509887,-0.016791072133225,0.0153237501134645
-0.0301160233440979,0.00594986630974279,-0.0755385317144514,-0.0199280823920085,-0.0883347577163413,-0.0132423038094544,0.0164908651816251
0.0066434026045858,-0.00324699537417068,-0.0869094500789555,-0.0193680363535771,-0.0891036491640269,-0.0101724375413815,0.0152326967955338
0.0389201475388741,-0.00396709355914888,-0.0904759425504983,-0.014635558436437,-0.0862035881430389,0.00189026573501107,0.0168927252206522
0.041730672122442,-0.0292144434939811,-0.0926049306185108,-0.0131746262622946,-0.0715915866986299,0.00745408887922517,0.0216964651973884
0.0659604168762023,-0.0415201463411374,-0.0975900845512601,-0.011809662922329,-0.0557736494001273,0.0100207596843458,0.0261224959402714
0.0600312695029957,-0.0380180561924698,-0.0869736230494474,-0.00177570585272788,-0.0492330080781167,0.0356226421272545,0.0231589015893158
0.0577329504776314,-0.0441885772256276,-0.0688624055712701,0.00216955615239427,-0.0142292811666192,0.0506583379195508,0.0201726671342858
0.054651710299952,-0.0428216489571034,-0.0662091236658355,0.000982541518373494,-0.00841456894116473,0.0576476295285086,0.0164260668864154
0.0272207794354208,-0.0370792462453612,-0.0476908409729491,0.000755472402387338,0.00886114972553448,0.0657327022815167,0.0139013658344073
-0.00116759563781104,-0.0345392944998183,-0.0343266357109565,0.00785204183867239,0.0215789031835136,0.0793164626941761,0.0129523330753976
-0.0333748867095225,-0.0319347910922147,-0.0230729629119042,0.00855416727223265,0.0370637113635475,0.0932980432832792,0.00564737271082316
-0.0506375015466558,-0.023370163225496,-0.0116443014685574,0.0100616717715351,0.0490152885569596,0.099837973175201,0.00114966344902807
-0.0656865583513771,-0.0183588372288976,-0.00625298379031146,0.00986719240552292,0.0640940750154369,0.0985759071154816,-0.00259852539033433
-0.0711267572063047,-0.0125355910324847,0.00332246323748975,0.0107210659133477,0.0657508745360693,0.102019862154397,-0.00222734046364475
-0.0706162990114554,-0.0115691868936091,0.00737885768279453,0.00880267867502631,0.0706902698789642,0.101354904578891,-0.00318757122369894
-0.130751944807664,0.131737480871161,-0.0233596792301412,-0.00958321028163431,-0.0659488287300867,0.032374575674135,-0.0253864823140624
-0.101435315537171,0.112524958301954,-0.0327097474050367,-0.00948967226267666,-0.0744835350514534,0.0325053034343673,-0.0191649755807631
-0.0539983839107895,0.101929939662824,-0.0265076510790934,-0.00691239959361624,-0.0599959363203806,0.0251734117182576,-0.00312129992940211
-0.0340662463467536,0.0542934224478181,-0.0603020505998775,-0.0197558744477992,-0.0795015991539273,-0.00520204215594561,0.00964360051571138
-0.0175877350486877,0.0430433309474139,-0.0653079420555114,-0.0157176823871483,-0.0773282604401489,-0.00607012644046057,0.0162988410190932
0.013330365367045,0.0294459206884071,-0.0733935604923159,-0.0108774039529836,-0.0744572179443254,0.00900362387399188,0.0145573235191044
0.0323567383723047,0.0150260365543656,-0.0840845584383029,-0.0105164668824782,-0.0766404936063898,0.0112450964145826,0.017756017468558
0.0524686385430567,0.00861229874909579,-0.0913174240658368,-0.00878857049427163,-0.0698583151912052,0.0170532855412342,0.0163596821904351
0.084955147733101,-0.0229759973979707,-0.0948093550025791,-0.0144655538833504,-0.0310520700715005,0.00487249647291158,0.0225594295513917
0.0857552866124663,-0.02561435681299,-0.0942479817208158,-0.0106159925059038,-0.0187613495037199,0.0130514075738861,0.0222892609988439
0.0610470895450211,-0.0288080376755266,-0.0724309019609016,-0.00878435086066461,0.00339715544708129,0.026345415139929,0.0212170366830292
0.0447330028123007,-0.0311802810792169,-0.0686343016000199,-0.0105743257917715,0.0131687551901041,0.0365277452704982,0.0152405418774629
0.0375778503739095,-0.0389293239245287,-0.0752115063224376,-0.00565867469278702,0.0293734414426808,0.0443874366527159,0.00794509563675501
0.0100244924486755,-0.0353709003933179,-0.0662967214058898,-0.00129735972534805,0.0424643901305463,0.054586909608406,0.00271898512889163
-0.0371835377066575,-0.0314176397816949,-0.0455694814997551,-0.00161917569941563,0.0619617436723664,0.0662879536129094,-0.00245679389539811
-0.0646545925297731,-0.0285369250683137,-0.0380510842691489,-0.00355674647019866,0.0776929618967409,0.0721659681567853,-0.0122291585098992
-0.0739833430867818,-0.0244191087861199,-0.0292396116931133,-0.00576302365287363,0.0880222254946849,0.071619801114634,-0.012891146061065
-0.0771010102318786,-0.0214992579312295,-0.0237387536417864,-0.0064006890942139,0.0897158043105419,0.0701383468288798,-0.0134932968462662
-0.0689003593149254,-0.0183165752439647,-0.0185768146247326,-0.00337400490377444,0.0862840753266229,0.0735663038461214,-0.00985020883612353
-0.12607135501311,0.164172996747738,4.22063950715126e-05,-0.0139092655341954,-0.0416581104176995,0.0276082141629604,-0.0215114802552306
-0.0796482185973965,0.164478297698733,0.00441763521319921,-0.0063149892080738,-0.038578112272538,0.023457094297398,-0.00478501832438023
-0.0218496422990156,0.140301791321453,-0.00875892124165575,-0.00570041325765447,-0.0452971648040341,0.0139155259336959,0.00972186328611972
0.00372090741417588,0.103107243055857,-0.0368985283705771,-0.00573396251541118,-0.0615208287236523,0.00815878446213435,0.0136958137591372
0.0156235782792249,0.0830394137078246,-0.0549570248000033,-0.00672449474670274,-0.0605144105765593,0.00981238572292763,0.0107906949095999
0.0261773202676611,0.0671059679958571,-0.0669349718269016,-0.00569625061097721,-0.0611094793929602,0.0103020822707322,0.0135712752482522
0.0433299093875827,0.0490628293543315,-0.0725171889457418,-0.0046216807245733,-0.047274444990757,0.0115289370424501,0.0182581671254044
0.0504570882026535,0.032118272039228,-0.0824449782973655,-0.00703920417459274,-0.0449060324028237,0.0136894739504097,0.0176348640074447
0.066839544973628,0.000422250209442286,-0.0927385045341822,-0.0171381411848039,-0.0185042459897206,0.00319072107402117,0.0160905415084175
0.0885126996757979,-0.0108095299308496,-0.091075336137667,-0.0194063547301061,0.0115405295516106,-0.00630259532613416,0.0209136583391602
0.0818511206037332,-0.0184288557790645,-0.0884350919550131,-0.0194662570375914,0.0305747484700009,-0.00307128742548195,0.0178956879558327
0.0743024275301287,-0.0193742056888385,-0.0842876482842289,-0.0232640929500774,0.0455669456700278,-0.00586541740397003,0.0168982368903398
0.0472479384446167,-0.0233696617850493,-0.0743885312597348,-0.0190100787849394,0.0635730935972443,0.00639269949995991,0.0123414217473897
0.00743655074910215,-0.0248761212826052,-0.0732858670590217,-0.0130060313768123,0.0747510838767854,0.0164590644922236,0.00295904939631796
-0.0374427280695801,-0.0264718624666809,-0.0670280320548626,-0.0136824575832902,0.0879281195748504,0.0403792972539591,-0.0140952180796486
-0.065420759938278,-0.0266752776281607,-0.0577069266365928,-0.0132960351614055,0.105692797645669,0.0463663560326173,-0.0204006773188381
-0.074934173112323,-0.0236896137988598,-0.0437900963052474,-0.0211101251323841,0.108436661066863,0.0440895661556707,-0.0217500310174733
-0.0736211889359099,-0.022722945098227,-0.0409165025453105,-0.0183615080389882,0.108521170056121,0.0435602019496294,-0.0187616121693798
-0.0585736373938848,-0.0305726324515895,-0.040262075042124,-0.0136939133190618,0.0966492604447487,0.0449254178251161,-0.0106932651229031
-0.0760487741590017,0.174901631420633,0.00195387174413886,-0.0120701774057052,-0.0219975618125265,0.00769220017626795,-0.00545336096106299
-0.026787947426558,0.18301038911007,0.00198599140084861,-0.0039429790797185,-0.0290526740578129,-0.000348543842912512,0.0100313047840754
-0.00569933117919217,0.178102220092002,-0.00209609374802627,-0.00253084190200798,-0.0320890062572293,-0.00306150661744834,0.0164272951569578
0.021231999103327,0.141506134590316,-0.0222371008543113,-0.000887290715069194,-0.0410209419796919,-0.00011062583119065,0.0191403241290396
0.0354646385299854,0.129141951199796,-0.0320389336286889,0.000852226841020388,-0.0400677024654368,-0.000112300073472601,0.0233411422923672
0.0367324975464,0.101640911633263,-0.0528342709734685,0.000262962297390494,-0.0375363826609973,0.00535748001970599,0.0180230544428312
0.0565343560583632,0.0729237137102364,-0.0690394798432947,-0.00243250484957322,-0.0271571240425796,0.00165687760785324,0.0213408875177522
0.0588513205373359,0.0505036251407664,-0.0784048677594451,-0.00659538055024475,-0.0252731961164836,0.00516354924360423,0.01971025069497
0.0642997298896177,0.0232766980055492,-0.0883833671240319,-0.0132673276552926,-0.00176002625375194,-0.00434989387068464,0.0214915849675538
0.0676727442950191,-0.00146553016549114,-0.0815546871250882,-0.0212297946141071,0.0362306223684008,-0.0133072861509106,0.0245227457689108
0.0709941903482546,-0.0167059098479415,-0.0810730432014089,-0.0299367047221591,0.0614211999972861,-0.0250935082981573,0.0232685203128885
0.0795391112932973,-0.0146931568344702,-0.084949184552873,-0.0329924659811866,0.073689672052344,-0.0365682829981775,0.0227550100604789
0.0625189659485579,-0.00773759543566756,-0.0863322497670831,-0.0290221789298081,0.0892595947722212,-0.0259824315786971,0.0101216032075837
0.028834733196827,-0.0135176293639252,-0.0816871711636934,-0.0228954397209012,0.0995567949426034,-0.0130397941028671,0.004107221633202
-0.021943329436049,-0.0203069081362873,-0.0813969895444042,-0.022728422535412,0.108142579591525,0.0105396610525587,-0.0129325267789219
-0.0565858442601095,-0.0211145732469315,-0.0703755684109414,-0.029330666098481,0.132506317494773,0.0135649670632711,-0.0214887699093334
-0.0762869041917297,-0.0197693750867924,-0.0567741451380037,-0.0319239790546995,0.140290007877674,0.0209626915198423,-0.0251931508454553
-0.0686336734191149,-0.0308079638202621,-0.0544526739297292,-0.0381623514362962,0.12600253736753,0.0153015593994428,-0.0199883341951956
-0.0585060804520442,-0.0244872988370476,-0.0476894011357053,-0.0289084254987206,0.117878526229099,0.0231500454423209,-0.0161126306121887
-0.0195948290429717,0.19528296408838,0.0169000074327452,-0.00974255993036332,0.000284238229410016,-0.0118531464157945,0.014498629945309
0.0153994700332104,0.208412593558399,0.022304716163863,0.000271859388245764,-0.0035440664568698,-0.0169124531004623,0.0300479073267582
0.0252694130707723,0.20102448639848,0.025197309498724,0.00228207502944038,0.00376517841360704,-0.0160749619924313,0.0339961827541618
0.0370578693683394,0.162785475647343,0.00119269442279576,-0.00169649788809469,-0.00581860726285636,-0.0137633575470013,0.0307802841671925
0.0496049284656335,0.149781829036304,-0.0210785342122821,0.00096913166535211,-0.0149323390827292,-0.0110614752510706,0.0289860385126356
0.0515884178249487,0.133490323220745,-0.0366385481987055,0.000410700608415882,-0.00980650342447973,-0.00845280763860752,0.0260930675056932
0.0611246697197783,0.113495793229882,-0.0528337686278241,0.000159820596839251,-0.0016096055116408,-0.0116966401811738,0.0290630058385629
0.0668464319922242,0.0791117137267178,-0.065151155291519,-0.00559403680927544,0.00530860870372534,-0.0134737451229665,0.0281412533758084
0.0756550043536492,0.0306394304629526,-0.0687805500645875,-0.0208977041510631,0.0364065662519899,-0.0306437654615023,0.0353855393118344
0.0665629961175687,0.0112176696439677,-0.0789516314885192,-0.0258101041827361,0.0569404991723228,-0.0368634702579344,0.0297867846913776
0.0595141139253723,0.00174272614442205,-0.0707222523501653,-0.0281696768731235,0.0825037906290178,-0.0369796413320888,0.0321292584277823
0.0618877532045237,0.0105393958004792,-0.0668528045130047,-0.0305769224075514,0.10180612867494,-0.0403939938621792,0.0271850956623384
0.0563767605459663,0.000173918455917515,-0.0775826335779893,-0.0313371206721851,0.111486329364882,-0.0370834535662522,0.0142422066329232
0.040108569125523,-0.000628650312676581,-0.0785890305272651,-0.0312335471612995,0.117494665953343,-0.0308066099917675,0.00404068382956723
-0.0150006384961342,-0.00412327210506721,-0.0679971110602119,-0.0334373376345024,0.125063060749902,-0.00680481089248598,-0.00953837694874142
-0.043907377660256,-0.00166201082428719,-0.0598086226655523,-0.0365817950122697,0.144726585605984,-0.00558543413802653,-0.0149975754100665
-0.0647303471859598,-0.0117546033110018,-0.0574431190068602,-0.042023403558193,0.157270211666502,-0.00398872393582951,-0.0178935841070908
-0.0631007443684859,-0.017004887233359,-0.0566717762425882,-0.0469786870923852,0.150560232287585,-0.00456615019918543,-0.0181904352489078
-0.0604879683559133,-0.0146750359326026,-0.0523130922442276,-0.0356505372035864,0.140611343012678,0.00620669040765495,-0.0169709843761259
0.0183496987421571,0.205665960970967,0.0175886695527257,-0.00652871044698331,0.0209836384160581,-0.0320413562368662,0.0279735389447799
0.0260089345821867,0.209950883428389,0.0148288844820225,-0.00277169900127381,0.0123326878876276,-0.0310231356420909,0.0309098802749188
0.0483621835527415,0.200652182853325,0.00945466569711495,-0.000712186342057601,0.010617722343371,-0.0327745769136356,0.0398928820536243
0.0457687690290556,0.190641372924133,-0.00476859919408673,-0.00443235354387623,0.00483182636789296,-0.0305669859492285,0.032396969920549
0.0496335626566839,0.173779567036299,-0.0098126028354691,-0.00273645226575071,0.012022140176398,-0.023255318078428,0.034352533679206
0.0532732718043336,0.1581070167068,-0.0206692811158706,0.000269667481370356,0.021231774064287,-0.0200127825016939,0.0337704682099002
0.0589002190113878,0.1394204457871,-0.0255238211727352,-0.00700074328112365,0.0442392500780937,-0.0292343239494912,0.034823042963062
0.0622540035713883,0.108824125247128,-0.0266520731817403,-0.00826428991550784,0.0665466743906127,-0.0326885592203519,0.0420770013914132
0.0687320231664671,0.060640790142692,-0.044647548355735,-0.0192126069629597,0.0836145419023241,-0.0433030262518241,0.0440970051080668
0.059525974426128,0.033800786492258,-0.0595420289924945,-0.0270717570947745,0.0891427014675749,-0.050190426098254,0.0377198304422852
0.051346976974319,0.0261877164671151,-0.0582177651069082,-0.0273044575393212,0.100491060653949,-0.0413069841288185,0.0344948297852837
0.0395899531675652,0.0153434134872687,-0.0597104150403165,-0.0320049607489638,0.116292003803733,-0.0366199917746644,0.025009546993952
0.0296625276874188,0.0127148459808298,-0.063779410047085,-0.0332250568166264,0.12428237219645,-0.029278567126197,0.0130685868093897
0.0191848654921747,0.0137196249677725,-0.0611540468281972,-0.0309401446895087,0.131986358638134,-0.026343950388683,0.00932761477889328
0.0255731344406452,0.0119731201521303,-0.0647278661491917,-0.0389766757467198,0.134768849031715,-0.029166830060315,0.00411763106882219
-0.0101161924622431,0.00526876156931072,-0.0598120792119373,-0.0454860231499002,0.153696925887852,-0.0275212671899028,-0.00340905239303296
-0.0411300379331731,-0.000221572260997492,-0.0530852424729673,-0.047593545405527,0.156978716619321,-0.0189519447292299,-0.0102099676803997
-0.0412047005696971,0.00288027627003115,-0.0437988923458919,-0.0443850759293365,0.155480227931627,-0.011755924103298,-0.00519148068560544
-0.0361134026914027,-0.00469671793789942,-0.0428726632552808,-0.0405483564781516,0.13855127078476,-0.00357072663073933,-0.000548413921246476
