-0.0428686475748294,0.00766790112613224,0.00318473981411205,-0.0817899648356874,0.00314431820690442,0.0270719281314992,0.00877356765892657,0.0210759200875641,-0.221771602871553,-0.00444991120141829,-0.0629115002253752
-0.0220240812625318,-0.00833926952077998,0.0146686620943474,-0.0696992414065043,0.00416084223999526,0.0381829163475739,0.0101838414390652,0.00815252393562452,-0.239808400271147,-0.0162743971198122,-0.0622400014670856
-0.00766394366037249,-0.0129912714161136,0.0204242946913497,-0.0580776416112548,0.00172786300035219,0.0268065639360482,0.00836314656635248,0.0166959048985728,-0.239825660339624,-0.00852110608823204,-0.036001951914914
0.00689045957652245,-0.0176622543000758,0.0175330590267583,-0.0206567670606545,0.00251648165608886,0.017705388780278,0.0175470493921965,-0.00984912972037064,-0.23979829320321,-0.0158436961296909,-0.0189464307847717
0.0153518189312817,-0.0132247943853997,0.011688259355181,0.0327131513273878,0.00419214451188933,0.0151567502874896,0.0188706711870139,-0.0266853981897263,-0.236099029957185,-0.0180038656468529,0.00570169564861714
0.00133245669369503,-0.00131159961066154,0.00595298754664189,0.0708047099026001,-0.0063122698864463,0.0115453272352352,0.0310077914811408,-0.0368005267555204,-0.228926851980615,-0.0230927796920889,0.00991361753179376
-0.000156571820175064,0.00262527889447528,0.00184779360991104,0.0986528080571883,-0.00217006270215195,0.013427568801314,0.0275526337047725,-0.0470724128865834,-0.224479375503595,-0.0227942964712847,0.021286891867557
-0.0241292428815065,0.00954702438987533,-0.0142406491112674,0.120565973061537,0.0160451468407772,-0.00174702724284684,0.00312439877976113,-0.0124339165254576,-0.199659436587203,0.0191002372055209,0.0759897887476554
-0.046567385437176,0.0226373034965081,-0.0199182740291426,0.118241403893149,0.0183085801250225,-0.0183350960717397,-0.00943849339992139,0.0046430947137681,-0.173082096796269,0.028527010657644,0.0974556519587228
-0.0606987323090299,0.0235619830466729,-0.0158302716568418,0.123677809882579,0.0251225614078064,-0.0208716763572289,-0.0103792934763399,0.00879525898882795,-0.161966704789406,0.0331066137700966,0.093807542085952
-0.0961888515097681,0.027019251291089,-0.0204348954126705,0.116782921970114,0.030166668412813,-0.0229349675961893,-0.0111393752273775,0.0101578587197751,-0.140731584416583,0.0371359509945222,0.0800514523723683
-0.128182513815994,0.0314750862526241,-0.0142032103673346,0.0916200294917738,0.0381872622183197,-0.0240441216558535,-0.0133970264322402,0.0123316234672703,-0.117687343357633,0.0330184901780432,0.0506199163145197
-0.155752122592076,0.0200525673367776,-0.00723159312095904,0.0735918123602554,0.0412950322919287,-0.0205392933386335,-0.00534588911290614,0.00170069852643622,-0.0964723149728792,0.0278670959414183,0.025500439772243
-0.181755368585431,0.0137405682473194,-0.00237040358694107,0.0592695297095054,0.0458600246997422,-0.0198433866095128,0.00126968650306547,0.00229518195474331,-0.0804155054512352,0.0231947613451193,0.00123814926384954
-0.203055043362508,0.00816177190788047,0.00332860308780535,0.0551281841071722,0.0499763654688754,-0.0113935244950432,0.00181729894859489,0.0021692701023502,-0.0725164306756474,0.0314058071424377,-0.019822584554399
-0.217005548752582,0.00318196209300128,0.00658514971745313,0.0556725033877093,0.0517275387017619,-4.94255667847065e-05,0.00164630250457808,0.00261625377614245,-0.0684797234508523,0.0369711266805823,-0.0349278104536636
-0.219877118212094,0.00569982950696131,0.0152256964604231,0.0568765322885793,0.0516054271844909,0.0135741183955163,-0.0054973553900092,0.0192281431408009,-0.0682128096162235,0.043127270185947,-0.0477907870010655
0.00959777188380214,-0.00537714907151531,0.0216290290999117,-0.150636807642231,0.00311865207368074,0.0389029804567302,0.00578029198221251,0.0318065283678211,-0.168615539138396,-0.0155777708580696,-0.0391981345361038
0.00288845942511294,-0.00351631928775989,0.0265754187528511,-0.147580852056925,-0.00602019201326894,0.0315859888405072,0.0136057417564091,0.0243589948461621,-0.163897602140648,-0.0275443077119584,-0.036648822803828
0.0137485568173817,-0.00639797162894718,0.0277492466851445,-0.124215356682895,-0.00633937868841852,0.0182402651111293,0.0097323741688275,0.0265983785130389,-0.162851182819773,-0.0254923528721321,-0.0113769990634893
0.0325380026095857,-0.00563203312631603,0.0238799108247694,-0.087544681031801,-0.00890892415983452,0.0130246770884766,0.0164334535349852,0.00314198771599044,-0.163140447418829,-0.032726126481196,0.00959361882211279
0.0456420625201814,-0.00679437745692454,0.0214082435669143,-0.061689050347225,-0.00803996143122356,0.00298112337836607,0.0223792591551646,-0.00937866223763454,-0.16453656425164,-0.0423502012894452,0.0275842097136395
0.0333330691364689,0.00746935134757176,0.0111877273856473,0.0159154409771971,-0.0151756471079033,9.18655200131055e-05,0.0274812321607803,-0.0253860566922178,-0.157617845256946,-0.0388057756988125,0.0487748301664255
0.0207269761117188,0.00875105297195185,0.00897668859106607,0.0184104910606452,0.00245360672816129,-0.0188754453470056,0.0036209983403399,0.0115413062130494,-0.118904905482016,-0.016009539894601,0.109630429832047
0.00353915450216719,0.0160517052218409,0.000994429709982177,0.0327217338274596,0.010526190356831,-0.0238117658512603,-0.00656168198372272,0.0192440492886382,-0.0997546870083027,-0.00111915506040602,0.133575337644338
-0.0353438531569289,0.0274880973434696,-0.0010414384706992,0.0436719073379188,-0.000209075742570951,-0.0431912021129403,-0.000429704638356163,0.0228058389174909,-0.076839675918752,-0.0031112342132318,0.131071412393769
-0.0573057294033167,0.0294285711166231,-0.00176677507996045,0.04806156678809,0.00616952510517951,-0.0471378911362087,-0.00282338900548373,0.0205782408246389,-0.0578555893685211,-0.00115684723774917,0.128911514988132
-0.0890173896094251,0.0369914886706128,-0.00181172820542529,0.0451884152327828,0.0082684629722047,-0.0413720668011046,-0.000335269464743576,0.011320576159159,-0.0462791442979102,-0.00635758500293763,0.0962886650847854
-0.121288961365171,0.0313323165916661,-0.00214638683967052,0.0441227822895578,0.0147645432950017,-0.0300924107794658,0.00299706061092728,0.00444818722286435,-0.0348500609016069,-0.00639936452270954,0.063367785016301
-0.146536945542203,0.0263621589553841,0.0029586431258231,0.0274208905736398,0.0184979837837464,-0.0209180936431788,0.00889733007363704,0.000521970936979518,-0.015514864799239,-0.00787653391638415,0.038002795360264
-0.166915869678246,0.0183481607954765,0.00604219628973662,0.019996783649093,0.02389940857062,-0.0165238342685337,0.0131646787904547,0.0030163559466732,-0.00763812489491134,-0.00426678340273196,0.0196733711959911
-0.190645303801499,0.0109508612161818,0.0102328832134235,0.00694687370280573,0.0248519076485689,-0.0052573968590682,0.0186183282743988,0.00170003517073657,0.00101916923679311,-0.00189324270088005,-0.00739163258736126
-0.207111788343806,0.00977871068562746,0.00915907103422085,0.00301954971137044,0.0290565876075043,-0.00075083054225262,0.0185555906508295,0.00541372837574092,0.00135739091457419,0.00286652246554739,-0.0254387371055971
-0.208901539305518,0.00808848159200483,0.0140637616611476,0.00320177562167129,0.0276717658060516,-0.00214512973120977,0.015953553407938,0.0087442764360125,0.00237692584216648,0.00196030282185129,-0.0285079562454484
0.00879908823757075,0.00288475561511846,0.0262925187383968,-0.205949585787109,-0.00525998823217059,0.0205481344407161,0.00476486690516438,0.029948988691038,-0.0865147529485571,-0.0208469820203651,-0.0199031667891678
0.016843291874535,-3.64750995057068e-05,0.0284679454146238,-0.182371754944586,-0.00726985644392964,0.0214666095729011,0.0107775494263375,0.002543547533284,-0.0892725593594038,-0.0347910647632167,-0.0157931515966663
0.0273631817561597,-0.00254478290784962,0.0285052212375772,-0.164306329512593,-0.00741441993810858,-0.000870258190184717,0.012104582804978,0.00430481472091823,-0.0871595895474666,-0.0343137789922571,0.0118812436090069
0.0274153004827335,0.00560376357022141,0.0227402474255168,-0.148042150045173,0.00032292584447411,-0.0221106674750601,-0.00723270894687694,0.0285475706395769,-0.0598017781762192,-0.0195066501422014,0.0732740978999794
0.0307831631459965,0.00895403655238555,0.0187050185762012,-0.13746471318586,0.00504727452900101,-0.0364879130634522,-0.0141744315535596,0.0397531948618865,-0.0477271529738791,-0.0170398215647454,0.110102549465
0.0349162808464636,0.0111001628310041,0.014081451151481,-0.065804987593937,0.0118753264087981,-0.036697652216726,-0.0198129978122497,0.0345023846376388,-0.0438182832793353,-0.00976320126656328,0.143840914547728
0.0396534754645896,0.0054634710057514,0.0146135797809003,-0.0422424123357837,0.0135960815482081,-0.0322012922309588,-0.0178090582593839,0.0346596648385387,-0.0389700210595474,-0.00919110852432216,0.162316254740104
0.0341857024162063,0.00224875071835721,0.00818880113161032,-0.00873088042681636,0.0130989851408328,-0.0314853461309988,-0.0126227641778939,0.025470391305032,-0.031891834751376,-0.00484053423625283,0.177235174654748
-0.00105596217931159,0.013955740282441,0.0070191226434913,0.0136184622308393,0.00360071063201058,-0.0506443059351267,-0.00413851050658035,0.0170409691671132,-0.0140657753424536,-0.012987448927921,0.168783562999312
-0.0231030414048195,0.0146571717408104,0.00711401528928768,0.0219191208116231,0.0104567438889052,-0.0427223589039203,-0.00328707250593266,0.00332234480989309,0.00602145230623646,-0.0189106429153222,0.158037028031344
-0.0751483789244278,0.0320754897461362,0.00228389423276702,0.0232542595090738,-0.00375617854708388,-0.0264348493693035,0.00881480596495774,-0.0191672921555528,0.0216477924727411,-0.0347718905881756,0.105485154224981
-0.0996791142399999,0.0286375636127926,0.00652438589702072,0.0123460428963997,0.000379521885296432,-0.012306024281615,0.00890768973831101,-0.013466115801926,0.0308493198727185,-0.0328259361717527,0.0775498844844817
-0.12284786242118,0.0155148699014799,0.0107218213370484,0.00350161497414111,0.0047175123339901,0.00237826586954576,0.0151800061685651,-0.0129751188854887,0.0401541123091771,-0.0303381323200212,0.0532522081489301
-0.146501982273969,0.0146765341047807,0.0136026063719014,-0.0077463383959692,0.00386409522952509,0.00804237195469615,0.0213987083105592,-0.00664688719838174,0.0468581796798884,-0.0309484140457431,0.0293648597942509
-0.168407521470797,0.010681889578016,0.0156501070114057,-0.0118729256620324,0.00590420435442551,0.0144367720468724,0.0253720043991791,-0.00683632189582961,0.0527016383185778,-0.0299466876834371,0.00584233410058059
-0.184560409821069,0.0105298630634359,0.0161822605883436,-0.019793813274986,0.00827318169192184,0.0185532154479211,0.025493234221265,-0.000970634086592835,0.0535101362549765,-0.0230747817821583,-0.0139354224723079
-0.187770453866154,0.0154479401018595,0.0159136188334639,-0.0190545073498441,0.00813387390954051,0.0198837986840041,0.0201230405830421,0.00865423174863644,0.0493815446864109,-0.0146192839615734,-0.0185821965753492
-0.0122256698928482,0.00483335208708423,0.0180146977065781,-0.22857443187262,0.00778789821802834,-0.00524705245485314,-0.00876947371988075,0.0312665086164009,-0.000391738982974763,0.0102206683041421,0.0234331573955237
-0.0108324785301192,0.0168111766561841,0.01217797929647,-0.221131493856444,0.0133766841663334,-0.0239488108236987,-0.00441079381863456,0.0157537122919421,0.0104403910496104,-0.0012953954682073,0.031629740041485
0.0011223936882511,0.017721895425656,0.0142006251439826,-0.205201069533656,0.0117744562187145,-0.0344361482727803,-0.00362552192761627,0.00688659587748002,0.0137944421809332,-0.00601567508944595,0.052864200465941
0.0167495613574125,0.0219054768046414,0.00720530995808474,-0.15481544739428,0.0126091856647503,-0.0382324420456857,-0.00232736811927408,-0.00709165492201232,0.00901146515065335,-0.0125876251639795,0.0777419186114692
0.0276600178191956,0.0175848362958635,0.00901366877599788,-0.129320359964808,0.0146720494648168,-0.0408158995477797,-0.000359630573183039,-0.0149438010979812,0.008688612685988,-0.0204646187129646,0.0934578436107625
0.0413677642542804,0.0186972933474438,0.0119204860802075,-0.0802312544339203,0.00820718029232161,-0.0247576893742467,-0.0132383557833853,-0.0107436399611955,0.00769171091953671,-0.0227187469749745,0.127324944477354
0.0478179071886737,0.00852102448925002,0.015828534723502,-0.0520209309386026,0.00925481923658359,-0.0280668370134899,-0.0101740303710833,-0.00942747814788131,0.00982382356921529,-0.0215825943081079,0.149605068379656
0.0442799861821693,0.0012300852636075,0.0105295841778657,-0.00879421396232932,0.0122713458117034,-0.028156889670927,-0.00516529398418932,-0.0179655723648615,0.0191292022159204,-0.0185763010086126,0.170909617936435
0.0337105218796364,-0.000286738995076535,0.0103207715548142,0.00345648190515264,0.0148750119279275,-0.0294179240097509,-0.0076167740379445,-0.00737246458481646,0.0320183460713878,-0.0183073837613044,0.183615150233915
0.0146843243451486,-0.00328480125179189,0.0141950357707934,0.0126261348423302,0.0165319077917215,-0.0260733999407806,-0.00724193116196035,-0.00718779558458484,0.0424811769367702,-0.0180190246945193,0.176802205994887
-0.0443461019380555,0.0159820624625501,0.00740415929420892,0.0165447727603239,-0.0101628573333936,0.000564772691433351,0.0124812629118687,-0.036507187104689,0.0564937262340904,-0.0443983412647724,0.112893029110915
-0.0715940183179222,0.00976362217914,0.00909535778580104,0.0136371684430122,-0.00236165733811746,0.0211931644700763,0.0156020319926604,-0.0387830707570703,0.0680196617739968,-0.0418653588741884,0.0838011532480567
-0.093503951819507,0.00510738792669434,0.0135696422601004,-1.74479080970588e-05,-0.000440897981743701,0.0393343386278576,0.0156408263741321,-0.033748008835976,0.0743943153401642,-0.0418284998689001,0.0561522214003584
-0.114873740026091,-0.00168544220889818,0.0190793797460698,-0.0145513657977953,-0.000103366773402561,0.0455504843605351,0.0205626413335558,-0.0214439226885374,0.0806489930882117,-0.0391289224317916,0.0385037828640818
-0.141219063302136,-0.00425883933742423,0.02071712311914,-0.0198624051343579,-0.00712767884573381,0.0484905653546193,0.0284244353830899,-0.0182079807186102,0.0895629524160296,-0.0376802428575249,0.0153214511000668
-0.154841687782545,0.00218764476266167,0.0197167537672953,-0.0304165750260476,-0.005306606837051,0.0527324556152087,0.0234748366563666,-0.00689189264739266,0.086302550765547,-0.0315886235783157,-0.00706535015224318
-0.164881661309542,0.0104808176724135,0.0209032580462067,-0.0358256541845558,-0.00387995941690734,0.0550617251102176,0.0175824937399458,0.0052407063283152,0.0819045170980103,-0.0279107191187492,-0.0265898502686674
-0.0279323775332116,0.0164086610476691,-0.00211760077676353,-0.220909006955289,0.0298460471848444,-0.0413638341422227,-0.00137375988717663,-0.000894246086411934,0.0461003817437786,0.0503499654264917,0.0213790411483808
-0.0213850534526587,0.0197886130758584,0.00185396687375559,-0.205417227614921,0.0289808205883612,-0.0369825860627514,-0.00602870632774992,-0.00998225156517662,0.0528374167051743,0.0304528091023434,0.034396436420127
-0.00801795207833306,0.0314268979195219,-0.00151537824378737,-0.185670024950674,0.0245225855171725,-0.0369870655507522,-0.000832380635417991,-0.0355165726872221,0.0494852030310263,0.00931114190901193,0.0318435948479634
0.00652865594487598,0.0296818637414497,-0.00295218456516658,-0.159413313271477,0.0235329518243573,-0.035512015562695,0.00840983098602553,-0.0590618804780466,0.0395630956704592,-0.0119133052965139,0.0328664255766321
0.0203749304925943,0.0281891974158669,-0.00159329136690778,-0.111450143412727,0.0261057439387674,-0.0357802179176958,0.00999250937198256,-0.0692301220734098,0.0427726058717793,-0.0217401809257745,0.0592580301887162
0.0361020616958091,0.0241416981461719,0.00141358870885959,-0.0693089474308907,0.0183564844542734,-0.0137365407579786,-0.000405328920946902,-0.0695776206489423,0.040885419508034,-0.0245807418357262,0.0912227877443766
0.045113376863847,0.0207797077446416,0.00412792570237485,-0.0370105809255604,0.023199908178261,-0.023496121397802,0.00112144597040858,-0.0604502170893642,0.0422961987834556,-0.0222852744211645,0.114403443857224
0.0460824668424507,0.0110348971863191,0.00557238253650066,0.000620784329525467,0.0233653071628007,-0.0306234485891871,0.00830230067646575,-0.0605901710588913,0.0492831380387287,-0.026764294272081,0.137638838679478
0.0524715780937856,-0.00153182586574616,0.0168400011261753,0.0236259328632452,0.00720886463235849,0.00136519803055064,0.00461413130142123,-0.0543460618962139,0.0377165365129812,-0.0362482502195844,0.140828495190894
0.0417863977926766,-7.44597857244393e-05,0.0160093217748854,0.0359318817029345,0.0122405867590587,0.0203519292531066,0.00687292362799188,-0.0549232427543151,0.0402532193635219,-0.040419303711534,0.126494347623303
-0.00210704672213256,0.00836900828658755,0.0156966431861831,0.0405219426769212,-0.0100969300633363,0.0448825519544071,0.0215571085314711,-0.0707826529395424,0.0461732301665849,-0.0572435427617835,0.0773369656319169
-0.0192119030399026,-0.00176682691367176,0.0161433181955037,0.0376116069245556,-0.00807831715834806,0.0701068823529818,0.0210871944615201,-0.0655846613227724,0.0499111775910945,-0.0548596402991392,0.0567036880076117
-0.0603950599550152,-0.00655885550725032,0.021533979138832,0.0105462404257097,-0.00700931043281109,0.0783924658041322,0.0172780383893913,-0.0391869691911665,0.0758538286448317,-0.0492892151860358,0.0403646035022933
-0.0799516661317936,-0.0142875581589322,0.0225380575040461,-0.0015243732997992,-0.00861859418433497,0.0847916423034829,0.0149913858478888,-0.0169512657540773,0.0860199288121113,-0.0344373015470276,0.038000052688728
-0.111607252791528,-0.0112151513993582,0.024673355026956,-0.0110855567863748,-0.0193467707316829,0.0884411029042206,0.0280638602665273,-0.0148590643479205,0.0931111503854111,-0.0409101637286565,0.00792494739972559
-0.124658083707226,-0.000268553008104218,0.0248174014787342,-0.0272536837546464,-0.0132672325949342,0.104221242304583,0.011930738898173,0.00232054406369412,0.0887997446772733,-0.0311926790397157,-0.0197659214252613
-0.12903274115872,0.00380364329720951,0.0233041986184169,-0.0318795273588073,-0.00891073597037821,0.101404532864081,0.0070682161082633,0.00723214030649163,0.088051724107495,-0.0264151067711099,-0.0237438058615283
0.0143549958701304,0.00895700125425573,0.00279611634196155,-0.139141672707753,0.0147781714027315,0.00817987723897869,0.0373257181520065,-0.103292696055149,-0.0104636369544904,0.0249318158151762,-0.0752350926384425
0.0151418490493014,0.0100341742724519,0.00277616195567863,-0.136582409795349,0.0174025187199661,-0.000398967000655399,0.0421875296555978,-0.1168036802255,-0.00619453533022062,0.00954185088767312,-0.0738708224451153
0.0180561279944315,0.014947001808404,0.00220359947806949,-0.125696793184505,0.0204827668683794,-0.000708821739989592,0.04172243026121,-0.135704517405121,0.00243058004349595,-0.00818083632342442,-0.0729194986739915
0.0267575254810253,0.0170154159611072,0.000826250694363398,-0.105378057947677,0.0253250500317096,-0.00446710351106322,0.0413144309284687,-0.14877648890867,0.00697957613748237,-0.0191995451400094,-0.0595034199910056
0.0416085426364343,0.0295473603242398,-0.00201021778954884,-0.0401541455085765,0.0251945947518141,-0.00707724771796297,0.0336359062890057,-0.15660568379876,0.0110784493511998,-0.0339096805142709,-0.0243192614973573
0.0565805979138847,0.0189540803741798,-0.00311447580868104,0.00410298979090304,0.025366826316686,-0.000513823071836873,0.0383912115055248,-0.155332536798936,0.012091568140493,-0.0344241993498381,0.00825421250853594
0.0655608141844452,0.0235094840939843,0.00123698773933691,0.027407276934623,0.0268573442281981,0.00536378752883221,0.0351777063364096,-0.144707785716596,0.00954654152210677,-0.042264518097254,0.0199185261616771
0.067010799480714,0.0205183747517652,0.000812428925319733,0.0485982978957506,0.0288519808403068,0.00274489473632723,0.0395850816245686,-0.140167237315815,0.015050248908935,-0.0501210287629562,0.0333363113521333
0.0686029172535801,0.0108542835610782,0.0132149426251482,0.0552260336437692,0.0200242217627833,0.0270596270369589,0.023915238919437,-0.103219750629318,0.0197942891085059,-0.0481822823541722,0.0624838577837612
0.0620235659361492,0.00234111520640266,0.0199830310620192,0.0558637700046609,0.0185790854607084,0.0296359098858138,0.0223704367659183,-0.0848887605958691,0.0264392853421021,-0.048813613323165,0.0716442731647007
0.0284691410286752,0.0150879657797362,0.0273091303704587,0.0602972955791914,-0.0131643328716123,0.0765436115501373,0.0215695258034609,-0.0783950660802901,0.023717475270878,-0.0644398682716807,0.0339769944081513
0.0147774385592069,0.00131468900496599,0.0255448582563304,0.0607113731259629,-0.0117261864908154,0.0993322177060146,0.0221156524946981,-0.0753423373261482,0.0285542440579997,-0.0624018497796316,0.0219676908078146
-0.0141732846557693,-0.0117666393286864,0.0300550696844504,0.0366765671011241,-0.0108221069199436,0.105990675455634,0.016509765225866,-0.0396219239566551,0.0508060452278485,-0.0479183149150685,0.0252917378930652
-0.0214054889733711,-0.0223619747610884,0.0298578047090128,0.0180292533763534,-0.00866235168900841,0.129673668878873,0.0152192170477925,-0.0168979801666237,0.051824871530832,-0.037746952870773,0.0161849173453973
-0.0431864076813071,-0.0223642212390959,0.0330368347164949,0.0196422260077387,-0.0151328808870946,0.137870757096517,0.0213493909868069,-0.0146817881066929,0.0514501066969925,-0.0417633328053376,-0.00797641522966487
-0.0695591694309689,-0.0133048829731317,0.0325750149259786,-0.0197496675828519,-0.00165439805481224,0.136539197226042,-0.00147441361016767,0.0318213185585764,0.0722034242904309,-0.0207007179687885,-0.00292576776024518
-0.0870366329005114,0.00775019568903831,0.0228437930987236,-0.0387055656989945,0.00345281766315887,0.13003683375172,-0.0176261115592849,0.049893800060616,0.0832608890293101,-0.00967969684760037,-0.00405241182488347
0.00964722366063982,0.0104690411272168,0.00330365129525366,-0.115011395962162,0.0235951393933369,0.010983658961718,0.0206862966009367,-0.102426804911789,0.000556460691716311,0.0686861914728938,-0.074404674015386
0.00834088827419081,0.00515192807954959,0.0042836334628673,-0.103309933588355,0.0276950914181564,0.0105765639965939,0.0244463276390768,-0.111818427541482,0.00574741993082792,0.0752647408065922,-0.0703463395526538
0.00927936699847433,0.00726327234465547,0.00303338993325237,-0.0965450085981448,0.0281476799219441,0.00754265417917673,0.0268372243333038,-0.130955973676622,0.0125371965068833,0.0440643552905234,-0.0754131684626155
0.0206394584742003,0.0138743228694629,0.000357889337617504,-0.0389374988694671,0.035040571389744,-0.000302810605503584,0.0241195019640644,-0.137192297829897,0.0186761733555484,0.0282543845246832,-0.0456258229620361
0.0347799166686375,0.0226778973394766,0.000887272109219195,-0.0207635147602181,0.0346122127937113,-0.00466625771285879,0.0227104296834119,-0.148516439869569,0.0206185851832228,-0.00492982662001047,-0.0338095864124546
0.0457868779761996,0.0246895975272844,0.000390519440898216,0.0216005242413249,0.0350944288570032,-0.000673984008505567,0.0218523387863468,-0.150019601968868,0.0209322483055166,-0.01176739096772,-0.0100937535177899
0.0602181592431092,0.0265971387131904,0.00860325421618852,0.0404333634103122,0.0338053400598429,0.00686349333682976,0.0235588481139019,-0.136052702877319,0.0179407301166701,-0.0281308971291638,0.00488089749216845
0.0601416501362754,0.0311510645647345,0.0127072966126966,0.0538714060505262,0.032633233782663,0.00293654131598395,0.029728520593323,-0.125191419556844,0.0181654707001192,-0.0392187230808045,0.00968456581983068
0.0647933906225634,0.026780883877334,0.0157004776162479,0.0627800905459427,0.0352374326649527,0.0158505513510862,0.027490636253661,-0.105581752916249,0.0149219947678195,-0.039791809278925,0.015309391636942
0.0625819985090408,0.0208927546440349,0.0213891385626651,0.0627757182021699,0.0316703505878741,0.0358487511472919,0.0272410887936186,-0.0882785418785681,0.0162921672009625,-0.0457698052904446,0.0159796801841367
0.0664829618455287,0.0156319183141038,0.0407093584282851,0.0598770637537781,0.0136698301960407,0.0982414367482256,0.00299859595329846,-0.0535357348205587,0.00736988929565047,-0.0489691501504935,0.01608302812534
0.0617900371397907,-0.00142856272572964,0.0361938730056925,0.0596893668309862,0.0112671235979112,0.120156616861976,0.00461376125647838,-0.0398004472692655,0.00698620781246414,-0.043649201826868,0.0150330117780148
0.0332057454347937,-0.00361809971038418,0.035038698151749,0.0551882134342197,-0.0104577323794432,0.1307379648491,0.0241664824820444,-0.0364389231127158,0.0100114638854988,-0.0486826996459642,-0.0107700879820597
0.0203190479894431,-0.0129293545152879,0.0342525789295807,0.0424050290369463,-0.0134469998716893,0.144908295312878,0.0309783642119712,-0.0233236961123586,0.0112247745406288,-0.0433413591078502,-0.0251440461276388
0.0230662014090708,-0.0288616489355517,0.0445970452238999,0.0268038083432216,0.00198740582359889,0.173765993081039,0.015068606015646,-0.000563141289605781,0.00561356161313793,-0.0341907118053328,-0.0316105934410185
-0.00496989331241424,-0.0206470834147783,0.0399107109723348,-0.00465179752869498,0.0123842439178177,0.170091288254709,-0.00441033359185022,0.0470133558582558,0.0288645948293911,-0.00965720252007091,-0.0199731095729869
-0.019202223414856,-0.00650466817306335,0.0277056492900878,-0.0244918172200814,0.0147550650014291,0.168346004863378,-0.0191900848958337,0.0562499366451297,0.0407923395771688,-0.00778264719406235,-0.0168118748924675
0.00238483035084996,-0.00313292401471289,-0.00190288742983008,-0.0711486581983191,0.0303336515336964,0.0308789932262173,0.0092384905926412,-0.0803135229564981,0.00253290366933158,0.161708345664804,-0.0614461684820868
0.00173526143190059,-0.000718869239125024,-0.00113917896631504,-0.043352211707406,0.0372382002445847,0.0262756123178916,0.00588698616740608,-0.0868466822749804,0.00588919915488378,0.162933219192452,-0.0545517353794465
0.00296691089036591,0.00465721819007577,-0.00352329865058313,-0.0268689911775011,0.0418134951915241,0.0151661383084121,0.00772125334182359,-0.105951222563008,0.0162546054354669,0.129568657366993,-0.0515832084107245
0.0181698868089976,0.0158278854212121,0.000299824827232817,0.00034667977325748,0.0443276421264123,8.883788275218e-05,0.00919772557342642,-0.105435373817545,0.0171027534392904,0.0815735895251129,-0.036858595714832
0.0015770207078169,0.0362610704948183,0.00166322642037109,0.029589369232337,0.0245688334899225,-0.0113700485248271,0.0241019188464308,-0.13292328907627,0.0211698145188578,0.0310692656286952,-0.0542342739522952
0.0370339959830736,0.0257137091681292,0.00788543364136056,0.0465631827627108,0.0436786396979637,-0.00574652884121133,0.00903077588032642,-0.121657273129133,0.0211822145539209,0.0205787266781263,-0.014628761569059
0.0502647545877871,0.0297761001274463,0.0138480188131439,0.0612292982438962,0.0430872923028382,-0.00122430977421846,0.0120619603135493,-0.108024918183299,0.0195758019373828,0.00208154874469105,-0.00188810969254951
0.0543613119254326,0.0312921394768692,0.0208196430690078,0.061030315206607,0.04543957444386,-0.00252251856830012,0.01602885028995,-0.090914621664427,0.0179208997480797,-0.0124180695095164,-0.00161695054122817
0.0691674377904694,0.0303789641768973,0.0291548358647142,0.0665894313815742,0.0517482388867855,0.0115050761731936,0.0106398932331683,-0.0628114871251953,0.0157996682826372,-0.0163035397231656,0.0117107810232347
0.0720439982353706,0.027639471949378,0.0299222674462285,0.0632622681603312,0.04448116768003,0.0302537939859449,0.0119367431269551,-0.0430533837630424,0.0148866747986471,-0.0226022719383349,0.0127085119971012
0.0743501858260445,0.0209228619969265,0.0453761689441887,0.0574477597966397,0.0304259415640567,0.0793645926703994,-0.00632141916584974,-0.0100069074272907,0.00923892639427105,-0.027678025800959,0.0145014221704051
0.0717107335475798,0.0144174336115753,0.0418253919040057,0.0480735081897437,0.0239924191081654,0.105361887559238,2.69949573520559e-05,0.0136344961219452,0.00421882697759963,-0.0221691940842142,0.00714563260641756
0.0624321765042408,0.00401596684348498,0.0468104156700504,0.0356433399449588,0.0133521772740044,0.126437784451064,0.00556068514019949,0.0309137232487329,0.00290194085389969,-0.0241997341698057,-0.00294858581010769
0.0523875449043481,0.000269927586774727,0.0433431562827959,0.0255315424821713,0.00792601869117058,0.142379754189119,0.010379655734063,0.0494611553670043,-0.000991359596162734,-0.0190174689893531,-0.0174172559531468
0.0405288670017666,-0.0102015354823839,0.0463778387126527,0.0222653126030507,6.37521634625562e-05,0.16398441253953,0.00981024377630377,0.0602047482601558,-0.00432297519296752,-0.0197660386831797,-0.0273582751304004
0.0301590244367367,-0.00760617934277898,0.0415702124808832,0.01198000067498,0.00300515899501231,0.177490254081248,0.00510317634225422,0.0599915020242549,-0.00541023730842785,-0.01843526625045,-0.043869870096518
0.0184330340576488,-0.000382524112753904,0.0298827007442163,0.00167230009969312,0.00839460393189394,0.170497067587722,-0.00108291963641534,0.0711775456973668,-0.00132534529536461,-0.0106257368026467,-0.0459129648640197
0.0100326608991606,0.00141508559773167,0.0034723362777915,-0.0324957233696937,0.0244744789863214,0.0308564558215844,-0.00434339129389952,-0.0440448667796369,0.00448987851497992,0.194209149586948,-0.0406921634576362
0.010315891906895,0.00118940474241779,-0.000111617632009124,-0.00420672039254057,0.0302048135719928,0.0236318933911286,-0.00470087410935513,-0.0472523218662479,0.00554044664674071,0.195765746366604,-0.0314444631566207
0.00643020093093814,0.00560597408705456,0.00244355877548462,0.00188795524632092,0.0408612079555579,0.0143150021617694,-0.00688892761452852,-0.0602877853888286,0.0133896674645715,0.17003890058775,-0.0390261782678561
0.00864430659600341,0.0122620434550367,0.00457569847865758,0.0100950983081178,0.048193537530242,0.000560017462581826,-0.00125719354587274,-0.0562871616563314,0.0171496167135005,0.143821876317081,-0.0373157119152782
0.027425587783604,0.0267403258907842,0.0152607087085656,0.0348482977428715,0.0495852623634962,-0.0155091586027752,-0.00433870058238823,-0.0628448065176331,0.0187404072839928,0.076692134064567,-0.0233755514952691
0.0364034852814252,0.0306473278000056,0.0178944108263074,0.0539607335472883,0.054982083434521,-0.022184156487779,-0.00341973943710475,-0.0602725728678442,0.0196017357994034,0.0578208515610312,-0.010645449754284
0.0499682088632464,0.0326386437380886,0.0278242386798375,0.060672102947886,0.0534800650032282,-0.027802973088276,0.00203160265435332,-0.0468379582922403,0.0206260946606926,0.0244036876275129,0.00197452715022147
0.0571264744961871,0.0374944577879097,0.0353428555855833,0.0590701006809168,0.0544005880364836,-0.0278493824823708,0.00253137643685523,-0.0238951115480792,0.0167495494531175,0.0083590612963466,0.00340638356222804
0.0684799390394847,0.0365379991354726,0.0410294554874806,0.0614741029485698,0.0525257568970052,-0.0140876021930098,0.00349532202873578,-0.00518725827200596,0.0150702929077828,-0.00165549637414175,0.0125929154386188
0.0727940443366999,0.0318320622703547,0.0395311004650713,0.0577431927331026,0.0515832707116783,0.00782668633996434,0.00793179641713762,0.011000886365623,0.0155828075495417,-0.00768059350237045,0.0132398946951676
0.0754457252116956,0.0274469300278515,0.051041337253457,0.049103607840021,0.0352225284671572,0.0543649510563319,-0.00603266326487763,0.0398583963774725,0.00924459951530628,-0.0149856870275108,0.0139615488682362
0.0714628153834087,0.0187670279235244,0.0511481300433071,0.0346320428295795,0.0272842432850486,0.0763388507788957,0.00745014407251598,0.0691959685068099,0.0040138565929305,-0.0145702555399145,0.00375324313578981
0.0664651264347421,0.0161976213481538,0.0461176997216189,0.0283175221506493,0.0225799345645197,0.0939125812280326,0.0103247604949118,0.0806562797414604,0.00151271680755235,-0.0123161938118652,-0.00266349951884456
0.0536711082086797,0.0145520299925308,0.0350701015125429,0.0171905071768932,0.0215348367346473,0.103331559004496,0.0202437213870363,0.0948256094391541,0.000576459096531718,-0.00492702586303396,-0.0205171002276205
0.0455731147759715,0.0189966611113423,0.027260676632957,0.00913491242817031,0.0147169436400271,0.125981896501786,0.0163469661243327,0.102812720589494,-0.00403121441051884,-0.00453533467804249,-0.0323495793391719
0.036822432290136,0.0209428805464646,0.0203398824584567,0.00563089060339558,0.015766851497629,0.133272499703443,0.00997490940622114,0.0991448712032409,-0.00847258066806436,-0.00410037530617152,-0.0449299722123962
0.0285201319733576,0.0286032729732202,0.0099296977655356,0.00311188520983578,0.0173202429804426,0.131194221267398,0.00700526432891443,0.089362209499345,-0.00636526243472582,-0.00748994176503809,-0.0540355043523214
0.021931440790427,0.00499749005907508,0.00923329414589651,-0.00241051735505275,0.00450456559325323,0.0249378726405615,-0.00641639510888893,0.00638485633980677,-0.00339198235493556,0.214229943201813,-0.0192249447011942
0.0171939233869601,-0.00275018129066651,0.0123663516452655,0.00782629795127932,0.0125493759751461,0.0180239551728519,-0.00219803231595244,0.0001477949487718,0.00386967775287619,0.216107130289358,-0.0172139864031782
0.0118992143083044,0.00295321726192204,0.0171411575959175,0.0250122971227591,0.030227890009864,0.00182618650261693,-0.00720638559465196,-0.00183165166114442,0.0122500964509076,0.197867751022696,-0.0185890867916057
0.0071106128328676,0.0144973803173486,0.0218437248676122,0.0232680680155024,0.0438348161054698,-0.0223191336981288,-0.014486892952551,0.00615302154570168,0.0296576281617851,0.175792291381218,-0.00332472337708497
0.021013423969389,0.0317225438411491,0.0339594239478894,0.0276009499795211,0.0426859478986226,-0.0497204523700843,-0.0139739287460474,0.0138948661005939,0.0404291004118933,0.100916663361388,0.0117076349077409
0.0214109100695088,0.0403943206149626,0.0407778364418892,0.0376567453196555,0.0443242658218521,-0.0604918847979548,-0.0103387959912664,0.0183775132126907,0.0385200181476551,0.0754226110806321,0.0112801132962503
0.0313016392432817,0.043049403461616,0.0481223086994805,0.0399506144211068,0.0472601899955768,-0.0688571458413871,-0.00706411760879022,0.0327059341163002,0.0378104807475848,0.0401469945971615,0.0171595261899364
0.0438056093890181,0.0412182731618475,0.0575573182186993,0.0508368832698754,0.0492289664720293,-0.0609058082189449,-0.00144712685908733,0.0361628805334957,0.0253566882796384,0.0157448096482261,0.00831494564608671
0.0587450942018663,0.0282287984818931,0.0628513637652274,0.051619772018506,0.0495229368487337,-0.0456041829103972,0.00925796216442491,0.0504985947887171,0.0202301815747476,0.00531919093168478,0.0116129755178871
0.0648702603785371,0.0275857473605524,0.0558775879667151,0.0429879887307747,0.0495290130286809,-0.0244046046997683,0.0143025758388595,0.0718911595625961,0.0193259609504539,-0.00114203388945706,0.0117501326019812
0.0690318662323646,0.0290391966904624,0.046194574929138,0.0385569322333671,0.0449163348712107,-0.00257536292483067,0.016117566728911,0.083445138295346,0.0145965067305323,-0.0047169218617332,0.0117391563676754
0.0623020376506576,0.0230875967264485,0.0407240510323774,0.0180656686100617,0.0397106206345945,0.0116657383834395,0.0303092420207097,0.0984815366110512,0.0125129987603544,-0.00935446716909602,-0.00535254565379649
0.0616937070498302,0.0243592647605819,0.035445643319064,0.0107577523036421,0.0260156108972553,0.0486875335742135,0.0261982177409374,0.112566067946112,0.00712779654127042,-0.0123380722937768,-0.00714119559881322
0.0563208839939574,0.0271121727011562,0.0267696179837966,0.00312372765284677,0.0193358668436307,0.0688958700758827,0.0270354961881824,0.123851519750684,0.00383161707343707,-0.00794674247539302,-0.0171133139754598
0.0432977555857567,0.0362959997135364,0.00313557227089891,-0.00432225042054991,0.0234206702100153,0.0673604250792734,0.036185085189865,0.116246468978794,0.00645549483000301,-0.00410800249436951,-0.0361125897789167
0.0331077382979829,0.053769480848101,-0.00779973435129204,-0.00433663379662696,0.0293761450149539,0.0776540837247764,0.0164679242201307,0.106973559811708,0.00411673795278858,-0.00776733994398257,-0.0540532594217256
0.0240783340943346,0.0481839232914723,-0.01651378382871,-0.00818402441687801,0.0382362844933167,0.0808915439019057,0.00870942023317148,0.0942069691990662,0.00325808910490407,-0.00996093069183203,-0.0680174624021414
0.0231532049470852,0.0223471295967068,0.0110301692023942,0.003431861239282,-0.0267373396246056,0.0177421622367538,-0.0281517255576166,0.0601105500156965,0.00781191703531627,0.234317683784839,0.0204621740045625
-0.0108151206066904,-0.0212821538318447,0.0346837253821911,0.00986619522951308,-0.0122921840636861,-0.00615508285672211,0.00589500307151085,0.0431268088309948,0.0233651069174695,0.215062112940247,-0.00195988018787677
-0.0202496214751996,-0.0326636340909412,0.0353012238317101,0.012948380290559,0.0059525713547241,-0.0228051505120728,0.0114858173384976,0.036329009024731,0.0339204305703118,0.208777928289514,-0.00419387702595275
-0.0331469924232561,0.024582336758795,0.0324205805127417,0.0214912839202231,0.00588417793299755,-0.0664000862571698,0.00431159723372102,0.037305191296989,0.0509809136767379,0.153753689230252,-0.00643705241492075
-0.0209949068601008,0.0401421107774182,0.0527940268714754,0.0224637976968818,-0.00500570438453561,-0.0606917610445631,-0.0145157811258639,0.0550142951665972,0.0531591048276204,0.101027400796803,0.0082212111018088
0.00829217031002373,0.0417812315783691,0.0549852254097077,0.030141698379692,0.0168764652603106,-0.0921431178572375,0.00562121364363271,0.0463170494337524,0.0439986933955866,0.0552051540532598,0.00110650035385714
0.0287017052487467,0.0284152617528721,0.0643919315284214,0.0301200856387693,0.0318309568342648,-0.0875809797630589,0.00767013532673074,0.0524968457921031,0.0360848551650817,0.023785139931081,0.00146917410464691
0.0361894206898363,0.0341751506020076,0.0695936015250552,0.0314985320538929,0.0379875752577721,-0.0905368170281764,0.0106453158971467,0.0600637863168037,0.0292664344967801,-0.00172165863909615,-0.00617402168488019
0.0431221668665634,0.024135159664385,0.0676950651127417,0.0267899121603475,0.0480174875101616,-0.0860931127303487,0.0202315708281339,0.0749598051508123,0.0262130044040859,-0.00774265735037594,-0.00825867695432513
0.0499392748280594,0.0209070893473018,0.0596526143616815,0.0262529588660985,0.0489102362899613,-0.068922149453607,0.0236496608975909,0.0941279386574138,0.0209420294143476,-0.0150383744205551,-0.00379104013937325
0.051607927587896,0.0181456594295452,0.0483561075415007,0.0229967400643296,0.0487092194776947,-0.0489726849956218,0.025920131707351,0.104575469108909,0.0156587598353277,-0.0143007551426111,-0.00798908114773243
0.0475015742581322,0.0223511576071032,0.0308526175638855,0.0100522706842417,0.0436627307111083,-0.0276180627883872,0.0346619563807983,0.105977861735246,0.0194350829887151,-0.0224999060953813,-0.0174479052050047
0.0470965089580305,0.020731558657727,0.0135505034380319,-0.000215072987692052,0.0332432149802666,-0.00715281637789562,0.0469553385101499,0.118192439801139,0.0174982743833414,-0.0194202173160434,-0.0159856786627416
0.040707545657226,0.0364416893806224,-0.00376628587093139,-0.0118961226451023,0.0245355910302247,0.0131891745480316,0.0467616659487912,0.120154457760188,0.0196378100667674,-0.0200685667556694,-0.0249154726220933
0.0293789588784064,0.0539814237288241,-0.0207166857072937,-0.0216387140029998,0.0264880986010122,0.0302692153251991,0.0320468433402472,0.119989246242059,0.0201640147315926,-0.0174924471562419,-0.041149557873697
0.020628747773945,0.0734194730898142,-0.0330985965495969,-0.0220558093203666,0.0373212151498133,0.0364710483426976,0.0013311916524577,0.105922061240719,0.0171527453909791,-0.0213734273142202,-0.0572116724838361
0.0104925515000907,0.0744841446221742,-0.0470437200293227,-0.024457107040888,0.045758147986555,0.0455006328721975,-0.00839302551796996,0.0906327896182957,0.0164227877950409,-0.0221055450578058,-0.0731233909535537
0.0212605152245679,0.0127858394936606,0.00618236279120999,0.0371815316818405,-0.0980758637859593,0.0249593955123048,0.0142231084045999,0.0228363319980665,-0.0177455953427249,0.195855138679244,-0.0128583302503491
0.0142167292964582,0.00471889492223624,0.0180134246121159,0.0386492017941578,-0.0691103261790785,0.00115694443949073,0.0215082265924437,0.0260900776266415,-0.00368027618284884,0.191791662786082,-0.0129292356842678
0.00398700203266278,-0.0636843576214603,0.0453843733772473,0.0380091910447541,-0.0531030617558053,-0.00543107698257666,0.0436037161617205,0.00932492027017701,0.000674804670742792,0.172833875815957,-0.0237185865886595
-0.00447830341187101,-0.0732320919805527,0.0671606915577808,0.027757350973556,-0.0270573666485579,-0.0519048798353468,0.0563265153256961,0.000522303100662473,0.0125480408992141,0.0759267741195225,-0.0449759210115303
0.0142155426797079,0.00612734030116707,0.0529137556575287,0.0287585346123762,-0.0105628615026037,-0.0839705761981302,0.024381101807906,0.0203701279702329,0.0203539113937944,0.0526104684014576,-0.02862485803568
0.000845235992002098,0.0211993874867168,0.063424224636438,0.0337595871787382,-0.0108661272232163,-0.108281609708142,0.0315358775308113,0.0190345742145641,0.0276657661883188,0.0127388631896443,-0.0438900910543816
0.019702693512758,0.0158850866813722,0.0711352348792652,0.0198538803480655,0.0177030040431568,-0.118098550439513,0.022352664127019,0.0438018190299894,0.0296726646387632,-0.00415173771995091,-0.0304345849855624
0.0177618532237341,0.0247790713910789,0.0697358730160671,0.0233458649935435,0.0230494357070999,-0.125272592603168,0.0231403528463408,0.0492791121655494,0.0297654073062124,-0.0292165014060197,-0.0346560022972122
0.0183976729304513,0.0200746727265786,0.0643802194761348,0.0204231913528216,0.0303012567384615,-0.119891853193788,0.0253428073987073,0.0594626280618476,0.0295000953739864,-0.0415065981108445,-0.0376980215024803
0.0190868892441253,0.0110269649029688,0.0476766634002487,0.0138445702636356,0.0319579691509089,-0.101613224310604,0.0374279469122324,0.0726364876621336,0.0262928609632023,-0.046793749321925,-0.0390260280144665
0.0338274406737443,0.00554174266189049,0.0296700647822576,0.00946068113096588,0.0440730586635041,-0.0808326750630209,0.0367754658706527,0.0883269362981598,0.0222634630887969,-0.0376538525521478,-0.0259837234862579
0.0130830758061454,0.0117083439420595,0.00730938321354569,-0.0170942502062859,0.050418565075012,-0.0752572507298033,0.02450614571474,0.135422393897425,0.05613525300035,-0.0131897184012017,0.0119542345982227
0.0195127769572157,0.0108698043901755,-0.0174903820108232,-0.0212004892886341,0.0361426396063398,-0.0452841691696871,0.0437123421353337,0.12528109582669,0.0442492829486688,-0.0178644823956139,-0.00238155801042778
0.0261023625304777,0.0177913854988291,-0.0364977400226922,-0.0122480712174467,0.0273649046110766,-0.0199593057671614,0.0579861374577637,0.112550972216003,0.0275261030735065,-0.0248361196458439,-0.0195225491309881
0.018994839790467,0.0497921381709638,-0.0583195551497559,-0.0216408638208323,0.0256700195591483,-0.00227232262210861,0.0414193015367168,0.10693011296443,0.0243147840765322,-0.0252665555016759,-0.0404955222588928
0.00981578403950398,0.0843553164524615,-0.0729732335333458,-0.0182909640117693,0.0433017705396959,0.00969004783299928,-0.00700715114164482,0.0726437044600946,0.0130750553341868,-0.0426111692405352,-0.082500811562371
-0.000158668788002473,0.101448069994143,-0.0804964596417749,-0.0134474964298305,0.0629030967597151,0.0184627611471985,-0.0508235148830793,0.0462405367498654,0.00129903229583329,-0.048964485524859,-0.115954346705576
0.0182559983950042,0.0141336087122306,0.00456967628525501,0.0382258819448711,-0.152172696506307,0.0114143578039239,0.0426588740690668,0.000158352425577289,-0.0151674534353749,0.129521024497154,-0.0230983934888928
0.049290050055425,0.0117866722137993,0.0125355861219868,0.0259064913071454,-0.131125856191155,-0.00295267391872359,0.0305999214643951,0.0173427884709334,-0.0108391355319441,0.103313905449413,0.00115092119050257
0.0397147777562972,-0.000775642232175298,0.0239967691780751,0.027273881399257,-0.106905482572824,-0.0240798016714941,0.0273351171101646,0.00924387484844016,-0.00304222826361526,0.0885671400460087,-0.00758358166596737
-0.00194600362389444,0.00405616607952417,0.0372907459341137,0.0226934599095947,-0.0711047009555665,-0.070960418490571,0.0316398652545398,-0.0144010072778044,0.012964610480984,0.0361579768978211,-0.0541702007441935
-0.00714186099020079,-0.0275702652928908,0.0594470320383678,0.0232235225547275,-0.0515012798114129,-0.0907085414646214,0.0340385275894702,-0.0206423188378117,0.0161924320219686,-0.00437312993865437,-0.0636975954137861
-0.0308385035286929,-0.0816852638818093,0.0927184657991183,0.0218349840437777,-0.0487216657860674,-0.0981395092604167,0.0540491572333081,-0.0255675362918774,0.0157908495145035,-0.0470350800192384,-0.0921044020817746
-0.0228398733243964,-0.00705551267360486,0.0713591991778628,0.0231612625535514,-0.0223666087263178,-0.122052956585301,0.0148251762380572,-0.00826880048085772,0.0215301013667336,-0.0599533822508374,-0.0856965686251388
-0.0174121752140222,0.00365638817202552,0.0674874801882385,0.0240109636143184,-0.00234292307667699,-0.132953956716339,0.0151528233576395,0.00704717020289793,0.0273980734833554,-0.0693345857102944,-0.07867350946551
-0.00580641655380071,0.0040954139576234,0.0488342633507666,0.0251510424331757,0.00651079852857935,-0.131917594582491,0.0301121049526142,0.0267727436123883,0.029069887986847,-0.0689962623597998,-0.0638030918373859
-0.00483743759739977,-0.0055959312935193,0.0313701029190548,0.0207676658556602,0.0157115218109094,-0.118745889049537,0.0418197601817236,0.0400733773347492,0.0269337108148829,-0.0686494209620792,-0.061245631076027
0.0231020783807554,-0.028006464613217,0.00890791032284071,0.00927926039249841,0.0363862146972806,-0.0923036688702063,0.0460216728136264,0.0655849311705815,0.0228459429482212,-0.0489774064938969,-0.0357914180719331
0.0256085375556309,-0.0254217998990161,-0.0154383273043478,0.00180622842122748,0.0351474080823997,-0.0682078135845582,0.0549755127880014,0.0700579640215495,0.0198908802193807,-0.0469652717102606,-0.0393133632809451
0.0271260936255492,-0.0168947187062934,-0.0517076900585346,0.00237366608766148,0.0295291246984898,-0.0515552911096344,0.0654329460818685,0.0647481224537616,0.0148499388924948,-0.0437203668429125,-0.0355452404151239
0.0255730078954364,0.000150928403517137,-0.0790839606238025,-0.00442775816629218,0.0183984441471358,-0.0252835748434846,0.0734048883063476,0.0592146595700907,0.0131528184970547,-0.0428071157934983,-0.0439627426827402
0.00841444652224122,0.0415276577824789,-0.100429900500014,0.00205216588837274,0.0046384882097609,-0.0145968762897034,0.065337384356822,0.0480448695200128,0.0125780117460407,-0.0476465572541774,-0.0648476708070147
-0.00185821926968745,0.0868437160644722,-0.120148280612728,0.00602317958877583,0.0223306704990735,-0.00606059662867992,0.00798237944577323,0.0284284529118639,0.00547763390897178,-0.0538368823878985,-0.0928434513444125
-0.0159081429691236,0.109942538054459,-0.120494686748981,0.00434999520126952,0.0483613921159685,0.00207820439811426,-0.0560441243805986,0.00464771684627281,-0.00446611007475426,-0.0605204982974439,-0.13132922180618
0.0109686483799496,0.0240194901825328,-0.00405283873394495,0.0211620077588431,-0.203427386748115,-0.0106699024346031,0.0542762980405115,-0.00596287900777897,0.00260831694628232,0.0430641123490913,-0.0107538590111709
0.0251940110712109,0.0124727302749862,0.0102620403985746,0.0354466858933294,-0.203820405752582,0.00146082160132121,0.0559505425948755,-0.0185347752535048,-0.0181079351725704,0.0345445260800076,-0.0281330842184926
0.0197543767541023,0.0269417909211121,0.0133931865726639,0.0339064644663854,-0.194297362431139,-0.0150190420197871,0.0473254152271191,-0.0207991260031013,-0.0130728174030084,0.0200882646466727,-0.0384502467059547
-0.00260427746417099,0.0487250514788386,0.0317165180846206,0.0265648642975376,-0.147173335757727,-0.049980370676443,0.00611705742685045,-0.0251740015916266,-0.00394931350392751,-0.0369746401784371,-0.0704513263289897
-0.0053646939638992,0.0412227188316211,0.0436890036515121,0.0193701858578914,-0.112096134091331,-0.0648345943583668,-0.0231871487112159,-0.0264027431384749,-0.00170141092654571,-0.0560136282533677,-0.0820839516045166
-0.0149025592260356,-0.00460430807159752,0.0601348366191646,0.0205226615893177,-0.0641911613029213,-0.0850660085202775,-0.0305863429082671,-0.0394264379306806,0.000817650230783059,-0.076268586733389,-0.100531410398677
-0.0414196794692449,-0.16611239257293,0.107772816231042,0.0143587970453496,-0.0121166393782449,-0.0877197924862081,0.00532403941433536,-0.0610144347972639,-1.60068530277724e-07,-0.0968917617545992,-0.131702724388492
-0.0215269374342247,-0.0687946712532357,0.0644261701465154,0.0209094875755831,0.0173803468942012,-0.112623898556822,-0.0186646947480161,-0.0279874134502837,0.0140808917604726,-0.0841814208305232,-0.10011193606191
-0.0139373765210647,-0.0394223148097334,0.0346967428308156,0.0232290684638077,0.0261208313120466,-0.115509396784711,-0.0124024436773168,-0.00915926689282277,0.0183693453617333,-0.0777971756936632,-0.0851351962039505
0.0116661914575584,-0.0601639102774309,0.0174236795950281,0.0173767885466646,0.0313844526534192,-0.0950039546565932,0.0138090690110161,0.0286375360497465,0.0131302432111902,-0.056776650524777,-0.055267429182151
0.0240188918254402,-0.0668533861591433,-0.0158361462878655,0.0144737378468501,0.0318572721131195,-0.0779867733639879,0.0351319884130281,0.0405591577435612,0.012136014894382,-0.044464040351716,-0.0365290899212518
0.0272718066810752,-0.0561045894384609,-0.0568197474900112,0.0128093988032072,0.0253001894126895,-0.0614618309558167,0.058242770355007,0.0440968965191756,0.00900130441168768,-0.0407136684925773,-0.0328726681476306
0.00923854303759009,-0.037951700589283,-0.0898303353837765,0.0118669336063543,0.0139886244481081,-0.0563251583412959,0.0693428336964284,0.0365903137150239,0.0144679573331132,-0.043807735952366,-0.0354729350389456
0.0208586591380777,-0.0132148224184557,-0.122906039767591,-0.00234682779555485,0.0175975976058165,-0.0334429790062189,0.0555179450791453,0.0390105932904787,0.0128912818806255,-0.0321681480517723,-0.0277657579908683
0.0217305685993893,0.0243474243678839,-0.144333990367996,-0.000968245505839295,0.0181916526132819,-0.0142229270062593,0.0332360699880227,0.0341271957686845,0.00696160505522219,-0.0229080053649324,-0.0337669345389397
0.0200177214984737,0.0904252899390455,-0.161999843063399,0.02016097032294,0.0433604410456711,0.00485183009748084,-0.0562499801755858,0.00278586042798779,-0.0149521111839869,-0.0271141958173984,-0.0735746417449695
0.00568231418824042,0.10820317958709,-0.158745823993824,0.0130358571677544,0.0581691926108053,0.0112497604334279,-0.0889021549220924,-0.0159330284215976,-0.0195672489458314,-0.0404061487137551,-0.112168804036387
0.0150823182789478,0.00381738408565215,0.00260387273106919,0.00465999353849784,-0.230267925384962,0.00547676600420068,0.0309881865222453,0.0140784805129166,0.0062769822784193,0.0119567543208681,0.0109979086058759
0.0306161966219388,0.0118409307523487,9.17238532042808e-05,0.0264498096701404,-0.235138491658562,0.00317095344092147,0.05145278501767,-0.0171122598011914,-0.0194081308382908,-0.0108564474834021,-0.0222907761010319
0.0252193373669185,0.0211586725411598,0.00910873431527886,0.0330436056395462,-0.216509456322056,-0.01035263798794,0.0372961199485651,-0.0272761601688862,-0.022545888481525,-0.0249176105744246,-0.0447240281691608
0.010319704772486,0.0512438532702993,0.0169747591717776,0.024874611682689,-0.15318745869417,-0.048412769489289,-0.0163418979778822,-0.0350223789908452,-0.0120387764116671,-0.0553450104881873,-0.0725511078903662
-0.00796679560666618,0.0811863219046745,0.0212300959814436,0.0265769518756981,-0.0980389261115668,-0.0781592994868968,-0.0918188252557516,-0.0600348782783717,-0.00964033522806189,-0.0802092532685761,-0.112323817654768
-0.0105323525681365,0.0575254697405825,0.0354434166375162,0.0283921728622786,-0.0524946001259276,-0.0631007480125925,-0.152614611457508,-0.0636961120882943,-0.0163211727714745,-0.0935067806431005,-0.122993937040067
-0.000673673355087841,-0.0213737744396561,0.0369763157793976,0.0322808564894238,0.0118899187974924,-0.0581665889064801,-0.16530204412996,-0.0655709974601324,-0.0197219395967542,-0.0685562881082097,-0.114975404933964
-0.00938808272630098,-0.197398960988111,0.0766711331572411,0.0334994989086598,0.0420626862365257,-0.0351513927118536,-0.0989300389186792,-0.0696508780320256,-0.0197655803917837,-0.0754088853816573,-0.108184600993283
0.00282815594911674,-0.23405761128874,0.0681376463295715,0.0176231136760905,0.0563382380183156,-0.0349211677568504,-0.0618589426366635,-0.0144859716033736,-0.00157938512503533,-0.0428929363209669,-0.0540514067692852
0.0107618807023922,-0.168005401441231,0.00949835099505467,-0.000821831048824605,0.0246269589989492,-0.0446694508457832,-0.00931208022919312,0.0322840326513568,0.0143926656619274,-0.0307625404772205,-0.0194426837612603
0.00583060008009644,-0.137425276496351,-0.0412483839012024,-0.00904429399801365,0.0320474005897168,-0.0557731442765085,-0.00807839551769779,0.0612259107880449,0.0373785300854575,0.00412191403106779,0.0220721109622592
0.00709087818423371,-0.0965299492983422,-0.0892736378676058,-0.0169804811279272,0.0160932747381623,-0.0546214655993646,0.0131904592479047,0.0811709299371805,0.0453689234776184,0.0117075303657159,0.0430987633383065
0.0100534242864367,-0.06525840745106,-0.130973627352878,-0.0105230107792237,0.0160167737370773,-0.054716187216577,0.0532699640577221,0.0535385428286412,0.0338098930873429,-0.00758660516121534,0.0186125993789297
0.027202677438795,-0.0459290158665697,-0.168993360871254,0.0152214532531495,0.0115455465634074,-0.024373130963398,0.0619518055356611,0.0131390908722614,0.00428446414436466,-0.0131083365597037,-0.00641756135349427
0.0340235991941865,0.0151028519864808,-0.196122005023055,0.0376928565158449,0.0272587195814169,0.00337762574061432,0.00145073355402764,-0.0102275025435523,-0.0141503177148544,-0.000351908490421694,-0.0236740871160049
0.0221554115752502,0.0513376444574106,-0.203181359881192,0.0365462280599001,0.00795321595902141,0.0145190661917578,-0.00951661936574054,-0.0251657406127188,-0.02284642167204,-0.0157868139980794,-0.0550684320977092
0.017020697692677,0.0744739793270599,-0.196469285089841,0.0312719294039741,0.0210393896930037,0.0181683819792001,-0.0497799255933679,-0.0327044048833304,-0.0285778231578299,-0.0258201491450362,-0.0805926264081594
0.0136090297224386,-0.0157341643883141,-0.00301436867843873,-0.00782188952793366,-0.232123001870126,0.0189714616533471,0.0098301365488189,0.0242553250512646,0.0150645585568162,-0.00407531626890881,0.0257736235753297
0.01814190069067,-0.0175897355028997,-0.0105822892178512,0.00477458724731561,-0.215127316448272,-0.0134710588454436,0.0332991575832919,-0.00507748584718657,0.0044707440168815,-0.014249544086432,0.000240491965613692
0.018606390323697,0.0237778622560245,-0.0131402825883833,0.00889522724451808,-0.211933526207274,-0.0237513124636808,0.00830610476226912,-0.0110267162588145,0.00428655586701114,-0.0309672885368406,-0.00998654128726862
0.00556073334533056,0.0536945042451345,0.00121926135958059,0.00689581990951128,-0.175994608290099,-0.0256139312446601,-0.0766231806507731,-0.0150581743829919,-0.000631183882596729,-0.049979384143586,-0.0390177762875246
0.00239329961309563,0.0608096652375715,0.0102941353366922,0.00734165475128086,-0.111438253297511,-0.0337308424338958,-0.168578129523082,-0.0251675725683006,-0.00502353304273443,-0.0551038962843817,-0.0595301883969398
0.0101797159255435,0.080503415343509,0.0156146455793684,0.0019624576519261,-0.0233236068456819,-0.0170450365116448,-0.305879313524205,0.00728804101825932,0.0122853387645843,-0.023674820403621,-0.0196368039154788
-0.00975709226398698,0.0185857105332346,0.00997224646616062,8.08080079060559e-05,0.0408406899668627,-0.0212412953980396,-0.332510822279361,0.0134975783488359,0.0265316734937165,0.00176806352530279,-0.00898375235732795
0.0165301288839925,-0.0609331229574292,0.014020253488513,0.01123626925836,0.0493724394696556,0.00889465609313258,-0.29309208772329,0.00581417926267453,0.00565178480720843,0.00241566716906765,-0.00853566734399093
0.0220342915063937,-0.197048771133102,0.0222588661977169,0.0151844241529396,0.0382078134562708,0.0226700617310853,-0.159870265685431,-0.00245674096772546,-0.00991002981397696,-0.00887753967937349,-0.0175454650944325
0.0124394357239111,-0.371492776475554,0.0429428736590902,-0.000535773056252471,0.0142447587963498,0.039780667883389,-0.00286791120524162,0.00902545048561924,-0.0128345559229716,-0.0145147530506528,-0.0140921632485475
0.0142120895768791,-0.316045827944925,-0.0157071197815637,0.0018800778513007,0.0145576892228599,0.00885612926578389,0.0376916226731494,0.0106856361898331,0.000571076258618883,0.00559955413622506,0.000744288425726228
0.0317197772100464,-0.156321236726192,-0.0928560492159636,0.0112918424904234,0.00414418411730751,-0.0125107544772608,0.0394417131299598,0.0178489640535513,0.00301751467273133,-0.00152710105533613,0.00459139045381495
0.00583084640172679,-0.0861437861140471,-0.148450764509775,0.00858002942086073,-0.000925086641447765,-0.0340808764182691,0.043837052391532,0.0180961652255596,0.0248418990377881,0.000328416614683039,0.0132530900437221
0.017849927327596,-0.0578596407812553,-0.195904171393932,0.0320163762585723,-0.0106860914835286,-0.00807297743689618,0.0487196209353103,-0.0187528288521941,0.0049058138814735,0.00320873588525498,0.00379644074320681
0.0184750186394558,0.00825844237874941,-0.218725038931619,0.0552101842532152,-0.0112692308531487,0.0189948791639714,-0.00684523397249154,-0.0338915951604045,-0.00714321426644879,0.00714569970517563,-0.00505574335586298
0.010910823433296,0.0157567405230761,-0.22423285366612,0.0355591730878742,-0.0199091372196145,0.00593588362698913,0.0156127096016696,-0.0263705630697178,-0.00124749543195896,-0.00763138686275463,-0.00996149223660195
0.0154483970595756,0.0186806004098708,-0.211322132307644,0.0177026972292206,-0.0158147717768651,0.0185495328668404,0.00429480561981828,-0.0190904080667178,-0.00592931328923032,-0.0140073419630776,-0.0225278006083301
-0.00096857609026146,-0.0348828602097067,-0.0164337422177705,-0.0283160485594573,-0.226151004659046,0.0283265193795534,-0.0210145620173573,0.0550315059331647,0.0408858939502599,0.00661447278632139,0.0693878345550477
0.00265681184293624,-0.0314034805170115,-0.0174752192627884,-0.0273793877027612,-0.221950091520581,0.0223049528561618,-0.029504575885258,0.0504660736801154,0.0394730880735957,0.00657129346167267,0.0680403340181509
0.00114225930360424,-0.0085876602341103,-0.0135978637643885,-0.0293011967149102,-0.215412194911361,0.00739458086771167,-0.0476687573258196,0.0523896388877204,0.0395037610394341,-0.00731776192210394,0.0607547744393074
0.00525277044294523,0.0195739132867117,-0.0117129042650749,-0.0366366119476818,-0.174974829738748,-0.0026046903259433,-0.114379234749096,0.0566858938329999,0.0400979369779827,-0.013671696228048,0.0529637702119287
-0.00739563871508136,0.0405609573284345,-0.00565066300901289,-0.0314708272998943,-0.128150909216521,-0.0186641612309073,-0.188795072820578,0.0381108991374128,0.0403811246148289,-0.0250718939397805,0.0251604179381499
0.0169721421221856,0.0265108525522772,-0.0142160424906661,-0.0136598520341554,-0.0221735387831115,0.00250955942366073,-0.310263508571587,0.0328877342358935,0.0275441645082904,0.014858233446503,0.0355408286812697
0.0218120575977156,-0.00172943995587269,-0.0211025861248725,0.00116416625880827,0.0275552726653343,0.0172973103344593,-0.340666587899126,0.0136149206579333,0.0172504119752285,0.0285457976694665,0.0230365921375851
0.0204812767412796,-0.0482754074472592,-0.0274031075298566,0.00971379023954765,0.0499292086393844,0.0158243360856517,-0.311340940458684,0.0108268868433877,0.013731744939231,0.0351693107090818,0.01997166889929
0.0372983242566111,-0.160511040047704,-0.00840122424463814,0.0166447694395516,0.032286826132886,0.0414362182584119,-0.192482691840331,-0.00365910974412088,-0.0188690536682505,0.015119056915813,-0.00881767083220889
0.0425170875394908,-0.239244961645529,-0.0278524971048211,0.0175882882214927,0.00918725318931427,0.0349164756847395,-0.0506054939277898,-0.00922293366445765,-0.0234235800364906,0.0111014219615993,-0.0105681939684231
0.00871957300869819,-0.298092729664416,-0.0446235697214789,0.00913737414186643,-0.00869909213932872,0.0235460941279347,0.0300843961579414,-0.00563379301724762,0.00204478438280115,0.0113782685807898,0.00487935385481619
0.00317893676417424,-0.258634450839427,-0.0849694873932866,-0.00291360321531934,-0.0111416063970095,0.00961251302329357,0.0439106384195958,0.00261431359071018,0.0142646217579457,0.00765300049475389,0.0194594194928929
-0.00346820652395721,-0.119152951724588,-0.152451482482416,-0.012014611982787,-0.0186231286385491,-0.0153899769223753,0.00659477760300357,0.0294008794671596,0.0439286910462319,0.0153782536742204,0.056522230572015
-0.019572672055262,-0.0541658863558369,-0.195226936294621,0.00204252087316381,-0.0118643656393795,-0.0360970257010357,0.0145361145098643,0.0170604564824144,0.0598627478457253,0.0276516850231413,0.0571654522595743
-0.0117953108525623,-0.0297034203805871,-0.218613561429549,0.0041079114449935,-0.00362419931774173,-0.0274673017579717,-0.000640726829190551,0.00720285483514795,0.0510159861679967,0.0298060538863893,0.0531048418294903
-0.00611306854217475,-0.000162430859290028,-0.234638084939579,0.0105178790027427,-0.00669049725838363,-0.0200545172112587,-0.0107395324116012,-0.0156930189321934,0.0354962803073915,0.0232210170002676,0.0346206374284089
-0.0130698304654408,-0.00552698041082372,-0.224815902448931,0.00328309273981029,-0.011649697968799,-0.00740167921477513,-0.00668723322432697,-0.0311633521504603,0.0297160374743845,0.00619420922127232,0.00669319710787466
