-0.0198075817887331,-0.086564663080145,0.135110215625986,0.00907253503574174,-0.0008898033113239,-0.0221984403328771,0.025151150302202
-0.0180821182536276,-0.0942153247656857,0.138781055091994,0.00597538926565508,-0.000142884311292794,-0.0194192259548038,0.0282977610880322
-0.0187681212687213,-0.0931944993262218,0.135438853502295,0.0100829149734987,0.00179352818198638,-0.0202186261691931,0.0305449791524945
-0.0162364905410829,-0.0881194608330237,0.130443710962657,0.01801270861471,-0.00102911346621941,-0.025301084527418,0.0274953938276968
-0.0096251003015692,-0.0795431349886022,0.128246056033855,0.0269255790841836,-0.00458685516588483,-0.0273966754656987,0.0249493549133596
-0.0088074098461652,-0.0708814512848237,0.12235050357501,0.0331874986950997,-0.00704300464492368,-0.0321975446627219,0.0220463059310261
-0.00924972511653024,-0.0633678108911242,0.123928833048946,0.0368880265474517,-0.00989299209534204,-0.0341057618687605,0.0221134333464873
-0.00763013041903164,-0.0548140820272863,0.123849401195315,0.0406532072536551,-0.0117773001492684,-0.0347070723015843,0.020850903614135
-0.00579403080936289,-0.0474424571107648,0.125064792801343,0.044710319296191,-0.0121081036632631,-0.0355709804893109,0.0188068657499954
-0.00137061349689377,-0.0379840832840312,0.124861601114732,0.0482759514720473,-0.0127155770621547,-0.0335037834615491,0.0219489646747134
0.00883882145456992,-0.0260564898351756,0.131693021243013,0.0493000022905404,-0.0164882715752998,-0.0290920325247452,0.0207762802964651
0.0165755687777369,-0.0141650897291167,0.131588358231066,0.0549931116085141,-0.0193188570479794,-0.0272899720398148,0.0204278871890201
0.0233170670066387,-0.00923067182111623,0.1323790770637,0.0558644780061871,-0.0225471957040339,-0.0243691931241519,0.0139868958914044
0.0280098645924401,-0.00101457012061633,0.141743204839361,0.0562914866656251,-0.0251101858004435,-0.0181360829407058,0.0107814849657738
0.0348065018461843,0.00362849894570151,0.136157991548023,0.0512326900550249,-0.0273424081747715,-0.018668071827459,0.00516147328913196
0.0387824086469976,0.0135650396538976,0.135672182381807,0.0480242320528893,-0.0318035236992661,-0.0191893688817199,0.00238210470501944
0.0405778411985913,0.0140902659175059,0.132845170534224,0.0482783655417885,-0.0335447899112453,-0.0215220474457382,0.000417477887295499
0.0408884037061211,0.0195301989999494,0.133236525648074,0.0442883205763815,-0.0305079618052985,-0.0174993180348587,0.00368763036940223
0.0421962155525634,0.0214220291837592,0.140703996987104,0.0396108689070911,-0.0271552118019427,-0.0133234372771935,0.00177545839411197
0.0383856831854132,0.0242110666137687,0.136824290714428,0.0379234509662236,-0.0234142712890361,-0.0134855107394367,0.00513558280865491
0.0407865035118539,0.0279260308193931,0.132183105627716,0.0392480425695055,-0.0237390328662534,-0.0149036424953032,0.00687819561030551
-0.0258888710120873,-0.091188370989066,0.0945471763567443,-0.0127547997009678,0.00483049461402283,-0.0281475202985434,0.0198311188831189
-0.0191445563522785,-0.0933632395310456,0.0984136819927951,-0.0148627963892505,0.00109465581646212,-0.0248030150793308,0.0194436803938607
-0.017823775550761,-0.0953168896609131,0.0985583938331876,-0.010190395289498,0.00566163324429434,-0.0246739974095814,0.0228914385864434
-0.0157524986414445,-0.0913752344648229,0.0930383995468375,-0.00469540442882448,0.00316253823729112,-0.0277167138003764,0.0238476071961239
-0.0110991711801983,-0.0792179448378122,0.0868040870749711,0.0121561661892696,0.00220146681629879,-0.037426550605691,0.0190482314795729
-0.0104676893171996,-0.0709170725706014,0.0804149330774124,0.0220853639242677,-0.000993112440833681,-0.042790254206051,0.0174937444214858
-0.0112648376359255,-0.058747810725411,0.0803241522123717,0.0240999656812443,-0.00609790103118122,-0.0455012895742069,0.0134717830825138
-0.0111558635063276,-0.046090925689679,0.0742150620957412,0.0332078052507896,-0.00932750655830978,-0.0504570988574916,0.0144871416805144
-0.00678340079764593,-0.0345357323704374,0.0744425712648819,0.038243633392135,-0.0129075298402621,-0.0494808082406949,0.0128917885565914
0.000551925884302199,-0.0271986649572624,0.0765884219809513,0.0394125985623228,-0.0163593815275293,-0.0460387786448285,0.0124677874342484
0.0107845103782681,-0.0138465544023953,0.0807345438846977,0.0423413721777674,-0.0190554618009051,-0.0442484656620594,0.0123378287215747
0.0181831903543116,-0.00185261424535992,0.0817584399626294,0.0427841584772574,-0.0171488534538039,-0.0428816330682599,0.0125500812176339
0.0268028543403422,0.00324935718014392,0.084652021500234,0.04107249863164,-0.0199300739149642,-0.0373032364725669,0.00895158075380266
0.0324136411097483,0.0122145225925547,0.0894655141693148,0.045090778203595,-0.0227705968322955,-0.0365892538680101,0.00452943069543854
0.0411781881643464,0.0204090932777902,0.0868045220851994,0.040205816342698,-0.0212225967345823,-0.035056214392184,-0.00126802405786813
0.042573960755885,0.0294639720005079,0.0860080611267932,0.0386590820292906,-0.0274724692252276,-0.0352136527188611,-0.00325296725952887
0.0412195700975954,0.0327719728407499,0.0873940898401446,0.03885931597607,-0.0294562439171348,-0.036214097180108,-0.00315992731604357
0.0418603507131027,0.0394237632364084,0.0894034901141226,0.0330864427538476,-0.0257361474405193,-0.0302418353064887,-0.00126715757764782
0.0434969504849858,0.04284286622708,0.0937834406840719,0.0330168310988298,-0.0244297798837342,-0.027089742682169,0.0011213799012808
0.0415906004850118,0.0479531597876019,0.0917275386535764,0.0280064829310359,-0.0219706985861732,-0.027456949473822,0.000268084537448161
0.0421002898979477,0.0523998486562902,0.0891401243948631,0.0280014042547975,-0.0227079809794378,-0.0271329669946758,0.0050322514312422
-0.0299237764246536,-0.088155003894562,0.0670021479324993,-0.0173985838015298,0.00669299830443531,-0.0365345230186962,0.0154423965825093
-0.0234130454094581,-0.0916782575893509,0.0695718676414162,-0.0186694127789746,0.00242495966481079,-0.0350932269658248,0.0129589716956211
-0.0216053552721579,-0.090808200808189,0.0651714459170057,-0.0154133655562936,0.0019521822435922,-0.0373767822051488,0.0154279719114163
-0.0226295428956388,-0.0921360662231796,0.0632869919802482,-0.0136199046807071,0.0102275128392911,-0.035865758919412,0.0249112433712331
-0.0135113897065546,-0.0773084179280768,0.0548103244343924,0.00267298251286021,0.0119635196967923,-0.0480403076157728,0.0192188725846436
-0.0127080518865905,-0.0638162312026002,0.0442393722645972,0.0126429076057379,0.00338239988894511,-0.0537796293617061,0.0124996052468505
-0.0074799953822904,-0.0494990501336882,0.0431000004869593,0.0166405628343294,-0.00492464948914071,-0.056924648400171,0.00932542631253048
-0.0052861270188793,-0.0273176440922004,0.036523925605666,0.0271663546248678,-0.0115195461635318,-0.0638607546673764,0.00826757612791199
-0.00268108389151657,-0.0187860895438503,0.0373590284090889,0.03209178033153,-0.0145692069593164,-0.0636766705057679,0.00485559775950857
0.00364215860900769,-0.00885213379532853,0.0370224366137576,0.0335653936916904,-0.0137515935355435,-0.0635175107659174,0.00530235080010323
0.0130169550361375,0.00383996935747279,0.0411892995971068,0.033525469727383,-0.0136291863516918,-0.0603780035673518,0.00730866454279596
0.0203183278603004,0.0207978513683683,0.0412669497543038,0.0362022173045402,-0.0102152039916552,-0.0632643452888681,0.00685581735216975
0.0220189957786259,0.025336910036103,0.043162202357105,0.0350432253636301,-0.0175206222136107,-0.0589711478584719,0.00572325848943061
0.0276431350503248,0.0331107862908482,0.0465818907530399,0.0334915811863741,-0.0193535917331129,-0.0552795303109684,0.00154707570427585
0.0414288558000063,0.0535916634606802,0.0460008202746649,0.0315933588682467,-0.020493228008204,-0.0584848911654526,-0.00609737439132261
0.0419264254625965,0.0594259909415253,0.0449081066732611,0.0290186974211367,-0.0237663038450215,-0.0543130105919281,-0.0067037876789346
0.0469121385380337,0.0691726154312621,0.0478248337441628,0.0269775496617268,-0.0235868578712721,-0.0532745847486333,-0.00752089798075056
0.0463251641126543,0.0762351684099131,0.0522304826604951,0.0234697450762146,-0.0202487769082788,-0.0460162926889747,-0.00178549221880152
0.0505564202199512,0.0805695072355875,0.0567210053057126,0.0205103375697808,-0.021311076023776,-0.0400428718198762,-0.0007993920121013
0.0556773894060311,0.102347017953239,0.0563556008668536,0.0126653180925019,-0.0190479058146329,-0.0406319288076451,-0.0029342142671805
0.0563821184202224,0.105058186665458,0.0563407027729825,0.0113157397237412,-0.0192091286408734,-0.0395918557274109,0.000443698844634582
-0.0302833657812981,-0.0856498933057798,0.0427642699402109,-0.0246843640528685,0.00725552526051932,-0.0361285772622669,0.0170235576068559
-0.0306160261741013,-0.0896652341474889,0.0400903379002145,-0.025988331781127,0.00210665096744156,-0.0392234839926343,0.0139351600270701
-0.0290572147091978,-0.0885379116210184,0.0316061707514042,-0.0226383477702093,7.61290037537255e-05,-0.0476414039177292,0.0110485927670299
-0.0261128010194225,-0.0861744415181115,0.0262185492628963,-0.0162503252001186,0.00346025570761533,-0.0564682750373712,0.00821789136039823
-0.0188643536004954,-0.0714167772422293,0.0184196562486818,-0.00215719913135249,0.00304419473668646,-0.0633283104176254,0.0100800144408156
-0.0166011094354554,-0.0618268089638605,0.0102267345275546,0.00407793651986908,-0.000305868271759425,-0.066439700508627,0.00954810705243896
-0.0151098612146459,-0.0492839054426645,0.00988947512765932,0.00932777061696896,-0.00657783854713486,-0.0655702608571983,0.0106120885938229
-0.00684420722689348,-0.0203773726809312,0.000173421183094742,0.0191125380670574,-0.0128968294841273,-0.0732507391283114,0.00731748924699522
-0.00585455696364539,-0.0107387280364396,-0.00132537620520991,0.023872132140143,-0.0148332091013167,-0.074472356949479,0.0049071053357476
0.00233596398826278,0.00012014691340948,0.000768634152638916,0.0267274158997099,-0.0143373051652414,-0.0731002116107975,0.00400933782496237
0.00978249296446555,0.0122335640977089,0.00866558021761708,0.0244776920978634,-0.0144779346301354,-0.0684993828248988,0.00333482840884041
0.0170157842640105,0.0334292113414278,0.0101015039812628,0.0266856216707057,-0.0114319586334454,-0.0706983969657839,0.00597374035038738
0.0164203736950481,0.0394361812269367,0.0133242367707121,0.0280206049866128,-0.0148645170265546,-0.0695505289607075,0.00794829912793442
0.0228145472458266,0.0486631344159424,0.0162355911037395,0.0301377665664814,-0.019254507896322,-0.0662928596986513,0.00547411750693738
0.0347371624829755,0.0633268161890177,0.0205756432051639,0.0237379744531074,-0.0216147828813048,-0.062535186155775,0.000524032495242336
0.044156842264717,0.0899528104215505,0.0220733412844812,0.00779346387176775,-0.0178850083342535,-0.0586279479853582,-0.00240028466451687
0.0444980107353589,0.0958357661519577,0.0233181771154804,0.0062166955694951,-0.0198689268405581,-0.0572457427467941,-0.000945818909878071
0.0513533614288384,0.110377277903482,0.028956596632098,0.00144288215282102,-0.0162260057634004,-0.0502244176616077,-0.000755874958037846
0.0519505023475715,0.111321888737821,0.031151418197047,-0.00120783616259674,-0.0155245556097469,-0.0470157273300646,0.00109553164046873
0.0507194493969486,0.123229562144806,0.0312727609613538,-0.00836260472814894,-0.0122907551612151,-0.0451790796626779,0.000843437011721331
0.0469795125588419,0.12228551635093,0.0349620295753925,-0.0104087683207522,-0.00996494259783392,-0.0419095626396076,0.00561596282953451
-0.0297820495501991,-0.0837204891700209,0.0244288051778479,-0.0248488537689332,0.00748615451431687,-0.0353683390519762,0.0189218337859427
-0.0308894243071255,-0.0851521746262871,0.0157003580309301,-0.0271002385836574,0.00201708254527267,-0.0433184921998059,0.014816721651559
-0.0313560109477887,-0.0857871825363977,0.00414612690758448,-0.02390934370341,-0.00123608364661637,-0.0554798671661118,0.00709395578539765
-0.0313992947038,-0.0821552445743074,-0.00102991436415993,-0.0176000505492055,-0.00179182593755609,-0.0628533389514463,0.00563515890545836
-0.0309719054397011,-0.0704621796249117,-0.0124977774060062,-0.00675435288629842,-0.00356565028991138,-0.072356737445949,0.00929585003718936
-0.0266683927402719,-0.0579376613215303,-0.0192923655438999,0.00231391800986828,-0.0111828948489676,-0.0729661753876173,0.00983601438821962
-0.0214228189487044,-0.0435377631369172,-0.0310885696148131,0.014856930613202,-0.0158479928463944,-0.078770705863105,0.0107164664640267
-0.0156315051099378,-0.0259834842595958,-0.0323451246300586,0.0175395255787318,-0.0180983324181393,-0.0814039380217128,0.00877149872591692
-0.0137296713712638,-0.0159475815182228,-0.023893583032157,0.0141397545903268,-0.0174259543626523,-0.0761434603708339,0.0082410998979564
-0.0089447646153315,-0.00891627443448101,-0.0241542254557603,0.0158656245148187,-0.0154258256993202,-0.0747217324090784,0.00854550081814515
-0.000639979912836753,0.0154240882166515,-0.0259977316573833,0.0151243919995101,-0.0140720306923306,-0.0774323575307286,0.00731566485693229
0.00384732968099095,0.0429992787109359,-0.0240148385906251,0.0185293930131177,-0.0128611065487452,-0.077815871352926,0.0118411809821364
0.00587213299070417,0.0535800192742059,-0.0179889371089733,0.0195149202035659,-0.0142365401838073,-0.0756246542352607,0.0126447631135218
0.0196082489476533,0.0881303912200285,-0.015819297461826,0.00792021199410619,-0.0123900990090131,-0.0764526923300013,0.00911280297810235
0.0304193403319937,0.0985573450468563,-0.0079774730460501,-0.00233966985446328,-0.0141185835619234,-0.0715238378002398,0.00476833286196894
0.0337383580334498,0.107885757489133,0.000339564489553324,-0.00894527969823661,-0.013587014665781,-0.0653678764180189,0.00321900743315762
0.0374372842535723,0.11136126588186,0.00638019832954775,-0.0164772488437412,-0.0136396230771423,-0.0587010156138076,0.00230148453573419
0.0415963797030779,0.1167338492719,0.0126230420553831,-0.0210407360946631,-0.0102056572547714,-0.0498479271192171,0.00478158801413783
0.0385942368550328,0.120057092339012,0.019092644720456,-0.0263056082855669,-0.0048870791972734,-0.0451524073178056,0.00467381388320221
0.0410816239026784,0.123930664282103,0.020686448155085,-0.0285834004423344,-0.00409752224794272,-0.0409629626491295,0.00641306765956665
0.0365407780445233,0.122007850444744,0.0243333028999614,-0.0299741277998033,-0.00250704810700391,-0.0372767583614323,0.0104593013812835
-0.0196541732277494,-0.0814223607581314,0.00184524827565808,-0.0296730219625185,0.00242438219010439,-0.0380499393745976,0.0102672262136961
-0.0223287832739356,-0.0824296980297792,-0.00538146991240404,-0.0322124469242531,-0.00149789312534951,-0.0444711380265055,0.00856079951250342
-0.0221772082083389,-0.081289299553428,-0.0150437744855708,-0.0275778266851786,-0.00591512207632604,-0.0549129085084732,0.00379427220031422
-0.0252052251467441,-0.0787853642554921,-0.0225915807196569,-0.0221013830379586,-0.00770695271546297,-0.0639290487389341,0.00223487303365704
-0.0297886860953755,-0.0743894365206985,-0.0319041451768554,-0.0146383775903591,-0.00571787303213771,-0.0717035548229918,0.00835400153348913
-0.0269578058973505,-0.0561701150515113,-0.0572623301310452,0.011265197145751,-0.0153921896502446,-0.0844942255591323,0.0130572490422058
-0.0276475732549986,-0.0409461336486841,-0.0601630322252985,0.0169940037515477,-0.016995703727879,-0.0846347931711929,0.0181711031267094
-0.0228951550487417,-0.0242174976185913,-0.0659962500548918,0.0240480827476662,-0.0185285473232903,-0.0894015047437229,0.016721459370699
-0.0202000537125424,-0.0117731669072361,-0.0598545045729487,0.0238196719899575,-0.0173956343975526,-0.0852091530072752,0.0168596142503399
-0.0153542228970392,-0.00421926838765347,-0.0603553543803615,0.0253672657560143,-0.0192022956969587,-0.0822463420845553,0.0169057184016206
-0.0146169797531825,0.00486539408322081,-0.0492235139182095,0.0148075008591756,-0.0148713760870428,-0.0748003833379253,0.019387743490009
-0.00666479677038003,0.0310621654165109,-0.0476666282451006,0.0167328851270801,-0.015506204163091,-0.0743915095329127,0.0218019705699788
-0.00201347785636604,0.0560937813550274,-0.0485065566647282,0.013551519648971,-0.0135367325562583,-0.0768538724687582,0.0212278371084554
0.0081314947682537,0.0893169360343025,-0.0359880768621357,-0.00828639786440555,-0.0077190165953047,-0.0749726789847401,0.0188282704603319
0.0150724464717217,0.102442170078766,-0.0258633053842622,-0.0206011072966829,-0.00734072081313541,-0.0711716691335371,0.0116578439551048
0.0203936949327239,0.108027129070308,-0.0156760223979796,-0.0319218103815659,-0.00556917815388229,-0.063079936916955,0.00865999631517915
0.0234698903671851,0.109597762683828,-0.0100454341558327,-0.0373084036709222,-0.00397714111533601,-0.0572612289116416,0.00777528842484075
0.0225527340272233,0.110809727693963,0.000951241563853875,-0.0441642970028698,-0.000787308352081304,-0.0469684630877499,0.00895837827682835
0.0298682225319407,0.115653226180076,0.00592600573226696,-0.0502930670930328,0.000270267913295703,-0.0411876101047878,0.00741705373466597
0.0278349037916688,0.120047050925198,0.00975006799592523,-0.051888682612867,0.000837636288586272,-0.0375761598394873,0.008316563361595
0.0219568793857634,0.118478115929072,0.0109829069438763,-0.0549954169353837,0.0019343701111205,-0.0336565016390336,0.0126843524482735
-0.00833854210697638,-0.0759212604445537,-0.0177587024381522,-0.0316378156172954,-0.00187343432673638,-0.0364876183080114,0.0069038003214569
-0.00957247666987101,-0.0772252784572401,-0.0321226081770755,-0.0292240363203797,-0.0072346756157874,-0.0484597748535954,0.00472353909718276
-0.00886980371282913,-0.0750571096899608,-0.0388072640857782,-0.0285140239088275,-0.0110582987826804,-0.0571243398433284,-0.000465023695138487
-0.0141970289486894,-0.0704912990359885,-0.045000687681656,-0.023468698588461,-0.0139018201792662,-0.0639812172331929,-0.00112166826314274
-0.0172186705332428,-0.066752841142308,-0.05107729834931,-0.0151542922603937,-0.0155400262489183,-0.0674077396246059,0.00377964258959073
-0.0175665015121565,-0.0535899062000301,-0.0721729234902369,0.00510825072158911,-0.0213159845212509,-0.0772577616440289,0.0119858486649551
-0.0179378298985489,-0.0421473046076468,-0.0751668726224241,0.0134941305283583,-0.0241059737647619,-0.0770995777551552,0.0174479102048823
-0.0173755146970637,-0.0276739711205323,-0.0761931273890561,0.0139730997442268,-0.0251206216275751,-0.0788781547369182,0.0164141931448893
-0.0172821063375659,-0.0154509471082211,-0.0750115191580122,0.0166744628586494,-0.0265323411609033,-0.0764615622959271,0.0185890910901217
-0.0174406200919877,-0.00572317674078941,-0.0711461941427116,0.0210639501728924,-0.0253801979994569,-0.0711608724792768,0.0219456457928063
-0.0155917855198117,0.00569755233742263,-0.0693500098391345,0.0164188679509436,-0.0192680657947376,-0.0689790193833844,0.0272722180467105
-0.012514735439309,0.0276401829896183,-0.0642268751450338,0.0154063114813966,-0.0180388248124095,-0.0650408514164363,0.034223025956433
-0.0093967083789466,0.0504536093466933,-0.0622496942140251,0.00131666437961311,-0.0121582768143472,-0.0651953195844586,0.031620379120322
-0.0128574857906242,0.0600467776736493,-0.0476280338522201,-0.0127713053875258,-0.00847002996322567,-0.0589374628347581,0.0309490979156234
-0.000752190091115944,0.0941790900753242,-0.0386378616625765,-0.0391690089591206,-0.00292754460476372,-0.0616606223663428,0.0188816471103197
0.00696427229057925,0.0964648458485273,-0.0248992323237413,-0.0506267952459436,0.000475971545293476,-0.052103085342948,0.017724461403523
0.00987533365563761,0.0982505917278683,-0.0186295169402266,-0.0569855954061942,0.000560033526665324,-0.0459068393336938,0.0174119790320725
0.0087362712573587,0.105933806777251,-0.00928583096408411,-0.0677513292300952,0.00418817504447855,-0.0404206436346954,0.0158377594288195
0.0114822033149457,0.104679996034161,-0.00314150424841489,-0.076590645991699,0.00448193950900061,-0.0340183244666839,0.0109820673800803
0.0119711125980022,0.11238626002201,0.00217114742150856,-0.0728128018093915,0.00297975935303827,-0.030170928488776,0.0107825758489685
0.00798650098641028,0.115445660714972,0.00768530806932934,-0.0704176901402278,0.004422490198447,-0.0255563807875663,0.0132741848796842
0.0156396489812068,-0.0680101603552109,-0.0327472731134565,-0.0284011806308046,-0.0127516229269154,-0.0292234709520912,-0.00226538924797631
0.0103775321961945,-0.0701912543962729,-0.0487481836655506,-0.0272812760351966,-0.0145433676395952,-0.0425215706611821,0.000126317509428175
0.0111110862498449,-0.0678859296643738,-0.052283875673056,-0.0243305797345574,-0.0227890667193959,-0.0468316887630315,-0.0038622264973974
0.00323227756962459,-0.0636438244492564,-0.0607161687087045,-0.0180372030705806,-0.0269003763724773,-0.054011212246412,-0.00326373095336236
-0.0024858278291268,-0.0603250556698138,-0.0653964676100228,-0.0101747527235906,-0.0238944700681341,-0.0576912427296484,0.00517815478213217
-0.000564775364568327,-0.0551057926807913,-0.0673862963682244,-0.0115474634575065,-0.026608436262462,-0.0584051173304701,0.00437020358412182
-0.00349103477491944,-0.0443337497829337,-0.0668172679287114,-0.00565535504905346,-0.0281244536251181,-0.0571898877764096,0.0108591754784203
-0.0105268151921852,-0.0308887739708317,-0.0659174284090981,-0.00546877610380619,-0.0291009340728448,-0.0576653211509572,0.0160650253991246
-0.0121287265016302,-0.0147124567188166,-0.0789433813464654,0.0134905230844827,-0.0323451742101749,-0.0620139434792295,0.0236584257320412
-0.0148281084784159,-0.00625303274260545,-0.0699688640633186,0.012144819112815,-0.0321506739106461,-0.0481901433446546,0.0337087644708183
-0.014612560088059,0.0022334897019933,-0.0709557466880634,0.00919964574308635,-0.024998264211763,-0.0456748864763199,0.0379985228581347
-0.0151683686906467,0.025615690661555,-0.0585681719706095,0.00651801452726778,-0.0179509605992772,-0.0365430423726046,0.0418924514006917
-0.0191431176385287,0.0337721070288249,-0.0526525107991069,-0.00735555998656635,-0.0127375895770404,-0.0325428198895759,0.0428537860324382
-0.0265450556715156,0.0375019675040985,-0.0526813891356841,-0.0304063132393044,-0.00872156779891416,-0.0404313116099898,0.0417743277432662
-0.0218567415738799,0.0494325440223557,-0.0422738215303853,-0.0467021667327387,-0.0020791782601081,-0.0378914896655957,0.0353621909985321
-0.0192143300156535,0.0454133077286381,-0.0178674226796963,-0.0732863701587229,0.00158939353913405,-0.024346541903595,0.0286800308539322
-0.0048584315050646,0.0758333626416256,-0.0165673180878916,-0.0862512216291365,0.00312985184861351,-0.0236860465776016,0.0256314191876462
-0.00248769131405943,0.0963092919804139,-0.010629620229189,-0.0942786008951714,0.0062551940539931,-0.0221973386704668,0.0249966570536508
0.00319449516301851,0.0970311594827563,-0.00650530508798044,-0.0986176823580568,0.00484314785653243,-0.021758120114394,0.0186970895243427
0.000177601272397023,0.102186979977569,-0.00375917659331051,-0.094863912994274,0.00335923689985616,-0.020268252572567,0.0118150500458857
0.000701318277134539,0.102023118364488,0.00197192959283217,-0.0919958583225802,0.0033060043887689,-0.0179305399646211,0.0100309494709421
0.0333604874747891,-0.0665938364353953,-0.0390232243576889,-0.0296813304693101,-0.0208403306225287,-0.0155074017536659,-0.00269792790914762
0.0421135579411651,-0.0674411668221445,-0.0562324349727082,-0.0306212817800122,-0.0298828459564915,-0.0273420616354997,-0.0104357726483452
0.0318986690471802,-0.0649592922059868,-0.0607406192705667,-0.0281381611772267,-0.031122343972327,-0.0359620675153085,-0.0105720812570064
0.0219418750210512,-0.0570066134325608,-0.0675310741993019,-0.0152412396695875,-0.0321914690173181,-0.0395697455264515,-0.00157073002929502
0.0147074575509657,-0.0543393569904868,-0.0724988091106901,-0.0105017320284375,-0.0315158302384327,-0.0430795134018265,0.00306933199013321
0.0164050009975618,-0.0503959328638936,-0.0718887085839026,-0.00908174476892946,-0.0353059245110452,-0.04000869058792,0.00585709674046512
0.00458553386429018,-0.0441712819237131,-0.0666018927091585,-0.0102617745062502,-0.0309512218950038,-0.0361847647237047,0.0136110359088009
-0.00204336486241017,-0.032263986423842,-0.0622296393116992,-0.0104367579421655,-0.0316848063433551,-0.0353909400554634,0.0205754181575725
-0.004946170887064,-0.0204297438613935,-0.0581208991556012,-0.00901746458006855,-0.0351756445801408,-0.0305956854541637,0.0256267217604612
-0.0155772344565003,-0.0143658094852063,-0.0514093969024621,-0.0175108496279095,-0.0315815224979464,-0.0196240719757048,0.0333694913322178
-0.0173557543577748,-0.00417706749931865,-0.0600489767385117,-0.00745517840401632,-0.0270223031501611,-0.0207003074250877,0.0439820289307901
-0.0225730307837608,0.00566995588541156,-0.0549151353519154,-0.00905994858632109,-0.0215149255933861,-0.0119575760691676,0.0529417025953217
-0.0268342775127444,0.0239590657009253,-0.0405042855611586,-0.0141528670608635,-0.0159067419726461,-0.00294981685436564,0.0541314707117209
-0.0355997244918611,0.0298240387810489,-0.0326814275202792,-0.0287177896549979,-0.00885270847967276,-0.00400834346792663,0.0535323849502963
-0.0308926892985222,0.0303581643379517,-0.0379167062946373,-0.0474302842941343,-0.0097019520201967,-0.0111897559658896,0.0492572529410215
-0.0323525319909506,0.0246875078411888,0.000386087069111581,-0.0864178540319911,0.00140520326321438,0.00901674030042136,0.0426135103010371
-0.033522665915742,0.0279347468946067,0.00431525261597619,-0.0968360388004322,0.0020432840005821,0.0111897149849921,0.0368721239624067
-0.0139587094653841,0.0710949032396436,-0.00342116197374429,-0.110652854926741,0.00014411662065235,0.00263535429156576,0.027762962036284
-0.00819494663370474,0.0764624363022412,0.00280391807663689,-0.119993105048406,0.00217169173452453,0.0026885869492529,0.0208667533354325
-0.00849415376184967,0.086579586722427,0.0180654800682486,-0.106010160292591,0.00303277427161588,0.0109737661550091,0.0176330120755242
0.00208593730742654,0.0926802485941457,0.0251768980427725,-0.104713946594329,0.00228870195170936,0.0135627958904112,0.00763953302402479
0.0651223880607712,-0.0720103585415336,-0.0524158226088835,-0.0365401114413315,-0.0350330664790522,-0.00180226821618436,-0.0176021413083129
0.0756878875130504,-0.0708651710760518,-0.063196481602248,-0.0389539699569829,-0.0444137784740654,-0.0100427636582907,-0.0279351552338215
0.0708682718829716,-0.0643323801500094,-0.0705034727699666,-0.030421017991663,-0.0466084911006146,-0.0174511935450792,-0.0245068083107496
0.0597436079955258,-0.0578593948191728,-0.0814931313525924,-0.019671600021777,-0.047221873539726,-0.0234011271687323,-0.0165169322786956
0.0322431864117892,-0.0458824393687486,-0.0748960945448842,-0.00475921186482021,-0.0374659838133186,-0.0243918907443367,0.00679088077639745
0.0202235580976149,-0.0415344062015255,-0.0717697867605535,-0.00172280840963617,-0.0353720714573045,-0.0193482384106116,0.0195656945420937
0.0138440381219466,-0.0389296421282364,-0.0703697767640483,-0.00643200305722955,-0.0359373061157924,-0.0145644818331239,0.0235663736261294
0.00679534583740049,-0.0300619991452826,-0.0591077569220344,-0.0102061838092083,-0.0367542946609864,-0.00788690343024879,0.0323972893468639
0.00167511696425613,-0.0225474441231231,-0.0503856011138673,-0.0164227571052423,-0.0381329651274582,-0.00467850236512078,0.034122903833586
-0.0130813796672634,-0.014135541732523,-0.044881367640552,-0.0233767428533715,-0.0335941479292734,0.00276748586002206,0.0444708739066934
-0.0180674617940191,-0.0101062279528161,-0.0398332291774878,-0.0284078133111673,-0.0297690955918054,0.012164826171411,0.0489142433302807
-0.0267982568218988,-0.00419586667330289,-0.03106995346188,-0.0341755517494426,-0.0221917960088351,0.0205385051081304,0.0564503036696572
-0.0367362403883882,0.000541065208628016,-0.0214317120576405,-0.048015648743419,-0.0147635465197313,0.0254771810115067,0.0598226762518349
-0.0400786745253077,0.0106650974560153,-0.0109412262207997,-0.0598323264909648,-0.0103990858999797,0.0258450332534571,0.0583377108846507
-0.0409466708123678,0.0172318255779125,0.00540689972903322,-0.0718522524006284,-0.00302386566364882,0.0334688124711299,0.0583207512195123
-0.0397668301763097,0.0127401645541758,0.0123788061621343,-0.0930879590461248,-0.00275349471344152,0.0331996426663508,0.0471009867718082
-0.0413902801864193,0.0124576693085398,0.015014138650626,-0.107839166107282,-0.000354598990257935,0.0335636743831022,0.0411587260063053
-0.0389614300500362,0.0132319279231223,0.0165399740870182,-0.11576323677357,-0.00152893292640706,0.0323726422049815,0.0335856073865447
-0.0258448385023564,0.0349741510934233,0.0179700246286276,-0.128208739406375,0.00116534739432196,0.0285908019950558,0.0239088352100287
-0.0221075127259756,0.0479971849765578,0.0253053059692194,-0.123455437027106,0.00258792432874907,0.0289820061738018,0.0146651477443368
-0.017898911040553,0.0631448255926462,0.0328549318742532,-0.0956150828327523,-0.0116874358909861,0.0392530036838855,-0.000386550590859123
0.0811395594925912,-0.0724038218821935,-0.0553313730154882,-0.0356705973276066,-0.0358611485556823,0.0102260419465757,-0.0222542181029449
0.092267243277707,-0.0700655615262609,-0.0634173759977457,-0.0337910968423781,-0.0419682932733674,0.00507134522311027,-0.0254972716830792
0.082908260347972,-0.0612847455394884,-0.064679449213692,-0.0271019934718493,-0.0461228133743765,0.00251037970942143,-0.0205457736422545
0.0745448993379176,-0.0521190808628936,-0.0773224477366141,-0.0152467956668502,-0.052593851648579,-0.00487912359753656,-0.0126869250804681
0.047322174040649,-0.0404272365836172,-0.0745153839948163,-0.000855707459019426,-0.0460647327268838,-0.00253240606599723,0.00903414008489719
0.0350465100655604,-0.035770885960555,-0.0724449865464285,-0.00195198226641244,-0.0444961611759815,0.000477403537868956,0.0180980438513778
0.0281354663169817,-0.0277944992917738,-0.0629906788223426,-0.00206835897157585,-0.0448359679554109,0.0103296861525957,0.0330701864807276
0.0198152293228423,-0.0196755957777447,-0.0539806527942379,-0.00445093311743791,-0.0485897438813473,0.0164263148888456,0.0402849550793066
0.00781037861439408,-0.0145262563878603,-0.0449094754954502,-0.0111439653541272,-0.0441806950028123,0.0203385985191446,0.0459031813355286
-0.0091053227407366,-0.00877352825202212,-0.0346088118166045,-0.020775573760991,-0.0391419474229814,0.0277812289789757,0.052759486787199
-0.0286028191855584,-0.00562961166930689,-0.0215564388757347,-0.0293016543733339,-0.0269382524332163,0.0368809902749703,0.0620333587092506
-0.038845068656287,-0.00380761517970363,-0.00818428817994095,-0.0363779361562657,-0.0192025311665271,0.0470387269210419,0.0637006816887297
-0.0408835649823051,-0.00363602855900359,-0.00983917792765488,-0.0547470416237981,-0.0175129419574835,0.0448598306596009,0.0578123575451957
-0.0477789972189057,-0.000284246820304499,0.0142901981166154,-0.0640521656530313,-0.00719855875446163,0.0571613263455599,0.0640049605906728
-0.0492534409396694,0.0058708946100594,0.0332800276563865,-0.0762201961947753,-0.00172426942325101,0.0672975061767206,0.066015729273405
-0.0498858510304775,0.00392437594878738,0.0338401748884938,-0.0956329228778569,0.000387203907360748,0.0619629932343929,0.0512729371934546
-0.0513876123681162,-0.00516313710016256,0.0236998731614491,-0.112728530346083,-0.00221711959115785,0.0508343581309262,0.0369351926468422
-0.0487563149084307,-0.000797447245153067,0.0236692975039841,-0.127037441176138,-0.000958281740341962,0.0457262515849832,0.0251160407603929
-0.0451662285232213,-0.00459507790239931,0.0240591130828731,-0.123916297241257,-0.00255033278156381,0.0417787560139035,0.0159329808646492
-0.042018825387523,0.0115871959720183,0.0284877653904021,-0.106100839342926,-0.0159408427542879,0.0438850594301989,-0.00183313085500579
-0.0230868045014788,0.0135620551476671,0.0365383063996321,-0.10399601860045,-0.0167148101956415,0.0491987579067699,-0.0152435255156379
0.089050553133447,-0.0665643026952933,-0.0520562431179337,-0.0297842579010318,-0.0357229870527748,0.0255488729072552,-0.0132284860776099
0.1030415614833,-0.0626929099743074,-0.0551526983426892,-0.0284174447061593,-0.0427994011980471,0.0243833685903025,-0.0181990746006791
0.0988963356402419,-0.0504901477598829,-0.0627350778957378,-0.0121124385130376,-0.0462226496692283,0.0170547508323837,-0.0140001097242777
0.0923287481703096,-0.0397204283856394,-0.0675442883575586,-0.00226190541141286,-0.0485863360346123,0.014779953222094,-0.00811740957386878
0.0662107200034775,-0.0264844863127217,-0.0683081884564363,0.0124112296501544,-0.0439207325290668,0.0133726718722363,0.0172714203905907
0.0553457938008943,-0.022421921550937,-0.0597700296934315,0.0085119311204925,-0.0478914676623082,0.0264280082772227,0.0262483311571948
0.0378285820638905,-0.0167243314653967,-0.0527441537356552,0.00805119340835295,-0.0477656347315874,0.0322034774875053,0.0367910311233809
0.0222782576424255,-0.0102704698058051,-0.0454901599199074,0.0122112977972815,-0.0481042384354165,0.0390356888792937,0.047856920455023
0.00988600012035609,-0.00426506864978235,-0.0358440344837962,0.0112748383408078,-0.046997570546389,0.0421466922021142,0.0530329913944951
-0.00808291994385196,0.00108945303196425,-0.0270666518633867,0.00824697218705777,-0.0511059886163774,0.0481487223511179,0.0560123101854634
-0.0270004765308532,0.00180449078249915,-0.0126692492345086,-0.00609346588266671,-0.0419700671337575,0.0577875164598753,0.060624579277493
-0.0464860828395521,-0.00277977977328175,0.00234755111757624,-0.029330232718756,-0.0219481986349525,0.0659490693032911,0.0694272051082078
-0.0520386376748145,-0.00357788778643333,0.00902942334050773,-0.0472399504769325,-0.0150311567192227,0.0681339105797745,0.0649038673439823
-0.0537013866820887,-0.00304041482567139,0.0197651722028266,-0.0592720758823582,-0.0102362058062247,0.0697219010020835,0.0572007661292641
-0.0581582849227459,-0.00358604356040916,0.0401222889762118,-0.0687505664868053,-0.00243108524024041,0.0805485945116409,0.0602812238558087
-0.0571140819211886,-0.00410819058751286,0.0431000355546148,-0.0867243673178529,-0.00211183060809629,0.0763306390981659,0.043884346743419
-0.0557521713679513,-0.00928698069081647,0.0333598173372281,-0.101643458723084,-0.00593733273477769,0.0642210124774211,0.0278593721283351
-0.0516140962300585,-0.0103919607151958,0.0309370694341857,-0.111327977986961,-0.00901544765606585,0.0576802733664889,0.0109658178665206
-0.0461478624785938,-0.016012864238655,0.0343283455953269,-0.116338770916784,-0.0144838974019671,0.0556721252465462,-0.00301150540561523
-0.0426828202240983,-0.0121004052154514,0.0356753836662777,-0.116218686360723,-0.0131436543897131,0.0515105695047588,-0.00807160713852421
-0.0252192219497037,-0.00666994460123449,0.0404555169856084,-0.0971883846128076,-0.0261642028395792,0.0543994576982745,-0.0350698906502765
0.0806597308266319,-0.0542900788370002,-0.0361566346931202,-0.0178820354957975,-0.0117655645416624,0.0391005986312551,0.0149396164097278
0.100771524301161,-0.0450098866412449,-0.0361435899386054,-0.0101262601301278,-0.020370686999036,0.0398992910880939,0.00254102494499881
0.10645292355354,-0.0367735955231587,-0.033122820696461,-0.00846228090119697,-0.0129364161310678,0.0402280668407366,0.00556986824501953
0.100698149926795,-0.0241380284291192,-0.0407017265960216,0.00654540793816789,-0.0197916486306236,0.0356862941469285,0.0121300057877416
0.0863865972206837,-0.0152467455219537,-0.046372390486748,0.0153707026914007,-0.0208594970714962,0.0359606463212563,0.0248727382781647
0.0659949512529171,-0.00193333335085529,-0.0478304308620604,0.0391170828102244,-0.0362912778605517,0.0444722299859891,0.0376269089349525
0.0326023225977103,-0.00291622900222927,-0.0420040532888622,0.0337649871349506,-0.0418525472183514,0.0510709930036022,0.0514238447041328
0.019214588564829,0.00386826794696386,-0.035064433886124,0.0449087164111206,-0.0483672892811007,0.0561901166722756,0.0526422595940599
0.00283975593681156,0.00733406205655218,-0.0279991033260174,0.0409055709102042,-0.0484516114461835,0.0596325944133842,0.0589165360929876
-0.0106044058933856,0.00842458197564892,-0.0269390856566351,0.0347754485299679,-0.0507994208130705,0.059254021338557,0.0543468163396491
-0.0351663861070017,0.0100280985496874,-0.00571558039827137,0.0347357198378863,-0.0531891450974782,0.0763822911475246,0.0538506176345441
-0.0553314044497177,0.00558711186097686,0.00631374367481481,0.0134918105245047,-0.0359369989320498,0.0828655678269468,0.0640013986504229
-0.0571245445068819,0.00342856386119999,0.00257305244308772,-0.0128505514124292,-0.0349573951955098,0.0752507099797198,0.0469657844526859
-0.0639928945530833,0.00165070198821413,0.0217540225150833,-0.0201448831374262,-0.0289718920863735,0.0809322070998376,0.0382291315647401
-0.0580995816477396,-0.00782815401645823,0.0421797920830567,-0.0560091677505592,-0.004832941160645,0.0831249749231534,0.0398747242728818
-0.0601037183828586,-0.0104440523169022,0.0502142427812382,-0.0724387195185607,-0.00364759074094189,0.0832651434861231,0.0295211076499821
-0.0586584961164019,-0.0123133542211554,0.0398658719176852,-0.0885335792074434,-0.00693254004902214,0.0706646268930391,0.0138278493168375
-0.0540429310764919,-0.0163643773480821,0.0300698728478383,-0.0996584777341385,-0.0152913717379012,0.0589856384111702,-0.00670340691176129
-0.047966414792326,-0.0177655159500035,0.0294695900416939,-0.100341893135367,-0.0172020866463182,0.0508676977850218,-0.0229988102830264
-0.0411675100338568,-0.0158589044123834,0.0343979837000255,-0.10619751627869,-0.0158298002493379,0.0472413652757523,-0.0322176613838412
-0.019699636077206,-0.0177815531262152,0.037363443333214,-0.110444217687847,-0.0166856061276031,0.0483459255300283,-0.0490708390864757
0.0876396048497245,-0.0418104357600398,-0.0207443873155737,-0.0117769602497795,0.00394201356502844,0.0502684537481198,0.0222930428163638
0.0963612736022002,-0.0335105754699945,-0.0192161913621177,-0.00260170980891153,-0.00227409447382445,0.0540126332980143,0.0176724332188283
0.0969863238503926,-0.0224625919891742,-0.0204282253064687,-9.33218683952797e-05,-0.00265739842619742,0.0525720865897843,0.0211959600950095
0.0994974773561802,-0.0140152761318803,-0.0265193675813295,0.0135336933980427,-0.00783650933048062,0.0493735337432293,0.0209430737170456
0.0853498678252825,-0.00390010942747342,-0.0327465457259973,0.0342622725176464,-0.02314332842908,0.0513639408332141,0.0266341259144358
0.0588025441465619,0.00096003557578481,-0.0298949257308584,0.0459457314263603,-0.032111710287214,0.0626439283892106,0.0401442475807889
0.0285845060155742,0.0143457151625023,-0.0272110525419537,0.0802782526370281,-0.0474522305360355,0.0708963380023897,0.0445017428317415
0.0133122216763344,0.0241771606966922,-0.0235225456541871,0.088582506529232,-0.0545113947964111,0.0735658377007627,0.0474014121735269
-0.00282267822177616,0.0221697432789549,-0.0220646812666228,0.0857369859624704,-0.0572258600547071,0.0695563713229591,0.0462703228262778
-0.0215505205459945,0.0203074664159148,-0.019330354441208,0.0729424853623384,-0.0521078322024601,0.0672034299490516,0.0404756045556199
-0.0422447120107792,0.0214013032975411,-0.010978199276328,0.0692673925903704,-0.0543743119209687,0.0702327986045464,0.0382027687639539
-0.065765774607763,0.0121956477801595,-0.00707421589799321,0.0544661897922958,-0.0453971000993862,0.0690387511985586,0.0397257606014426
-0.0665144348178013,0.00712834448873525,-0.0113067222242168,0.0360532424352401,-0.0457297279690543,0.0640748832216897,0.0270274399293799
-0.0745307577748015,0.00382257692929942,0.0186227980999239,0.0218859638181134,-0.0352106467624441,0.0761565286454344,0.0220345521890912
-0.0640638870047804,-0.00476214879987969,0.0325545577690183,-0.0090279625846644,-0.0273583637736682,0.0772884805513714,0.00213845947490645
-0.0676624016808282,-0.00601991856973933,0.0444294064391313,-0.0201488467861071,-0.0233780374514966,0.0816614276796383,-0.00396463992349081
-0.0681219296457496,-0.00849702615539983,0.0294144596561194,-0.0434624703830066,-0.0271830420274427,0.0627213246907059,-0.0334314936247463
-0.0641319354226139,-0.011322684446661,0.0208242800345662,-0.0576478639835092,-0.02680629529079,0.0504048408945892,-0.0454091146574798
-0.0564273540344173,-0.0139575381811048,0.0215528863026005,-0.0601127839260304,-0.0319352354749816,0.0456571698720788,-0.0605716113847954
-0.0399711191195313,-0.0224629835076156,0.0266348885220481,-0.0982519070913314,-0.011412440873547,0.0394431120780403,-0.058812221479174
-0.0113541286986917,-0.0205176050916466,0.0311471432997471,-0.094239656919706,-0.0222150783914788,0.0464529182107694,-0.0695540635732039
0.0878470621099597,-0.0335845935088435,-0.0141350008915284,-0.00860289891517496,0.00897187020488186,0.0586268678856925,0.026325411386423
0.0970954001831205,-0.0187126112531277,-0.0102793502751491,0.0050227993133308,0.0073676590470528,0.0620870759348478,0.0253037893339026
0.108991091743648,-0.00959249976617098,-0.00527725013455893,0.00802132320239586,0.0137624582997365,0.0658085279146928,0.0213050805578563
0.104039421085758,-0.00356457579291106,-0.012284260235673,0.0184611089201943,0.0101380450546908,0.0639733317193538,0.0248729353577898
0.0811400384762677,0.0101465072492385,-0.0168400190882933,0.0593864785231453,-0.0155640228462075,0.0708901407670368,0.0227741335955367
0.0475302465633011,0.0205330409257474,-0.0200884988148822,0.0908283755757957,-0.0389902222682795,0.0763885456035071,0.0329283602743338
0.015858557683423,0.0211094079901081,-0.0198995583714398,0.0835229599239144,-0.0348252168130389,0.0760023039437608,0.0404786696670406
3.73768500467162e-05,0.0272859417891236,-0.0175208423721428,0.0939693059009235,-0.041812553579717,0.075806239303869,0.0400539911208786
-0.0170208422414504,0.0258078596074207,-0.0191657048226694,0.0930009544586875,-0.0436485894643431,0.0691796474233341,0.035943456080168
-0.0306919077405075,0.0241064186488236,-0.0206940309365361,0.0944026958300873,-0.0444409681646543,0.0652485227886457,0.0304634068528561
-0.0494769832487753,0.0200214024138272,-0.0159598656451699,0.0868404778638311,-0.0380985804006688,0.0606618432832402,0.0333768816616879
-0.0680397489298739,0.0147594684655543,-0.0182690858180177,0.0784844522931186,-0.0380716800280723,0.0540972274424825,0.0264468023221467
-0.0705516578295152,0.0093973216999927,-0.020364709079493,0.0575741255263518,-0.0411255414604194,0.0516057236236219,0.0130355908264517
-0.0755328308591591,0.00455037795621233,0.00239162571140623,0.0468426034572352,-0.0302341379815656,0.0612101714405363,0.00896576347775693
-0.0640531062764826,-0.0012030386028842,0.0247515178397189,0.0203164904368932,-0.0324783669551578,0.070378669246397,-0.0185237233936443
-0.0633233589954749,-0.00479518432970802,0.0315689243841139,0.0027314628229298,-0.0297195239444017,0.0673497293887576,-0.036295379676803
-0.0569543074345325,-0.00503879250235203,0.0213408676674388,-0.0119424881137165,-0.0367699608214014,0.0572438781100731,-0.0558453171148116
-0.0522228670773614,-0.00438524155767015,0.0138046307711274,-0.0242603720917657,-0.0398648734759005,0.046717983786153,-0.0757093445852602
-0.0395941397033069,-0.00025720309876391,0.0151132972356328,-0.0200174814126155,-0.0487474045212618,0.0479429093964888,-0.0810980580871825
-0.0304123435006785,-0.000487472487879162,0.0179699433720353,-0.0246488994691963,-0.0497416173130357,0.0456468745876045,-0.0885684929592776
-0.0202483097813567,0.000186634701393426,0.0176269755295633,-0.0302217655235421,-0.0516028543932347,0.047004643956117,-0.0956980110686081
0.0987892154799681,-0.0245259856411757,0.0012235735480485,-0.00835156970020201,0.0189236908437296,0.068641344474071,0.0236705010377351
0.109158815859338,-0.0136392994769974,0.00386424795405312,0.0118913375309873,0.0276842355634771,0.06933315631267,0.0165246990784678
0.110824596866803,-0.00657843207115775,0.00473294678904746,0.015049486275808,0.0279245373522216,0.0714027866823553,0.0148885291839717
0.100710687144908,-0.00236747843719731,-0.00220170671131079,0.0209701129681009,0.0287270759847505,0.0674785967507535,0.0181645747757991
0.0840859960154674,0.0115265055268576,-0.00601009960468496,0.0602260074766439,0.00431722521599159,0.0746412252844614,0.0160676664952763
0.0493691911978544,0.0182195851137086,-0.00845909082257417,0.077446087398791,-0.00984560381486617,0.0785603446036433,0.0222078893883591
0.0119385404003865,0.0239703887127686,-0.0140327826944724,0.0867308754726489,-0.0184802486307434,0.076100938820746,0.0313083801792714
-0.00617357210756179,0.0311108906143017,-0.012021361556337,0.0909953433131008,-0.020015497397221,0.0720275793586272,0.0316094701445358
-0.0196467957295361,0.0329432008403388,-0.0169666883603772,0.0927653761890854,-0.0204853083184945,0.0626443327920609,0.0261610480685176
-0.0357092204404007,0.0287026059336793,-0.0203793407199363,0.0966984988587996,-0.0169198255316034,0.0557925370627408,0.0239634691656281
-0.0611476545802394,0.0234043179409507,-0.0194306023146556,0.0920584231198973,-0.0193981090574442,0.0508276985157004,0.0227568072250043
-0.0776796840576387,0.0216257331172021,-0.0287741821099825,0.0965529811672552,-0.0229307329529915,0.0405307433456119,0.0201906629940381
-0.0845420624671274,0.0195074776790704,-0.0257959659243633,0.0874094004451862,-0.0275202161894978,0.0380658014330738,0.00915454581746712
-0.0799081875085121,0.0119259270126167,-0.010234633688802,0.067140755998453,-0.0281208818088846,0.0439934719633763,-0.0105957537268164
-0.0609317506465184,0.00466758003495694,0.00311305620820208,0.0375651989710273,-0.0310048499228548,0.0511585851507504,-0.0377442256230999
-0.0507571527920147,0.0018828317322228,0.0201207654683219,0.0182779800617286,-0.0303516631728269,0.0563946025251427,-0.0588920462102716
-0.0418052392413864,0.00270128346542733,0.0133023828347195,0.00438371211942702,-0.0395343921246933,0.0478238430179614,-0.0832129429197513
-0.036962095427676,0.000932597827467814,0.00752146444697252,-0.00628033140264717,-0.0461187521901392,0.0424137792997827,-0.097494861465198
-0.0290894317665781,0.00252618852238154,0.00777085687484635,-0.0115589790259246,-0.0478633489467505,0.041319924889147,-0.104963126288904
-0.0190581903484037,0.00124053457287278,0.00896708762004044,-0.0140287505695351,-0.0494805499381174,0.0379708733413923,-0.109736274975014
-0.0122391459236786,0.000923790420038981,0.00867145633377352,-0.0185007339138336,-0.0550374869342333,0.0389294526900452,-0.116048293617779
0.117616692030843,-0.0282644025562887,0.0101639125951181,-0.014449134006541,0.0379325841730597,0.0698285037504899,0.00850644540462103
0.119857775237985,-0.0184852934641489,0.0161974217460365,-0.00157754993582172,0.0439684047389826,0.0742338239586755,0.00460419157405948
0.113780488805554,-0.00823417105314676,0.0113635031222158,0.00430550673818221,0.0538084011130552,0.0687551484253096,0.00539665272412704
0.0976519619314819,0.00202106176763514,0.00279413259508517,0.0314359549660461,0.0444921572181368,0.06629923944822,0.00317378217714687
0.0814161986227663,0.0095536491016755,-0.00333801766957199,0.0462023404994988,0.0342543821490697,0.064934477621629,0.00848768364326663
0.033202154480067,0.0180497118211673,-0.0105086258859486,0.0757310494847139,0.00797051118994046,0.0686076503538251,0.0182762827593914
0.00343651463295195,0.0189322532527409,-0.0119773986357164,0.080054736357723,0.0106832291033626,0.0663145621587205,0.0272368499541804
-0.0125819189047351,0.0267269604133978,-0.0146918255798601,0.0871591469685341,0.00595143975703203,0.0609717443099493,0.0271785978094325
-0.0291784069660072,0.0317760319676846,-0.0179853294210796,0.0888135859279411,0.00419346866821251,0.0544238331619372,0.0210826946100865
-0.0579312568620125,0.0267832313381477,-0.020211491088825,0.0911186334739285,0.00967435479213509,0.0453764131909864,0.0227879515039492
-0.0777948943660619,0.0246832724602434,-0.0246885382420366,0.0920598651410362,0.00893701357980764,0.0347904467017529,0.0176642812369476
-0.0891435282141659,0.0221775946957427,-0.0305712195715171,0.0969821777196208,0.00024707942319458,0.0273005762924521,0.00917780555333294
-0.0931404553685318,0.0246349674358509,-0.0320391779417236,0.084788627738586,-0.00628397026032716,0.02527285368713,-0.00138222366293163
-0.0730807841695744,0.0177719876938677,-0.0157567095340946,0.0666337107808739,-0.0130315546015001,0.0329310910202204,-0.029066463735825
-0.0544627520119629,0.0144071274370922,-0.00574119552381253,0.0449735024879434,-0.0170615197921039,0.0387837167089306,-0.0544976397662841
-0.0410916179895224,0.00746612251212265,0.00366551182591726,0.0202856128099341,-0.0222160949459478,0.0398643879317647,-0.0831610096873067
-0.0301279859302213,0.00720931309394176,0.00551224100147574,0.0117043766202577,-0.0312695922746348,0.037443798569021,-0.107860514874604
-0.0217464796416163,0.00216979520598219,0.0042921197895507,0.00320690413201817,-0.0411140577485724,0.0339185065678226,-0.124223263643472
-0.0128249948250913,0.00483688503832088,0.00534325315522004,0.00276286479714195,-0.0422814278363963,0.0352503329568784,-0.12895410163911
-0.00575983846577192,0.00449924547908766,0.00404325218463749,-0.00288314509533093,-0.0444832153470473,0.0311220266580226,-0.134741973182423
-0.00665551574446327,0.00515698372499675,-0.000826966078886606,-0.00309446305657799,-0.0493360034243681,0.0292048363290383,-0.134438148450562
0.114374965340879,-0.02765908992752,0.0141948433514402,-0.0132651154058899,0.0649794955725407,0.0619287763888284,0.00131673192282329
0.112920608035172,-0.0199212299742999,0.0135004487032808,-0.000866307617686984,0.0586166806247188,0.0628628149827557,-0.00271442065489397
0.0987646701725541,-0.0109300998081432,0.00714095259209305,0.00809480739287748,0.0629723673944526,0.0611480191896542,-0.000326142625891426
0.0841557082080816,-0.00844961833009458,0.00292711274038699,0.0165190147765364,0.0698764409839877,0.0543997656567119,0.00281129377905504
0.0585023145286229,-0.000860291378666329,-0.00211002946292894,0.0274178666668903,0.05867852399948,0.0532828529927939,0.0101140719741195
0.0247757023405065,0.00703857513164837,-0.00843752321443947,0.0414508353398006,0.0535556998728333,0.0518684248606696,0.0224746897756505
0.00281692029594319,0.0115033079913063,-0.0106942595724387,0.0457343347016661,0.0538497364630132,0.0486703035181619,0.0290143929189707
-0.0264988892013554,0.0237887093011836,-0.0123585649523623,0.0690272786554051,0.0461513986890471,0.0445795819398437,0.0284112128864418
-0.0430237138076737,0.0273359239276709,-0.0150514992854697,0.0763315999333652,0.0416571141792742,0.0395455088361785,0.0203744502157417
-0.0705842434235183,0.0250875994309279,-0.0205579687243318,0.0790434854784207,0.048053057249706,0.0276939453099551,0.0205642587097772
-0.0860962610217461,0.026617622083811,-0.0303536343776174,0.0874967895895744,0.0411670100054366,0.0168478704642389,0.0137254800150013
-0.0827485041242511,0.0275519152830126,-0.032094904627685,0.0918451453567493,0.0264147641285596,0.0163738012974301,-0.00158628543622762
-0.0759209564944414,0.02831469875133,-0.0282628621041499,0.0822500777770337,0.0164314184297762,0.0151746612068635,-0.0245048516139818
-0.0603951025618023,0.0243295439912514,-0.0237705808863274,0.0650276415004618,0.0108181486245735,0.0129894466513133,-0.0504675210155332
-0.0451676619480384,0.017125554976211,-0.0146136269467457,0.0435443651035013,0.000421071165809844,0.019590907306474,-0.0757986021372178
-0.0363845283515071,0.010841059944516,-0.00637627723539423,0.0216695770144787,-0.00485296681647129,0.0210795771169015,-0.0998010708204432
-0.0235565496239902,0.00842783860475465,-0.00553779353601812,0.0141949928917417,-0.0180904316593478,0.0192042543422465,-0.123505203146566
-0.00743273194872865,0.00650011458075007,-0.0030501944165097,0.00746621356532291,-0.0325445748991302,0.0247770373664483,-0.143085397034214
0.00727754046353565,0.00512455049980703,-0.00203987795101474,0.0052033238562169,-0.0359937399425484,0.0249529516515996,-0.153677908771443
0.0129618568211429,0.00651558082611862,-0.00377122771076968,0.00398580290813691,-0.039109602365783,0.0224146823267224,-0.159570365194531
0.0111397919123999,0.00696200266041856,-0.00222358600729068,0.00160999884554844,-0.0417012850194775,0.0227331818814775,-0.155462148442
0.12200731805657,-0.0286545488596375,0.0125601803526222,-0.0220085423323373,0.0956842339188357,0.0478436015433491,-0.0123637533387233
0.118490511997362,-0.0210167851596681,0.0164220094351408,-0.0135642499256229,0.0947181095314437,0.0499004830670014,-0.012307753927489
0.0996541534923205,-0.0154609536943071,0.00422937936013354,-0.00398541427585218,0.109340122341262,0.0416924347375474,0.00110463590937586
0.0857012392700713,-0.0132379621050162,-0.00210946852924692,-0.00464262217121414,0.112414529327541,0.0348392914453653,0.00257470966894365
0.0542451068942157,-0.00957117376426718,-0.00555784355898018,0.0029519357696179,0.0996108302057278,0.031748379705362,0.00670869914521849
0.0275195031270269,3.75990587628029e-05,-0.00814303944349672,0.0154933924443209,0.0978480091524498,0.030509382830341,0.0189187085668769
-0.00128377126827892,0.00434979114989789,-0.00636439651490144,0.0171303795915068,0.0998666565548002,0.0308721164072741,0.0302453460182183
-0.0207986851684287,0.0086809051200834,-0.010037829585508,0.0239972821602375,0.103080799263935,0.0198829783927734,0.0304760962615614
-0.0527277641701033,0.0198973017720341,-0.0164921379445393,0.0571371844814354,0.0880277657089741,0.0135069561523472,0.0161512947944036
-0.0723464392603179,0.0266989815493527,-0.0259899876302005,0.074958775236248,0.0768294339494143,0.00833618318038398,0.00880507664993138
-0.0900793804981155,0.0291735747852431,-0.0323473778188969,0.0833520661114534,0.0776796904049042,-0.00323120339570666,0.00527905374623689
-0.0851971154078709,0.0275216812461172,-0.0335500745972534,0.0841694547175184,0.0633178855921845,-0.00210091400626211,-0.0107323934523877
-0.0751903035267322,0.0257695268768404,-0.0299982113015861,0.0744390529851335,0.0479582245674035,-0.00265373630085054,-0.0370315530041277
-0.0657383857820604,0.0222237827678894,-0.0295333887391578,0.0632894754092884,0.0362517331645486,-0.00565767735593967,-0.0600742176554866
-0.0558427656289821,0.0206872400386447,-0.0232163082642969,0.0421162122812492,0.0249781760446037,-0.00320285673585159,-0.0859078799333252
-0.0328004152278746,0.0122882270502326,-0.0141936790806466,0.0236149391010595,0.0153797306909269,0.00386736882714267,-0.112385640303757
-0.0151092012990218,0.00690658859046326,-0.0106001012554162,0.0104885467336326,-0.000855018553494318,0.00655146917299462,-0.135823277309367
0.00165057547331655,0.00681986912389027,-0.00969021009002757,0.0112437396763223,-0.0151083373420989,0.0130995192264267,-0.150185320328769
0.0148351169066463,0.00500821906183473,-0.00605986758632901,0.00676075183986435,-0.0233126867916704,0.0150157702938513,-0.16555705530257
0.0194615337395371,0.0040060601384931,-0.004854784366818,0.00455296973638742,-0.024662401694386,0.0132937630771568,-0.172669679127468
0.0196012968440496,0.00614771927389283,-0.0110678390909974,0.00869341277591025,-0.0257198760823969,0.00876833716744297,-0.172411009669268
0.100240018639364,-0.0232335315694342,0.00619788004097266,-0.0195135834553531,0.135829057951249,0.0277399286473115,-0.000396282379049805
0.0900893198473033,-0.0214139419314741,0.00671303340530346,-0.0140888517922245,0.141810738219317,0.0282431608127625,-0.00096988702690546
0.0713658178013941,-0.0175500301498413,0.0040979158461658,-0.012945478765715,0.151923633221272,0.0229614842563563,0.0105420937217806
0.051251702890078,-0.0196728892278876,0.00206429041726011,-0.0178438003302872,0.154331564785768,0.0213189062173379,0.0158096304913685
0.0273341397633498,-0.0142441138563136,-0.00564489720295051,-0.00770303522273332,0.138486743936105,0.0146083424793248,0.0153682784576806
0.000110663753521576,-0.00663022815087224,-0.00771219162987413,-0.00288770853831573,0.146201105818702,0.0101855347314383,0.0285041798257718
-0.0198083364703269,0.00122442509203278,-0.00700703134663815,0.00326203238596084,0.14544473093376,0.0106181405930242,0.0358401315936554
-0.0312490505260475,0.00235749064832811,-0.0106275708027005,0.00795463079316469,0.148641248617045,0.00159389062329676,0.0288632494583574
-0.0522618544225737,0.00181514374994715,-0.0150933753365972,0.00595243457278583,0.161683822029672,-0.00925974439800927,0.0265695660992087
-0.0695981890897224,0.0142926513486674,-0.0214571448927044,0.0398603496856091,0.125698890433521,-0.00928764672191347,0.00553001420389273
-0.0821755312043261,0.020238198464012,-0.0277275500191549,0.0550118212708835,0.11256931411311,-0.0159882062611124,-0.00679985443046751
-0.0867058483884644,0.0210216351001274,-0.031888665029652,0.0636225761013577,0.103723619437085,-0.021571988989477,-0.0157035156488663
-0.0843107084430803,0.0196277084690302,-0.0372047048075065,0.062378050722118,0.088444419810895,-0.028842581738308,-0.0400812523322333
-0.0601931359479503,0.0121953518132543,-0.0307225997369523,0.0378287551148473,0.0747285134682988,-0.0250470000210841,-0.0648471937311545
-0.0410141013955166,0.00720133441054894,-0.0243331595142524,0.0143543210824304,0.0631321280920527,-0.0194653257702985,-0.0887455916802547
-0.0203522990235907,0.00124342989986835,-0.0186629807253304,0.0022954695960517,0.0517959354382709,-0.0115728280158523,-0.104533563908813
-0.00598738684949961,-0.00274600038545663,-0.0171060860952237,-0.00961772152295455,0.0349903524060258,-0.00886585833753541,-0.126383508105003
0.00680103673970629,-0.00475961408136182,-0.0143536177688853,-0.014239830983234,0.0244475631574205,-0.00581651400228378,-0.138635074539281
0.0185523300286355,-0.00550858065191884,-0.0108472949101833,-0.0200108594363449,0.0132976492938881,-0.000803175912817904,-0.156788728028806
0.0237690970542283,0.0024904883297925,-0.00919807904091809,-0.00217994446304775,-0.0014509473955502,0.00395261081987387,-0.167919956608043
0.0249359049116755,0.000824446735436597,-0.0119884410388449,-0.00204116485622751,-0.0036316774602026,7.00071632299801e-05,-0.171219153624781
0.0817315798637553,-0.0279727933878485,-0.00160615244996231,-0.0239294470931245,0.143346058032327,0.0171333929347435,-0.00713056463383896
0.0736631094001277,-0.0251022185485211,0.00131367235147485,-0.0190464444694561,0.150832131367419,0.017259424274055,-0.00659798091008975
0.0411263706933999,-0.0197248357859485,-0.00349917277708013,-0.0145787944634427,0.156353674919112,0.0102919067653451,0.0075776861170071
0.0305002010048662,-0.0213676289992655,-0.00338870081184066,-0.0229469110457786,0.156455765665829,0.00728687037597577,0.00538471384293704
0.00195160268522246,-0.0195746990293052,-0.00794526407743656,-0.0244715173526895,0.165419971124401,0.00267230905811242,0.0161790315816542
-0.0172413591016897,-0.0110951655051126,-0.013304338017505,-0.0141687673551192,0.166168048676203,-0.00176068682200299,0.0260012583305532
-0.0266560765127207,-0.00552011107726758,-0.0134597498657507,-0.0122187166544136,0.167747636376017,-0.00396226281185169,0.0302110550579811
-0.0401582174909269,-0.00644564172758793,-0.0148271197742971,-0.0142391642059975,0.175491063488074,-0.0128456757158334,0.022997453843834
-0.0611784190348354,-0.00549113117817491,-0.0138761509147965,-0.00613790457209192,0.182519824731563,-0.0180396216741541,0.019537248417795
-0.0598683810901081,-0.00439514429608981,-0.0148932521525342,-0.00196444856822496,0.16728836941327,-0.0204719103920983,0.00188692059285425
-0.0720841910721493,0.000904219874525003,-0.0242984820582657,0.0207936883022052,0.146299256234796,-0.0261683142945662,-0.00609438322850794
-0.0869847721014654,0.00670842322977964,-0.0327843954540745,0.0331788576311645,0.145077077201364,-0.0397030510968666,-0.00597585932316001
-0.0806442408361576,0.00752768709201541,-0.0367426612347014,0.0330476932940845,0.130608153286921,-0.0428715487884748,-0.0263121078977481
-0.0530984552855508,0.00284233624995684,-0.0310057872814754,0.0172053512506748,0.111574092410884,-0.0360492270572014,-0.0570866401625138
-0.0343858052688451,0.00101018131723325,-0.0261222737605588,0.000405298612919223,0.0947597189339882,-0.0310766007425381,-0.0786002805187051
-0.0141376641687817,-0.00548719215447972,-0.0232689715366898,-0.0116437792195664,0.0805333057665964,-0.0234981416713106,-0.101005726809068
-9.13329779818426e-06,-0.00671139352116378,-0.0244690166757494,-0.0190718312002491,0.060859395414935,-0.025511125875345,-0.127311799793126
0.0145960390145013,-0.0100078006712333,-0.0206901283844993,-0.0234315234922888,0.0423524186271772,-0.0168840855168183,-0.14238848268815
0.0223039163903292,-0.00797526808284398,-0.0172520092112644,-0.0236355878625428,0.0329478323482001,-0.0112207714690213,-0.148600779563135
0.0236966650286486,0.00542271630418845,-0.0141469937827406,0.0114552797592847,0.00447924801502742,-0.000792302473520886,-0.167521920630836
0.0267639654832517,0.00936142714645868,-0.0161412070180129,0.0163817187541502,-0.00330993079303489,-0.00248549652879468,-0.173620705886349
