0.00679422015735984,0.0126951208951819,-0.011798452131931,0.00482740276163581,-0.0770984148671595,0.0144762276283649,0.0178019183153128,0.237733906331134,0.0045145751651707,-0.0328805446779236,0.0266785153162536,-0.0688237126200658
0.00222049102562565,0.0127171229575006,-0.020797007391356,-0.00315522937203271,-0.0720559049165955,0.0207827754120301,0.0279120624820404,0.249354505116659,0.00315553876664412,-0.0270161403981893,0.0281622743731166,-0.0605270834108061
0.00168385078402812,0.0152035217794489,-0.0224194975753576,-0.0100811790508361,-0.0433375843319581,0.0270772784792085,0.0300606511800531,0.242304013150917,-0.00509790883759841,-0.0252134761745541,0.0178641565025443,-0.0378583973818419
0.00908041247931639,0.0164203180686888,-0.0123768119503803,-0.00276644211842841,0.00262620093544449,0.0221940186196514,0.0197982554757856,0.239134610452034,-0.00495385324922528,-0.0318213567744002,0.00972429427191522,-0.0120548534192292
0.0152156250280959,0.0200489029278451,-0.00756635289721813,-0.00579580366587225,0.071446112353759,0.0200947840289818,0.019351896635929,0.21592013629195,-0.00590929584568127,-0.0403688251436411,-0.0115331113095939,0.0250570350022147
0.0229888186209853,0.0191739157982525,-0.00760427854001731,-0.0143280995276664,0.100383322388732,0.010376606385142,0.011578720034052,0.20973278227928,-0.00325370775866651,-0.0399501777079735,-0.0201650853809402,0.0342464132009396
0.0246721907237011,0.0129174756696453,0.00223924285782877,-0.0173540469461184,0.135829551937446,-0.0068017685328669,0.00436628073180494,0.181968343626684,-0.00690397352013591,-0.041858958972909,-0.0264761709614079,0.0242042941225384
0.023975596532393,0.00500959713518189,0.0107353667481151,-0.016083596352487,0.151824287460014,-0.0120800407707089,-0.00431134841057363,0.172255135952594,-0.00956858853635345,-0.0470440870308725,-0.0240968517849728,0.00809702404565081
0.0283529034897028,-0.00117074408514456,0.0231943289388111,-0.0134594978473293,0.176983300379415,-0.0226640024114927,-0.014220023495204,0.130284613348991,-0.00929566409915209,-0.0632136280221993,-0.0318186677108742,-0.00858732163708246
0.0316647999431604,-0.00181721078075943,0.03383996383188,-0.0127174426468438,0.172362707264695,-0.0231977858207366,-0.0217420904208555,0.107321729124723,-0.00940024332635582,-0.069068801456176,-0.0276491324292798,-0.0327155986876235
0.0221531175244879,-0.000369239442974855,0.0377969899704677,-0.0137978889727193,0.145168710669545,-0.0160731989532222,-0.0140876930921175,0.0861567480762443,-0.0136702135599407,-0.0656725295877301,-0.0191480877439001,-0.0757387463955641
0.0181244858491879,-0.00415144560755828,0.0522407881986956,-0.0197634690650978,0.110181325517266,-0.0138482964616794,-0.0137416443604783,0.0585926037046589,-0.0168028653700551,-0.0639781176271881,-0.0139283449085603,-0.132865275884787
0.0153789916013655,-0.00687877332465213,0.0423777685356422,-0.0220098738691332,0.0936513723224973,-0.018900164837179,-0.010255080428754,0.0586048857625647,-0.0164840756398948,-0.0530238397975145,-0.0104452883925771,-0.164686678645742
0.00544242815829436,-0.00571205561387775,0.0216446811670621,-0.0301541285639977,0.0645496409737444,-0.0122448265869161,0.0136148187351154,0.0780363380931773,-0.0278415677320855,-0.0207861278612314,0.00065133249816878,-0.198134619393225
0.00312992171501215,0.000784429808443926,0.00681824962377287,-0.0294789190516888,0.0542783438408406,-0.0132034211273769,0.0210018317625997,0.0805122985887922,-0.0299969285701041,-0.00898518151366242,-0.00321162667476608,-0.211627250667234
-0.00710011080197454,0.00335832608959755,-0.00212941220132735,-0.0253766416147911,0.0509205395512203,-0.0110724286541385,0.0259380554926814,0.0958444660502164,-0.0293166247948736,0.00300612779429739,0.00359401857702734,-0.222361013492639
-0.0103164582141354,0.00148935340670408,-0.0064024522410092,-0.0308482501733482,0.0434501853770915,-0.00655868176237146,0.0289430920316667,0.0998135093166514,-0.0337941957743896,0.0106506980716424,0.00223563949246836,-0.228886082954278
0.0133163228804328,0.0150890827467353,-0.000648922170520256,0.00875100677480791,-0.127127500383974,0.0306721841783862,0.00818928982235142,0.174027742891514,-0.00102688882362596,-0.05094008170894,0.00400707542119752,-0.0326777503426807
0.00844827263469231,0.015617463930143,-0.0111012152548875,-0.000900872823879039,-0.108844861523256,0.0321219603555764,0.0170598069872662,0.18077326129538,-0.00691013215210702,-0.0420735201433677,0.00436002389742474,-0.0234917060996093
0.00553925982852332,0.0174768647462938,-0.0127073976636689,-0.00601467414957617,-0.0945103279049407,0.0426007603485083,0.0278631578608476,0.174404444430622,-0.0146944792707536,-0.0388823145909112,-0.00197202998602114,-0.0141691476220506
0.00570666133214604,0.0181656490413168,-0.0104558487815147,-0.00517491396000283,-0.0613870268606067,0.0424861970646697,0.0279804477046358,0.167787471487759,-0.0179336407247988,-0.0431599369203995,-0.00778469832610569,0.00791483107859621
0.00868028690183669,0.0236978545823312,-0.00508979950686029,-0.00989780257916612,0.0144542726284292,0.0455931128014635,0.032312134949634,0.141542419649573,-0.0253813827531642,-0.0506158169365834,-0.03135225820695,0.0467322365838401
0.0191308807816314,0.0255607810877571,-0.00574104538709784,-0.0126635898406817,0.0787181137997395,0.0368158527461547,0.0267738898518992,0.13061333931163,-0.0231348390666084,-0.0564134391346184,-0.0500776005426299,0.0920789649092453
0.0224884016428869,0.0181772304659093,0.00331272330602499,-0.016469327996389,0.120244013598099,0.0124151238130211,0.0152653715335767,0.093479563258327,-0.0193201879365687,-0.0634946093096053,-0.0559000548909081,0.0803391590045563
0.0325978945954228,0.0101849258588989,0.0117633303331836,-0.0143160407855083,0.139362191832188,0.00039338251279067,0.00310996704061284,0.0743536340069726,-0.0149564450753211,-0.0725038124489067,-0.0580669799695391,0.0650887207746402
0.0462105680698811,0.00246280602734559,0.0387980028607047,-0.0126286192724828,0.157172038613288,-0.00963251435716227,-0.0196688831076867,0.0213697448628755,-0.00730423374476002,-0.0981864589873178,-0.0693777633642819,0.0432018282825809
0.0423285342516857,0.00271450116630849,0.0454389494981287,-0.00915689440163789,0.152976437564248,-0.00671463604293074,-0.0211824607130607,0.00689654783826619,-0.00519913927593257,-0.101084051546503,-0.0556023326790346,0.0124624094245151
0.0295359370665773,0.00338610647702015,0.0551795049521498,-0.0139183813239628,0.11796803202777,-0.00187925406894016,-0.0142754109574769,-0.0183743507188807,-0.00736890621001812,-0.0973131160498881,-0.0450582296982907,-0.0478547654714891
0.0222662147438331,0.00151843710644727,0.0559130470182149,-0.011227661342681,0.0756830840009075,-0.000523886142292622,-0.00722179527549087,-0.0288756244669731,-0.00695931799805883,-0.0922313273625338,-0.0287281849013124,-0.108843827674541
0.0183593937189765,0.00297679857290417,0.0493233229830703,-0.0188322754890247,0.0537977529347596,-0.00400464469318407,0.00123842487196686,-0.0322870752710243,-0.0156868068551494,-0.0718126102282008,-0.0305503232301532,-0.155507708005113
0.0197420060260706,0.00172795381956263,0.0388135576333345,-0.0264891907048051,0.0315202028903386,-0.00418937352751219,0.00342183618263145,-0.0279891534779609,-0.0189781709249963,-0.0527757362996941,-0.0348967006892269,-0.1988062592662
0.0126004503610007,0.00385058429065166,0.0283555790661915,-0.0288361885029477,0.0200680821136252,-0.00197910347003551,0.0131649710796522,-0.0273659812876317,-0.0278909749767521,-0.0393964722183921,-0.0370322251700663,-0.213015724547702
0.00762019030215984,0.00117560792552093,0.0257171525483579,-0.0334752275386438,0.00651942679215009,0.00577594032413853,0.0182377991518463,-0.0235685240701226,-0.033997297616065,-0.0273102123402291,-0.0409253749130687,-0.229401754702555
-0.00403051762789975,0.00177337980401547,0.00765402667926473,-0.043455776976922,-0.00548967382107537,0.0149107490653224,0.0340715031312154,0.00594017226269052,-0.0408563173064488,-0.0056082259438821,-0.0302726883717347,-0.221844730772616
0.0231925259519693,0.00809083156938945,0.0237208680780172,-0.000159086292045418,-0.181760406272847,0.0324078399838358,0.000186345841516476,0.0962635624131268,-0.00952011669960397,-0.0728114433033509,-0.0283096203631714,-0.0149818763731277
0.0176865072917318,0.0121671495983885,0.0145233037153296,-0.0107511514167612,-0.163199760503826,0.0389815765839243,0.00831189559319024,0.0955752590243065,-0.0195651134820763,-0.0637420546091841,-0.0289983315900499,-0.00192635561379728
0.00563155913424027,0.0159151435806092,0.00547835282303398,-0.0164288976420597,-0.137932512207536,0.0476933788220148,0.024842289371711,0.0931051105001523,-0.0280841983848531,-0.0605880888495054,-0.0319657886884595,0.0214113436249162
0.00606984100624692,0.0153702535287718,0.00551817528854957,-0.0173722466213779,-0.100056361874482,0.0509552808218988,0.0251064370157532,0.0910829215740221,-0.0324279096458577,-0.0601038100123887,-0.0351112098982333,0.038978557552688
9.58543749369246e-05,0.0215764661127079,0.00697712967636063,-0.0215930730657062,-0.0208355251643777,0.0537798971949292,0.0393552480494894,0.0741729362475134,-0.043083520682191,-0.0613898495297363,-0.0481586360684243,0.0779015602969988
0.01206818452255,0.0272425176626436,0.00316452731573179,-0.0177487916728899,0.0378145544937385,0.0475391957452976,0.035630906235484,0.0639734001251875,-0.0380149365104046,-0.071631141833314,-0.0654971181839408,0.123469907813903
0.0186187373118517,0.0200733889124808,0.0111643507247507,-0.0271518550099617,0.0809965350946812,0.0266024302222231,0.0284352347087664,0.0341541219904117,-0.0329963885974508,-0.0753486037312207,-0.0643584783722375,0.118247538475131
0.0418900672012789,0.0156481946833813,0.0256994534396215,-0.0203241491283867,0.110066217773119,0.0133513082303347,0.00335204173708434,-0.0105723619026822,-0.0164392213909282,-0.101155433364021,-0.0793173959962749,0.108530103904383
0.0447362526126717,0.0122142324695266,0.0340296332683771,-0.0199602224744742,0.12513381937297,0.0110659676732663,-0.00733557338607393,-0.0317919918294962,-0.0166323297118824,-0.0994720828057656,-0.0755431324392298,0.0843524000125809
0.042858082626328,0.0136992523414982,0.0357994489243401,-0.0178385712945738,0.113921361378516,0.0145207716788987,-0.00625001374877145,-0.0454332011779983,-0.0108064390724551,-0.0993937958874507,-0.0642829612661903,0.0504369403561958
0.033113118416625,0.0104080791243643,0.0373296702718868,-0.0167697834129137,0.0962826962834365,0.0111281767049715,-0.00475650870482903,-0.0625252877049438,-0.00833871809303741,-0.10012382729593,-0.0509298506429125,0.00194289028446466
0.0229192113045791,0.0109157315316722,0.0376373985035224,-0.0125779623096968,0.0547319174479302,0.0162818509372607,0.00418389671878352,-0.0734762660463828,-0.00802113432676872,-0.0948708595347006,-0.0338053408785969,-0.0585230939245202
0.0163796767839558,0.0102690547884326,0.0315267342285153,-0.00998686177793961,0.029696867146226,0.0164959929286071,0.0082548745639543,-0.0776653960412344,-0.0102383069153593,-0.087908278660507,-0.0302453350210981,-0.0974047959531583
0.0134137372542481,0.0148070780890247,0.0225702498617763,-0.0170319627078643,0.0120107547314751,0.0152619754946583,0.0158278747991053,-0.0781822876806527,-0.0157771523689405,-0.0693023999232402,-0.0383827771873788,-0.131138413786345
0.0144050076445284,0.0146321768430164,0.0104170419921311,-0.0204247643915736,-0.0054952479609473,0.0160449670079625,0.0233129709081415,-0.0707452692078608,-0.0228941323903918,-0.0501786750664728,-0.0449379096228636,-0.164674139436919
0.00163181101749791,0.0181655155821489,-0.00889556234314262,-0.018996936578278,-0.0184690375492932,0.0261222701544186,0.0422408503183939,-0.0513773265526965,-0.0314050945410796,-0.0288196301215824,-0.0405380397037326,-0.174803797812565
-0.00597358405306208,0.0167013722242595,-0.018025458072375,-0.0397314708399744,-0.0215926226179039,0.0310234351111988,0.0495786619692268,-0.0270372999022054,-0.0408565664530014,-0.00262470490521961,-0.0352371605105411,-0.171326310245027
0.0346140821975837,0.00387127194806835,0.023162574981931,-0.00660108919436862,-0.213058493995163,-0.00203843947036024,-0.00591351290185558,0.0492462641842094,-0.00583063556749336,-0.0792949321875233,-0.0391194325749515,0.00412298938049624
0.0252011296705099,0.00236103666125085,0.0192174029677235,-0.0145650243906966,-0.19733324813178,0.0086045615913069,-0.00488871448753458,0.0487409222996342,-0.0177535105491359,-0.0745102925956954,-0.0374644760125206,0.0158149031036749
0.0125104914865256,0.00596042715500271,0.0176617739284617,-0.0262011039457247,-0.176639561783251,0.0255322195404507,0.0107550237355508,0.0489457201588013,-0.0292637838124837,-0.0673567251684108,-0.0342801415780238,0.0338754503748978
0.00743943072319382,0.012197523828859,0.0161079399580981,-0.0300422149970136,-0.126023259191768,0.0288581261550291,0.0180246659593933,0.0423441371385936,-0.0386022266008871,-0.061196512183358,-0.0371877521093012,0.0539890867789365
-0.00611572352221609,0.0135108082461593,0.0126896300644649,-0.0369783225567209,-0.046254408645767,0.0341451934463537,0.0378515384544651,0.0307575199305483,-0.0555871029598933,-0.0548536704126067,-0.0399823289567378,0.0961355873163647
0.000103331679840807,0.0207545689241511,0.00437251546683201,-0.0357563174041493,0.00415027296288775,0.0325187490369897,0.0431225011443319,0.024544971192819,-0.0521851609886204,-0.0579161780063422,-0.0554523274786782,0.136036696357249
0.00986962709896705,0.0167282311313979,0.0130425916801942,-0.0397784329348318,0.0373972072594082,0.0260362568302245,0.0393775666751002,-0.00186674455285158,-0.0488517405256153,-0.0630135650274099,-0.0552885500865606,0.133522954443975
0.0317102270874777,0.0185102366232409,0.0151703604209715,-0.0422390456541404,0.0658000956468057,0.0259747940370766,0.0322597407807349,-0.035295296425937,-0.0331579356868774,-0.0807672339059234,-0.0669604183511544,0.136214724042542
0.0411780188911418,0.0194221514892255,0.0160898156765352,-0.0364029253576246,0.0905031373304154,0.0172335083440855,0.0180082350748158,-0.0517214778768474,-0.0228964341004933,-0.0771357431895361,-0.0601651024237879,0.101239900944486
0.0418313061856941,0.0161633262801288,0.0197779212776003,-0.0264776957110033,0.0680460705400407,0.0170612700660185,0.0125200299891088,-0.0838906632286697,-0.0119733557987112,-0.0908168679069548,-0.0451322510907079,0.0441477471228568
0.0371190294465868,0.0139724722690743,0.0239010040285435,-0.0175178468963804,0.0694559313922663,0.0230466403897744,0.00369125530313262,-0.0972316383021982,-0.013249524688171,-0.0984095534248011,-0.0348870533992985,0.0241456338026407
0.0274418524463961,0.0125557016632209,0.0167171306042929,-0.015351713475494,0.0331709517531004,0.0203568251540904,0.00603320382452849,-0.104456979071547,-0.00881825022969109,-0.0992563286543831,-0.025467894788356,-0.0204177246871648
0.0223967672994555,0.0159585326314003,0.00868212181576421,-0.0111068556169251,0.012813112054698,0.022783729933894,0.0160992304993969,-0.111050317958302,-0.00751647661255473,-0.0951039202108848,-0.0221419018421023,-0.052442947483911
0.0138294517182333,0.0155878735768041,-0.00505625348803587,-0.0133915842179935,0.000388223050747292,0.0180097495708989,0.0240689581820966,-0.110365706135717,-0.0153673581290977,-0.0790521599765565,-0.0291341397069756,-0.0834631246278042
0.0113840119788695,0.0179743330488511,-0.0210712300839447,-0.0124532273700318,-0.020025446738144,0.0247234244306308,0.0371849697830437,-0.096183681954229,-0.0246743661083946,-0.0565674471908766,-0.0286640594377192,-0.112041225677073
0.00993498431383629,0.0259192012338894,-0.0304619323678194,-0.01086140011137,-0.0284823893871702,0.0409069375925422,0.0451619235231509,-0.0838559302848748,-0.0292034382037885,-0.0342158551708802,-0.0429074313280896,-0.12990338658023
-0.000974187976085323,0.0277015396752149,-0.0459857378967271,-0.0226902411527892,-0.0367043158383945,0.0482463353501467,0.06042697724439,-0.0551467720358369,-0.0351710176192798,-0.00842301894671314,-0.0389082649669251,-0.133012914350002
0.0409092266840478,-0.00272764493018769,0.0306795255574254,-0.00772270016116019,-0.21611035649711,-0.0273997670936923,-0.0104558889213019,0.0130032282614578,0.000227972531052809,-0.078132004009505,-0.0413370165271585,0.0132771993991289
0.0300089728512406,0.00241785068543391,0.0311559846552764,-0.0107762756989879,-0.221087035407263,-0.0156097803952288,-0.00557494138894825,0.0139318527339469,-0.0119706160323965,-0.0774724488991904,-0.0451269896338238,0.0275257472715656
0.00977489746816531,-0.000906858365598015,0.0283711025389679,-0.0303985650555921,-0.185243832550108,-0.0094413896038343,0.00282371371872336,0.00925919788921616,-0.0326942915116443,-0.0650766490437539,-0.0362955918460492,0.0429452581161506
-0.0027828554396645,0.00320848307248576,0.0263466371516329,-0.0347820151211956,-0.144648365010005,-0.00155959066508513,0.01423508303927,0.00866993892010588,-0.0481900355293261,-0.0581957577674951,-0.0282793762377495,0.0626434333415928
-0.0112806686138386,0.00891226892441388,0.019719776805873,-0.0489537706049663,-0.0619400558439916,0.00681713582310798,0.038685073919927,-0.00271264851357219,-0.0624331757005939,-0.0426495068595996,-0.0311091590923954,0.0946134562287851
-0.0033412341925602,0.016677425215352,0.0172867856366482,-0.0501908210237783,-0.000157013186355477,0.00781806834008794,0.045650777662329,-0.0147535360947462,-0.0575175339235462,-0.0479680121984246,-0.0458856325230137,0.131351254196466
0.00302139798749499,0.0162210378288457,0.0165502545114424,-0.0508454614056654,0.0396776821309501,0.00647568730869739,0.0461719451581484,-0.0373214490312226,-0.053649839777507,-0.0490278511980388,-0.04747278471579,0.136720677455934
0.0200929530441907,0.015313790511864,0.0042247815019544,-0.0500847764019124,0.056173582405029,0.0112932063794105,0.0455063397649826,-0.0450662644402841,-0.0390686163629547,-0.0587932497774351,-0.032929067648241,0.140650406840909
0.0160981643397706,0.0135835943157684,-0.00570168292773016,-0.0398343621449018,0.0441499673529023,0.0158556630835638,0.0429348787459148,-0.0638911243730845,-0.0368307105214549,-0.0565275010290835,-0.0136960412784421,0.09099876631107
0.0312255065232075,0.0134009364536869,0.0202727248928138,-0.0288497694022013,0.0501515408064743,0.0218620572003986,0.0235967512424643,-0.103492950784299,-0.0217663160260976,-0.0831074287799824,-0.00987134827678698,0.0589422261611444
0.0288463833229009,0.0121670102693134,0.0148059219762952,-0.018606951753935,0.0354745619843986,0.0250558861380924,0.0124611459264525,-0.11654947812698,-0.0152197922458511,-0.0930758192948052,-0.00214991245711916,0.0252717725354568
0.0179216693250356,0.0118046797474798,0.00296030997030012,-0.0123636011978875,0.00950701169266337,0.0267750940177272,0.0145988205654419,-0.124391784945098,-0.012301128341751,-0.09731613805166,0.00429375130050003,-0.0053985509035336
0.015356482136343,0.018662965727158,-0.0139640377170939,-0.00614254141032528,-0.0041468857839015,0.0283724287266109,0.023391525515103,-0.127536703982517,-0.0115943565166425,-0.0903909904293987,-0.00428168242767666,-0.0271297910421308
0.0103697853164586,0.0214171092175606,-0.0326090148670957,0.000114204732825516,-0.0114711190654399,0.0277910089311729,0.0294147814289964,-0.125135487971076,-0.0174358805690299,-0.0802305542427951,-0.0189228458425894,-0.0446288400860627
0.00459084775848747,0.0248530229081882,-0.0683894733531682,-0.00609327285417277,-0.0300901183907723,0.0322748667646319,0.0486537949353598,-0.0999885572185772,-0.0234359849943313,-0.0501440987767605,-0.0132110637931014,-0.0579976073230482
0.00945810107430502,0.0283784746266573,-0.087738895133699,-0.00980891046332537,-0.0396102147175104,0.0402664208245563,0.0538474632340954,-0.0928562629605303,-0.029197056012714,-0.0293713177769424,-0.0288150897606973,-0.0711511639419667
0.00346070213277569,0.0334482634032813,-0.100844165039278,-0.0235797292785678,-0.0493230326328344,0.0518242883452656,0.0726664785571248,-0.072642113849616,-0.03506867154268,-0.00200439448890194,-0.0226793474011411,-0.0897970272796224
0.044216108232513,-0.00173088423851486,0.0368888429011778,-0.00868305355948081,-0.178958865262275,-0.0897385479180716,-0.0245855638296873,-0.0235293043782487,0.00737742665694346,-0.0633731732645396,-0.0485343440690492,-0.00116931306158608
0.0306701796836613,0.00079252374400474,0.0388831116263876,-0.0246082498410324,-0.171923880012553,-0.0736562652948983,-0.0115470457507189,-0.0270929676447213,-0.0220102166010512,-0.0499974089993447,-0.0429644483006023,0.0143773200627722
0.0135035342752174,-0.00207171951313431,0.0361016397708795,-0.0372465893403137,-0.144813744243006,-0.0707089395974805,0.00202961636496682,-0.0355235791079294,-0.0269739052381775,-0.0485690813594949,-0.0374951046923638,0.0282310527749618
-0.00192104488002273,-0.0043660075769808,0.0364731601255251,-0.0536062927579858,-0.0932279536934893,-0.0616726957005526,0.013675074556928,-0.0361637539003216,-0.0514557542026894,-0.0318742864316858,-0.0306895223020657,0.0465951837478366
-0.0129458501930465,0.0047828774508333,0.0303968488383212,-0.0625196105900702,-0.0472390932750345,-0.0372319731221017,0.0366624539085173,-0.0390285585284065,-0.0612407156462589,-0.0226877516994574,-0.0175968806684185,0.0701856589554849
-0.0189271742251646,0.00464588836982225,0.0221574908937861,-0.0599774552775764,-0.00673406508119336,-0.0292653358328347,0.0395188761103239,-0.0368083812668615,-0.0665424444071391,-0.0194926435799876,-0.00254166616245107,0.0819199044495602
-0.0120990294268433,0.00535310264923369,0.0202839076971816,-0.0607535054714113,0.00955187678592369,-0.0106596980056043,0.0385323823517757,-0.04075111503076,-0.0704596742370718,-0.0157642202125099,0.00128048716344508,0.089130250704716
0.00129867550171741,0.0046582774475762,-0.00364560453089626,-0.0587070566626185,0.0268716897602501,-0.00531494066251575,0.0463256727695338,-0.0402807882681147,-0.0513926862189868,-0.0231088186603378,0.0265221305718981,0.0918188915344208
0.00883552067473744,0.00842997013358235,-0.0120681427786503,-0.0427270652748177,0.0430234349616013,0.00825400694647146,0.0486813416677981,-0.0569494255682523,-0.0414523783945918,-0.0358155631823581,0.0405801471678855,0.0806924422610834
0.00521811560785814,0.0116277020037639,-0.0110310623438151,-0.0215561257319289,0.0152698090249907,0.0256904767566322,0.0450923874215289,-0.0731445488664093,-0.0296532942865099,-0.0585460134907226,0.0619031280859206,0.0510329805511448
0.00972681823665637,0.0120382219222744,-0.00854994730737769,-0.0189026990585527,0.0147973330549969,0.0296450208391754,0.0311321551719878,-0.0794662746013014,-0.0226445145811302,-0.0639992738043599,0.063933431344526,0.035089407692056
0.00537518691812657,0.0174228987943876,-0.0352031762711917,-0.00333290479705061,-0.00368071271144449,0.0331862044594931,0.0326933838713396,-0.0845645120701329,-0.0127924332575878,-0.069021359351925,0.0596304568889581,0.00893192387507119
0.00357547202632415,0.0245332094758044,-0.0660674100167995,0.00643262264929457,-0.0174300352553591,0.0363147613260274,0.0420006761323042,-0.0890134325413604,-0.014697921199803,-0.0619311665118111,0.0366070526852387,-0.00793181125031783
0.00283322486406342,0.0268048538145834,-0.07643590763925,0.0037426807143965,-0.0280891070068354,0.0380006486758113,0.039896880708,-0.0898364701710602,-0.0202054195552417,-0.0536161414438291,0.0168887623669448,-0.0213174834510483
0.0101486380668617,0.0349541855909004,-0.132763984857349,0.00760897642798583,-0.0311021094886193,0.0340383328730028,0.0523962984820582,-0.0758589524168796,-0.0135874763570553,-0.031113295420728,-0.00174215860411537,-0.0298225760901558
0.0089211110679918,0.0365923022243161,-0.133229674779874,-0.00730958411687523,-0.0456683259356963,0.0438997603732543,0.05848517126138,-0.0727234058866535,-0.0199873459715329,-0.0151676451028501,-0.0142108116504575,-0.0382763769348028
0.00306358207085529,0.0374612216888414,-0.15025268631514,-0.0196452800275506,-0.0406265281128045,0.0483477446351627,0.0727695944582381,-0.0670577361373232,-0.0274001420211966,0.00447628443515021,-0.0211479421104571,-0.044582460524366
0.0531728763453071,-0.00256053472867537,0.0211586681774084,-0.00398726291988616,-0.117830514636956,-0.143145123631321,-0.0248601892144605,-0.0267127821640575,0.0203193856617235,-0.0360345530550428,-0.0360642265999401,-0.00704618195210841
0.0389684622602391,-0.00114012864147716,0.028531028084936,-0.0251017903393586,-0.1152924307768,-0.140446883064835,-0.0127659097871313,-0.0321969738061816,-0.00410950564517734,-0.0235171274468368,-0.0326964400841433,0.0061545255245577
0.00888176475174094,-0.00258725522762928,0.031026396662282,-0.0413936064822903,-0.0838460729336883,-0.127231851961537,0.00890048241218451,-0.0275001564024388,-0.0297316305264196,-0.00563524838951657,-0.0193834144553125,0.0184507491218615
0.000558063426806896,-0.00159858118693152,0.0318926990775774,-0.0572693691238566,-0.057949222739254,-0.108997926844957,0.0206270001679898,-0.0263518607454213,-0.0473221612902945,0.00856116807324816,-0.00339399641482062,0.0354378245082813
-0.0159164096877621,-0.000374868970694039,0.0235793054969281,-0.0690167584893298,-0.0233118199130369,-0.0724568914095153,0.0341296950603354,-0.0236861234101806,-0.0626674088326078,0.0207960603550785,0.0213097347703587,0.0418446192965521
-0.0244327863178568,-0.00569480248886785,0.0302089430189319,-0.067388546732378,-0.00600444842613995,-0.0582757249331915,0.0320767809988028,-0.0239414956102334,-0.0743639698105312,0.0192377925121578,0.035530498080566,0.0466951580838758
-0.0205850669759228,-0.00933238178736671,0.0249747875919621,-0.0699441617127868,0.0131395493066065,-0.0420287915203151,0.038533015554961,-0.0100487458526691,-0.0731491203761015,0.0262459681964489,0.0723700939729792,0.0462836496323184
-0.015723924303357,-0.013552624796004,0.00191063103191169,-0.0591060917531994,0.0188887569207155,-0.0241322999205931,0.0492565230858313,0.0016827904674007,-0.0539370755050334,0.00725449025792043,0.135382451946279,0.0490563010974503
-0.00542015353365923,-0.00403276180318645,0.0097837162189236,-0.03257455253377,0.0230095785328493,0.00895343467724019,0.0398679649465151,-0.00326376776366983,-0.0321482275848292,-0.0171224708736325,0.169831953421924,0.0407440213613711
0.00379058405259515,-0.00298571159007201,-0.00734191613955592,-0.0182838961001108,0.0141795483757857,0.0145888603919288,0.0272831376815108,-0.00993153117225927,-0.00969545969436523,-0.0348330902899872,0.174369395670497,0.0284521537622685
0.0100563896661565,0.00123792400245321,-0.0141930233012275,-0.0150363618438231,0.00858448543526488,0.0232626895664005,0.0228906977139297,-0.025553597266056,-0.010823970528104,-0.0394467815397995,0.172166756786577,0.0149869521828419
0.000812596211866591,0.0129501118385418,-0.0462457895764304,0.0124798788342851,-0.00504452972682357,0.0325941692560032,0.0328394210422948,-0.0316016938005288,0.000102502033135691,-0.053493849969078,0.161027185454234,0.00705339580704631
0.00686284733207321,0.0144024860574273,-0.087676608087857,0.0174568985219357,-0.0109344256452491,0.0314262324183461,0.0337585570805149,-0.0358695339441128,0.00273250507979178,-0.0492717850798846,0.13365426757342,-0.000508963347058122
0.025168273834131,0.0167648960272916,-0.149984239758125,0.0266583404619724,-0.00741786396737328,0.0230147420184212,0.0314359022574543,-0.0250504697469407,0.0151512614462154,-0.0359205398582135,0.0989383064083505,-0.00550359674214359
0.0252488953956563,0.0274905245199929,-0.185043707155898,0.0193680649141899,-0.00897148049330497,0.0140714183600066,0.0287525977757561,-0.00627327337323925,0.013270890785571,-0.00595593904929929,0.0561935778671268,-0.0137502342073445
0.011158843863177,0.0388795476365928,-0.222637516817273,-0.00305091060013844,0.00172707763950139,0.00484627528103649,0.0470390070764045,-0.00603913593198139,0.0149251855804915,0.0171425921770997,0.00503734676448791,-0.00718772578230795
-0.00372566260859609,0.03675280085555,-0.227880962408285,-0.0185553074251598,0.00767995071505597,0.0053536549894847,0.0574877831982351,-0.00590456507270534,0.00187299197554643,0.0343199525182772,-0.0114185667882307,-0.0160404738874874
0.0525485150614068,-0.00327919924497645,0.00919967943165381,0.00214884694765018,-0.0434380261352884,-0.205752458501219,-0.0264044230296066,-0.012507809016339,0.0274368312755658,-0.00309433045385529,-0.0259414075726629,-0.0127924639595388
0.035321953927131,-0.00339456129213932,0.0115765429605072,-0.0176336197948343,-0.0397563016061559,-0.214961088635721,-0.00317941594340846,-0.0173219433932174,0.0179717866243206,0.00816747045289594,-0.0231707499357288,-0.0115899390057849
0.0116968034082165,-0.00164683536023185,0.0125178363500449,-0.0359328143034306,-0.028685755994651,-0.206186215461186,0.0182514447819625,-0.0115781843181428,-0.00604795586809193,0.0280708141632687,-0.0145492902414101,-0.00209197560156123
0.00889683150314305,0.00559284878666936,0.0248595330037962,-0.0475650039474356,-0.0139670700985282,-0.161974522617064,0.0199381877814849,-0.0155374048301959,-0.0306023442159852,0.0418307069066896,-0.00470470927246281,0.0146800331842572
-0.0109951697238789,0.0063063753651042,0.0290605911822874,-0.0570070927838569,-0.0044144412383044,-0.112644120179235,0.0314128830113511,-0.013950576634844,-0.0578244369819738,0.0548062613375744,0.0152344644232481,0.0177074176613483
-0.0279814865142788,-0.0114981383795485,0.0216658197196293,-0.0629673537222711,0.0126486743712537,-0.0843349482355822,0.0482626626407651,0.00703167998022165,-0.0685891052673027,0.0541804665485273,0.100053956116559,0.0215709776721393
-0.0326050419419865,-0.0181204987256076,0.0210562395668513,-0.0755182464028555,0.0304329911583141,-0.0715047490579234,0.0608041137421381,0.0209918437270315,-0.0656474733423345,0.0619525137481255,0.131818384346708,0.0180949367902035
-0.0202206768865407,-0.0199843261880882,0.0134345943408279,-0.0757137430283051,0.0360157444832186,-0.0578101260453482,0.0545747773238272,0.0238278276806617,-0.0490203080521521,0.051545637697011,0.167005609742087,0.0144417271757723
-0.00369920934773168,-0.00086228977322427,0.0322301868226925,-0.0332517312372483,0.0213233485153001,0.00993508729063053,0.0232630904397389,0.0118621344920214,-0.0274211873787615,0.0074681651524351,0.195189606877485,0.0166512064073171
0.00654731950936829,0.00463022762406085,0.0291568650470186,-0.00484046930267568,0.0196433610111841,0.0256748883696571,0.00825654397496156,0.00785561434222466,0.00462278741915951,-0.0265628412225795,0.219366256330964,0.015238330806111
0.00945402620050196,0.00976617743302953,0.003055801618375,0.00857120173953915,0.00890366230918839,0.0379206007665626,0.00465442774462085,0.000488419654400043,0.00954054149887745,-0.0365157895179841,0.215477205677024,0.0101809243897887
0.0115973661726367,0.0113829939669744,-0.0310292387504099,0.0203951514723209,-0.00177375997979488,0.0345657420965153,0.00146623265400767,0.000869983081212836,0.0195927206238982,-0.0405833937946326,0.202647214316592,0.00700622291435558
0.0191257679900746,0.0103785754609145,-0.0919347465081244,0.0236133299939637,-0.00395663711067178,0.0208078743990526,-0.00499478766788045,0.00208699921829851,0.0198524182359115,-0.0303498728232567,0.157739122354577,0.00642032728633703
0.038216861163374,0.0177890384453871,-0.159170749826262,0.0379930470204372,0.00246008326244365,0.012608925900768,-0.00880217026087529,0.00939111026487016,0.0358845004787528,-0.0226255668713402,0.118472495909181,0.00625258371142296
0.0350295660612601,0.0094959656648769,-0.183860339323892,0.012477354525908,-0.00309972541289173,0.00734821184040631,-0.0119992328108242,0.0141554981527793,0.0175575300637128,0.0015849050399266,0.0874614114604261,-0.00353571834164254
0.024749261603928,0.0255935067137602,-0.219525299395516,-0.0111843404604699,-0.00324212774222665,0.00459547823620359,0.00503552769494169,0.00266583734354394,0.00882161357996937,0.0328262982977966,0.00556324959531418,-0.00194966714130854
0.00511917232992545,0.0241778682278988,-0.223630320347012,-0.0253835363225824,0.00655790666866447,-0.00112243587631728,0.0107557906731329,0.00146439567543673,0.0030656060451148,0.0417286812531014,-0.0192132261961185,-0.00112257871415293
0.0435590109386881,-0.00555397978958389,-0.0155423177320029,0.034414854196906,-0.00744294413941975,-0.25112973780681,-0.012326164102961,-0.0044701418508728,0.0443420434464819,0.00278172528451657,-0.024119823006775,-0.0137337482514804
0.0377967416455762,0.0128728246274511,-0.0150508122051495,0.0216806963583817,0.0122414127109796,-0.248394364796016,0.0154874964420575,-0.00242210993652285,0.0257048327094477,0.0372738273861611,-0.0308640745494368,-0.00936832597620214
0.0181206488857634,0.0163902406982395,-0.0100319442945609,0.0013352953961016,0.0282506385410381,-0.235727083048539,0.0334084641904621,-8.98616714691126e-05,0.000312192153749943,0.0599843433576323,-0.0282730172076423,-0.0017947432000209
-0.00287014100514484,0.0385851447203174,0.0100567336897,-0.0135985009281313,0.0276642607708621,-0.173154239286132,0.0562999655129671,-0.0017746540444764,-0.0303506815903533,0.085843207735119,-0.0119150983078488,0.00195940764542432
-0.0109968776288284,0.0257028257278298,0.0279598340943796,-0.0323310580011767,0.0186135060984038,-0.111018316137392,0.0395038182118595,-0.00783170671663204,-0.0583249781776999,0.0842338370521979,0.00759038978073212,0.0118402529384544
-0.0204568314648674,0.0112836604986435,0.0442045904110432,-0.0501193841632205,0.0140087152543092,-0.0784218347351305,0.0341979834216814,-0.000813388470118396,-0.0743600722735011,0.0855942991948971,0.0419944653769278,0.00742387066645658
-0.0222893655066265,-0.00185492594136011,0.0357674780322565,-0.0700360564593649,0.0265693831309958,-0.0626860802129978,0.0498084912498338,0.0145326487683527,-0.0661351857767542,0.0903395437294976,0.102562476641629,-0.00090800632523573
-0.0113303848257521,-0.00425515560945577,0.0555655466522492,-0.0657954322633419,0.0188945570358738,-0.0335693979987521,0.0313552462822262,0.0159659961905637,-0.0544419534339899,0.0705046406238536,0.145551721955032,-0.00698076165966889
0.00959083994109579,-0.00451575630046739,0.0693624581232656,-0.0490919850618085,0.00912490387613692,0.00826300202580888,-0.00608569148547136,0.00603491465521501,-0.0377176262517637,0.0377398737273911,0.163995024953821,-0.00186587269681682
0.0235348697969771,0.00692578295556605,0.0599033224146222,-0.0131276526341363,0.0137317272283237,0.0296344685421247,-0.0168200458621847,0.00251731855603035,-0.000992883211627328,-0.00118317070162822,0.200336048847962,0.00727071103682427
0.0222191671612542,0.00408449190466027,0.0310527930606602,-0.000580815970359382,0.00356592654072617,0.0352626016523242,-0.0332219777224173,-0.00264476957741862,0.0156319084373499,-0.0262480305068959,0.210237327733856,0.00576934726591045
0.0263831364780073,0.00891499391996723,-0.0236804136141232,0.0154618008816269,-0.00915957967701824,0.0360916131747764,-0.036063158208527,-0.00144749200625867,0.0256703058947785,-0.02964639150022,0.185259715884318,0.0103220272813227
0.0485667226960892,0.00577188215445055,-0.0978314267623809,0.0213657760543619,0.00255167388520602,0.0145173527501322,-0.0708982477100982,0.00760569227971898,0.0253057393791261,-0.015518644453031,0.120958558979364,0.0213407396564246
0.0582546936774673,0.00380345086467585,-0.140257874889051,0.0164714120532576,0.00472275032042227,0.00251544511807525,-0.0819665363041641,0.00849186024326937,0.0210088210223179,-0.00347779222742282,0.0827618082477432,0.0167035758017893
0.0481370906318964,-0.00519572742494432,-0.173724969099029,0.00117025261868856,0.00952521257783692,-0.00363413129644849,-0.0939924191207195,0.0133043359389224,0.00267848466032578,0.0118105193976663,0.0508176890288209,0.015655141017156
0.0229218478008873,0.00153993423279296,-0.210054432070443,-0.0253527684684523,0.0106522280072806,-0.00707354166898118,-0.0789338556950119,0.010452021437269,-0.020528336768152,0.0483319434406251,-0.0259161580640441,0.017462957652108
0.00700518128145514,0.017246669890147,-0.226780211693944,-0.0298773031064642,0.0134172228989576,-0.00484371412381067,-0.0310403385992141,0.0116242137313205,-0.00836867032275726,0.0568750014889323,-0.0309118256706076,0.0118213129769122
0.0328530783565599,0.00818800095388429,-0.0101026946000124,0.095666751507117,-0.00921300759581299,-0.206767715268859,-0.0170131017044262,-0.00541608007717518,0.0392388014669345,-0.00752877628308421,-0.0192338440751327,-0.0143453015253697
0.0270599129795117,0.0288182482177787,-0.0175489280370448,0.0751940149401179,0.0192481168938415,-0.206926644016203,0.022655045798892,-0.00286563992579819,0.0222196620475489,0.0328498176375849,-0.026305922488146,-0.00463306087092522
0.0147427157646974,0.0385678340080529,-0.00552175239497083,0.0442997246783132,0.0281797374890505,-0.189680002954659,0.0449268653502005,-0.00268839660642,-0.00396736423009488,0.066506996222733,-0.0247951640340446,-0.000675148703476113
0.00500496037623844,0.0551668726417893,0.00448199525657356,0.0335511878625661,0.0416873385361932,-0.135016321707044,0.0560970809733383,-0.00307194576577943,-0.0310271543630887,0.0885264180877334,-0.0186308625824778,0.00911488531754283
-0.00279150760775635,0.0539546501722503,0.0190372732743972,0.0124265141572073,0.0324028977535114,-0.0870099700180067,0.0489044477140553,-0.00770990736409185,-0.0569802639369849,0.0984842447989067,-0.00745843987816585,0.00972646479138707
-0.0084804572013518,0.0413816955074526,0.0479604043407844,-0.0100226570473732,0.0142714813103063,-0.0355581076786684,0.03110024812223,-0.0103222966990863,-0.0722944474494167,0.0958394977761602,0.0237411308660458,0.00741550550725468
-0.00370747196857558,0.0362505173714919,0.0569249612615161,-0.0394454623423075,0.0080842957138668,-0.0128352026388901,0.0252503099166463,-0.0063451908543768,-0.0779513604400086,0.113464587930979,0.0364801175946327,-0.00456305077547536
0.00566291755626525,0.0203483752848903,0.0698848744815165,-0.0582917756576819,0.00234986721457583,-0.00435309158315814,0.00319247025268281,-0.00953542159536432,-0.0637957051274199,0.0977331398295489,0.0685822368144421,-0.0097033775048263
0.0232778468727825,0.0217801103462972,0.0802140585118578,-0.0531805686488272,-0.000923316112747409,0.0169654666190836,-0.0265332859374851,-0.00992067349995347,-0.047009213732976,0.0787581417637366,0.0856217466683144,-0.00966190416865448
0.0374789087624461,0.0177568861778047,0.0812489116404943,-0.0294496358027009,-0.00202459022388552,0.0317565784903693,-0.0532897691044377,-0.0127750674677539,-0.0145478402920073,0.0379502725057814,0.112349159724353,-0.0056939485088081
0.0431056291680209,0.013950513239726,0.0542345200201567,-0.0203533651710153,-0.00528687255115805,0.0329230586280644,-0.077062151513577,-0.0111314444162201,-0.00190619846719431,0.0191632738180636,0.113366034643271,-0.00367988400522675
0.0431300886083286,0.0059564748733655,0.020940180914787,-0.0157006321335795,-0.0176738677912523,0.0324691789752807,-0.103290372866004,-0.0120935939829581,-0.00776719147466936,0.0126233500782981,0.0951386523686583,0.00408206076619181
0.0664090144582055,-0.00256316097896463,-0.0525723108753255,-0.00682523933440676,-0.00389387874898552,0.00784904694476535,-0.147285394389523,-0.00149469957218121,0.000362681904735377,0.0160816440265079,0.0507542697052229,0.0140760232068988
0.0661450567522743,-0.00462083046193646,-0.100097166095957,-0.00511247888462901,0.00786076728906611,-0.0112596237686785,-0.158033513650371,0.000319246290447378,0.00477326944095284,0.0169168914569795,0.020621982588559,0.016451552248121
0.040748548580027,-0.00858996879749829,-0.136390551809292,-0.0182104203343223,0.0133289982011912,-0.0102452603662996,-0.149079005147051,-0.000218406595856984,-0.017154718643359,0.0290761858837942,-0.00978080066004929,0.0218592987142361
0.00422944599064408,-0.00765143883735793,-0.185063214294273,-0.0336019688063717,0.0185641498077331,-0.0126154521006415,-0.124011880444312,0.00463686756776004,-0.0415857972896324,0.0557537064064003,-0.0517624778320342,0.0266695654901607
-0.00849891041312088,0.00420440060699552,-0.195870289443957,-0.0270174387360217,0.0192814621486108,-0.00236591131252023,-0.0998471910984617,0.0155551952762947,-0.0352857197707263,0.0613119559794126,-0.05093326126083,0.0199111871870391
0.0227291290669192,0.0172924951510394,-0.00241419143093338,0.165646901822822,-0.00661910186706655,-0.126861289886969,-0.021927231133184,0.000366232476628736,0.0305545490639961,-0.0297496955254322,-0.00444100889941123,-0.00113940147037352
0.0131597221843791,0.0329505768823364,-0.0097402207275663,0.164496990440552,0.0143203397884924,-0.120453573755739,-0.00209957346365986,0.00577968506315471,0.0149103468051411,-0.00522729642438927,-0.00968140124608234,0.0048368339682434
0.00509905293331865,0.0585832486398246,-0.00833136833577401,0.131318584232911,0.0352530104094759,-0.112961105699836,0.0424981151618542,0.0100860785179195,-0.0052738512070813,0.0487142701888405,-0.0165674534158876,0.00665857824451874
0.00713425164176499,0.0727246518942455,0.00909315990553079,0.107048029667953,0.0368333867646597,-0.0602728628651346,0.0402310960346424,0.00327167240796088,-0.0299842867841044,0.0744069941075245,-0.0212681336041717,0.0127317331383332
0.00150321206967796,0.0721218694795833,0.0146369732373985,0.076649421696058,0.0331960236971146,-0.0349755571334749,0.0455597438184833,0.00528228959603391,-0.0471616892652967,0.0987907006210722,-0.0146081400525845,0.00714544842823593
0.00364443230666955,0.0691454823922678,0.0456286572475697,0.0306178352725485,0.0173877223614407,0.000846085114771119,0.0357754071564102,0.0022952191147249,-0.0563288157872,0.113759617914362,0.00390849250928432,0.000682288951571752
0.00398849334839109,0.0640428016790455,0.056651009747269,-0.00234910243067266,0.0107578309601132,0.0179488896647071,0.0224219628200179,0.00570507758754845,-0.0648461347629718,0.128740033652309,0.00943698082780305,-0.00645892480495945
0.0201040932133841,0.0540444592305443,0.0808000247022959,-0.0232153845875985,0.00438126608640697,0.0283621980450433,-0.0024253492050457,-0.00556241430821162,-0.0541746532265076,0.120658067148909,0.0249355312550137,-0.0194847362619948
0.0352595871554968,0.0441319081783404,0.0949012435531062,-0.0339815606218692,-0.00773801104505682,0.0414171531896119,-0.0397926522545977,-0.0073446345450157,-0.0371611731087908,0.096446045307501,0.0372880787878305,-0.0172454171956237
0.0485399728585879,0.0282629751031081,0.0955261037731429,-0.0431141673699712,-0.00887527870683449,0.0380934124377643,-0.0809552372192956,-0.0118373890146692,-0.0238044854626224,0.0751047788499822,0.0418691729012258,-0.0117875925713249
0.0469008379423375,0.0166859439753357,0.0864293012729506,-0.0394335112434065,-0.0180150048487097,0.0390189399367373,-0.113412589512103,-0.0167153045025937,-0.0155782803728967,0.0504735296577937,0.0442094377791968,-0.0117908795736935
0.0454626231291899,0.00430492132497272,0.055961138405509,-0.0318703763168266,-0.0228339851033847,0.0284149839987735,-0.158447177445215,-0.0137917645432589,-0.0154613011360972,0.0353201802310339,0.0234847558843302,-0.00575187667879793
0.0569499105128171,-0.00372467874192099,0.01048743606647,-0.0121405080735894,0.00162325854071558,0.0105386281486276,-0.196124066262933,-0.00846231797179061,-0.00938060027320676,0.0249220082569537,0.00348445782651333,0.00703743968618915
0.0405455648616606,-0.0075694972402768,-0.0148326995678249,-0.00794482538837691,0.00580754381724321,0.000198676504994338,-0.205588184500036,-0.0124165066816849,-0.0145003821458803,0.0177771852840271,-0.0195154789081152,0.00574809802962619
0.00631766376683195,-0.0115907617519214,-0.0548265598526982,-0.0193312277265645,0.0162002221831991,-0.00835158650964047,-0.191812109468767,-0.00505720953089668,-0.0325570468829049,0.0297748622628247,-0.0445165536315933,0.0137777759134244
-0.0366668408804983,-0.0125758950302703,-0.118220945700311,-0.0398298284612572,0.0266245681119959,-0.0105098541478151,-0.156186507676285,0.0089007019864655,-0.0528284763263113,0.0591299884295454,-0.0813351372919512,0.022066826162741
-0.053013744645124,-0.00038469411597945,-0.157860543316096,-0.0268953538028601,0.0307969534853092,0.00281685918565892,-0.123528148256704,0.0238584292306691,-0.0494733580391814,0.0681083063164819,-0.0755170045845908,0.0218670326857979
0.00566845890998593,0.0253524377726963,0.00672902979912801,0.195792356154118,-0.009626985240261,-0.0624121092232358,-0.00584294115315504,0.00101985657316735,0.0161763122730663,-0.0256034151576746,0.00387027556617415,0.00227743980227948
0.000716216458430916,0.0274405023831869,-0.00497447780657282,0.21900545689102,0.0049366733009243,-0.0422809105967334,0.0159308990671836,0.00268740932183186,-0.00299954296505385,-0.0127846315867314,-0.0050863576883928,0.0099754219920372
-0.00463730370433705,0.0380632196501537,-0.00429355625116177,0.206743273472032,0.0224901333421085,-0.0279952366601979,0.0270593945330793,0.00517565934789572,-0.0193366187468311,0.0106422892022268,-0.00932241656411774,0.0207281212949106
-0.00484922437274544,0.0466031173509782,0.0133767798172131,0.171145815093779,0.0192690596705193,0.00142840423214119,0.0344287739125928,0.00225112355918145,-0.0371439145891218,0.041373918794638,-0.00791223167067538,0.0181282717921305
0.00137856435434842,0.0530403772293755,0.0178682710421331,0.128881574533814,0.0196449891895259,0.0193703802368763,0.0395813980481443,0.00409693461577617,-0.0439372319443196,0.0722465697457752,-0.0126280874604929,0.0133966420700405
0.00850435826106501,0.0796489298695796,0.037260804045952,0.0661559903820668,0.0122614610148256,0.0362812314088235,0.0456172583099619,0.00588029398058778,-0.0392519028792787,0.110271404532526,-0.0160552799865984,0.00558656464553915
0.0239689287668903,0.0742235371415318,0.0522709092179788,0.0271076314400805,0.00849905436605535,0.043759770772881,0.0254609707892586,0.00288686106929216,-0.0396096550451116,0.126234305205073,-0.0123332859898649,-0.00553900557851203
0.0370518510785422,0.0713410427664171,0.0656216755875345,0.00266548241375903,0.000871568396508912,0.0549642862517944,-0.000790059310449372,-0.00266281839824813,-0.0218089641366787,0.118721443572975,-0.00917970142336839,-0.0129906908762244
0.0441642911529073,0.0650627870186092,0.0847783332579857,-0.0209660069865915,-0.0111780907452257,0.0637548267937642,-0.0265683602399395,-0.0112956247272342,-0.0151664396534109,0.108514114103461,0.00220678894336783,-0.0184005131052032
0.0476826504274568,0.0452422764715616,0.0881393154209439,-0.0280745641762897,-0.0191863260817946,0.05690573559183,-0.072246614435965,-0.016470109106663,-0.00539067515371069,0.0821034105093437,0.00962680444357244,-0.0138650721614153
0.0456010509696857,0.034627749225758,0.0899552940704213,-0.02538981079996,-0.0261919678403998,0.0505742554401969,-0.105792706007214,-0.0206041993818425,0.00873594768586668,0.0525579633773351,0.0196316473000854,-0.0129063195561081
0.0310434027769589,0.0263022824478705,0.0683386109038001,-0.0170804733851366,-0.027500024239554,0.0399309057884121,-0.133989871462192,-0.0171006729701875,0.0152690773852371,0.0353272247764145,0.00674773794599252,-0.00645051979537003
0.0296164882916247,0.00475650676910865,0.0452089743577454,-0.00884733204645807,-0.0106544538175541,0.0177228490300394,-0.191538006094198,-0.0136847835042603,0.0018095999945568,0.0222171190207683,-0.0100729167525038,-0.000942649765093631
0.0220033330227212,-0.00137024405861041,0.0147733807603365,0.00670512916366425,0.00247651028811187,0.00209384948650269,-0.212179968129246,-0.0131747377715921,0.0018752956091889,0.0111578486385207,-0.0330404009534679,0.000972609915537062
-0.0271428347358723,-0.0105800929434061,-0.0169092773589003,-0.0125411795070828,0.0153147886134491,-0.00490581894494772,-0.198401452645859,-0.00606412160092449,-0.0290356404663827,0.0276658133608514,-0.056167596712847,0.00633546867459474
-0.0865688474648863,-0.0210922527713453,-0.0580182532682913,-0.0482442088820517,0.0233494372650141,-0.00790701393643476,-0.170484679074824,0.0064394117126279,-0.0580639321785524,0.052417703216647,-0.0923578420413293,0.0156781478973593
-0.0925500141890526,-0.00920756712586069,-0.0932035206457995,-0.0472966129614368,0.0188511902153534,-0.00074384122483446,-0.137968741363366,0.013266737815903,-0.0528786540840181,0.0666683347274128,-0.099341645429424,0.0146898714676191
0.0026523240861149,-0.00897343357429904,0.0116270133153844,0.244640089701082,-0.00858304578754172,-0.0142845055104034,-0.0067835221339285,-0.00818702132399672,0.00154658280114522,-0.0470196482622863,0.00981419271238397,0.00871985298631218
-0.00699997497830591,0.00014063749292512,0.00503733114430451,0.235736583780654,0.000402449686375952,-0.00257954754102939,0.0190466681608348,-0.00510567124830261,-0.0132980111013389,-0.0195070010183489,-0.00211646905425137,0.0105366102743336
-0.00392153178382055,0.000747913786854671,-0.00175274509242504,0.218625103357436,0.00493845838348402,0.0219894055513619,0.0326701258577078,-0.00450960119117651,-0.0292137838880305,0.00447118275148282,-0.00940192259579825,0.0213493721252423
-0.00143110247918073,0.0112261531705109,0.000951951672181962,0.176295135132496,0.00577595917948263,0.0412354619790583,0.0432706866580965,-0.00177519453093934,-0.0392246192376344,0.0414687027360748,-0.0199188801006586,0.020655523967911
0.00316270000592056,0.0211996608791083,0.0150910249331535,0.137629075206799,0.00714951508395568,0.0617645802357885,0.0444265990383156,-0.00260991995476208,-0.0455555725301662,0.0703543009733468,-0.0232109452043032,0.0172361927998737
0.0111433471688173,0.0574375038695063,0.029589095938662,0.0870305172967979,-0.00018171357163783,0.0733720590543754,0.0445998488486846,-0.00397469139391013,-0.0259673032176022,0.0930667266022718,-0.0298422153641612,0.0119401193231324
0.0229547931163598,0.0596465384338036,0.038856054879222,0.0418541366127273,-0.0027140233242742,0.0760539431180614,0.0246268310087883,-0.00421396275200573,-0.0132464416288878,0.105959538556274,-0.0391714689711744,0.00301011200513517
0.0391101173388299,0.0679031924819755,0.0477517889154749,0.0184567865298151,-0.0118684137396571,0.0759453222557165,0.00282927451994546,-0.00940845326335807,0.0108229519982441,0.0987382504996908,-0.0353574479583422,0.000747926012901075
0.0507063553044199,0.0620438706519077,0.0682514860944115,-0.00929881258113004,-0.0134991992208469,0.0728382889637451,-0.029940917229946,-0.0142530095429959,0.0304304740530621,0.0897580137765702,-0.0243512529081079,-0.00420116074336621
0.0519954789397243,0.0596171972132689,0.0729057838837485,-0.0130169928582077,-0.0196508531179119,0.0631829409445188,-0.052736507655557,-0.0154608782398304,0.0426778040132233,0.0721064531048216,-0.00749377033479994,-0.00551396110717316
0.0434927667624021,0.0565452665879101,0.0796363356431054,-0.00408897710667351,-0.0219977594121758,0.0514415479361829,-0.0769114608851049,-0.0211954227666289,0.0643803032965768,0.0401206159138664,0.00826467950024529,-0.00204261089306373
0.0152332100169313,0.0455344072005779,0.0713928563422402,0.0171448078373583,-0.0229950291189017,0.0446840842908846,-0.105928394112424,-0.0192095208624384,0.06919248064406,0.00379587408888351,0.0116221961135369,0.00244324783975526
-0.00731620235095714,0.0230585978223889,0.0621567484890082,0.0291600956106102,-0.0121305591536507,0.0235709314321135,-0.157081248760885,-0.0187990067095358,0.0528327119647565,-0.0179715087867542,0.00242630454028472,-0.000996384826121311
-0.040808886675881,0.0149799656695575,0.057520125044601,0.0353858976639898,-0.00412888618318555,0.0128189268770359,-0.164328139616409,-0.024173660696515,0.0317435750194793,-0.0256706428417679,-0.00333615525454182,-0.00447745466983844
-0.0882069593343363,-0.00328907140045003,0.0290048974752243,0.00610588876548105,0.00401472146704619,0.0112725547396424,-0.154475488653746,-0.0163010348948966,-0.013599091496971,-0.000207211174325758,-0.0340272614879744,0.000835144470069497
-0.164110092041609,-0.00835772728389766,-0.0149387420224943,-0.0276943738313577,0.0106608121208875,0.0107773932136882,-0.111396686175074,-0.00602815293833748,-0.0625934910929423,0.0376802362781313,-0.0679936168776801,0.00766541703119874
-0.173657728431271,-0.0107344737859995,-0.0260801649479264,-0.0511069570909198,0.00657364320602951,0.0110373527751942,-0.100471688894278,-0.00553119300790553,-0.0720136508679747,0.0556323491605174,-0.0841008849710711,0.00680281649830469
-0.00365818269504531,-0.0864825412912289,0.0201123408249395,0.231080867946092,0.0038955370286105,-0.0235437938867532,-0.0282201370261668,-0.010257423567729,-0.00119915047384772,-0.0693983638874314,0.0229536184486204,0.00726643493758668
-0.00471320710309647,-0.101034017134078,0.0133804850422689,0.214902968426402,-0.0050569147667898,0.0146042752442889,-0.0078558503094678,-0.012135335839434,-0.0156360803549075,-0.0492705941168125,0.0170048315200781,0.0148336120782762
0.000366582736785837,-0.071923557314258,-0.00106153845040366,0.194998686701701,0.000691143406184124,0.0516521470704341,0.0308873828192652,-0.00841097792144088,-0.0410991500486495,0.0063728930656911,-0.00740613246424658,0.0200304360561161
0.00649825916949153,-0.0485564592804723,-0.0030978133375476,0.155635268173377,-0.000120840409690607,0.0778220664858451,0.0540512584350416,-0.00632710219459316,-0.0463013976200383,0.0484106924864168,-0.0268868942545284,0.0224831728183227
0.0116816291078107,-0.0235667908572172,0.00820907757802688,0.117537625837191,-0.00162531980869929,0.101146795299133,0.058919735748726,-0.0101596378189937,-0.0512357349447279,0.0816568902819105,-0.0401390219251859,0.0164751515295906
0.0126841066639913,-0.00556453865429429,0.0127147102499168,0.0941861279684123,-0.0130945843270735,0.122474520910077,0.0649952253066261,-0.0138668042940647,-0.03806985952458,0.0893586500834862,-0.0477168601182288,0.0174332088577422
0.0322935446992541,0.0485381899007978,0.0287828604602734,0.0460346626504139,-0.0112934251152389,0.0900412084373115,0.0473853840739003,-0.0119964350349205,0.0237112861086746,0.0920113771298118,-0.0443539944140849,0.00819017218169298
0.0416436968244922,0.0561569672680529,0.0359207552970536,0.0187508643759899,-0.014509392979847,0.0849758004030299,0.0308811145490094,-0.0151742506373103,0.0417531773135924,0.0933568961087933,-0.0457363794081616,0.00538806492187078
0.0636832289295105,0.0724797649585338,0.039281214467829,-0.00387591797226343,-0.0180213905115011,0.075925806129305,0.0102037973407445,-0.018547829521522,0.0822000599243457,0.0849404997117152,-0.0437730034978444,0.00366127509148603
0.0610669214306634,0.0735808038403972,0.03960182648291,-0.00616704282124727,-0.0144772895511229,0.0544534652320004,-0.0211334915825395,-0.0159397569768916,0.107169277998006,0.0631732418091604,-0.0405585426423355,0.010599622466197
0.0504859650534061,0.0631980720050325,0.0430719253360416,-0.00229198493724838,-0.0097121143266949,0.0357498616066422,-0.0444531485026064,-0.0191664340059301,0.131508654600016,0.0276730435449029,-0.0211005121452663,0.013742198485024
0.0205555399324695,0.052550520555155,0.0444932580142997,0.0193893254217816,-0.0135147070916111,0.0269544878316403,-0.0664910861251519,-0.0203544536096647,0.140878302163004,-0.012458077328141,5.43018799523225e-05,0.0112179764915211
-0.0271156217323723,0.0333724627258179,0.0596872971456959,0.0461555179532695,-0.0179366616756273,0.0200564940006146,-0.10399676369448,-0.0225316086474258,0.116985297288859,-0.0500670012730272,0.0173312387295406,0.00495576582290215
-0.109005822198631,0.0319947868965128,0.0534582406675389,0.0585023942550231,-0.00868444862489718,0.0155404440579583,-0.102101898046669,-0.0237967425599018,0.0573870577959522,-0.0488433432659566,0.011350383279093,-0.000402165861199653
-0.165090914158057,0.0107211778862697,0.0456954781198966,0.0246474706177209,-0.00347006331132395,0.0171560075473963,-0.0914233061774119,-0.0208129379551376,-0.00304481266751006,-0.0204525876584625,-0.0110299793631913,-0.00110870769036927
-0.219862583093001,0.00622253844360786,0.0172993163684736,-0.0154270295060312,-0.000635002257501006,0.0207127435328004,-0.0567733357760081,-0.0134597022529618,-0.0477432010732434,0.0177902908394987,-0.0350023254218268,-0.000264085548189269
-0.227833952009798,0.0021937590557873,0.00390153652165604,-0.0255070206708012,0.00118459821264434,0.0186244636392154,-0.0500481658080055,-0.0127617467958887,-0.0677026687046488,0.0379251129400042,-0.0566862102729852,0.00033615053635503
0.00728299077970649,-0.182176494949317,0.0275375483331828,0.12181875245434,0.00552109097236119,-0.0176544699136572,-0.0297951168154945,-0.0111401097439665,-0.00509965923059596,-0.0395069905438689,0.0241510444140753,-0.000784930778553294
0.00459001941826626,-0.189451951565434,0.0256656798436544,0.112019980000058,-0.00405886707026113,0.00787850531866948,-0.0114427991398235,-0.0125956230736682,-0.0143841165816559,-0.0249220035883313,0.0235290554856949,0.00033989576375716
0.0136946640920981,-0.160884327318612,0.0153996125084268,0.0901562299901412,-0.00400316950930014,0.0302877891265912,0.0113873739463102,-0.00889317402700122,-0.0202072806091928,0.0161223538866906,0.00324029288912214,0.00493496762600004
0.015523640522668,-0.132138990617024,0.00504672926449095,0.0761744560546401,0.00101721844755988,0.0640570817650946,0.0443846988865488,-0.00577184572383544,-0.0298940512405913,0.051113064557536,-0.0217669849532055,0.0180888029626687
0.0332032778573314,-0.116546291553563,0.00584928207784625,0.0458541476887028,0.00237611959181667,0.07970686431296,0.0487246344179787,-0.00953830889459008,-0.0202558707129911,0.0774733115899748,-0.0352843326985419,0.0117435193568054
0.0350357696507595,-0.0810330950161701,0.00014260960346656,0.0309199658424148,-0.0104272577804353,0.0978049654100887,0.0682783264502572,-0.0095469185936264,0.00323106063924803,0.0881270561389448,-0.0465380012752897,0.012921709222155
0.0426010215040234,-0.00688994960731251,0.00619369018704884,0.0142628411736358,-0.0104703483767269,0.0757324542266619,0.0718412412217391,-0.0128764837871585,0.0546563116184571,0.0933739751137201,-0.0476232666569808,0.00630680053062754
0.0515010212120106,0.036926974133748,0.00771626668952006,0.0035448205098109,-0.00690597994058978,0.0782818127918656,0.0726888292339805,-0.0158556537474751,0.0721990692861726,0.105208939673787,-0.0651231674511618,0.0118952732197268
0.062192275544147,0.0611445299198596,0.0149905097342311,-0.0258316546823518,-0.00407124351840975,0.058120574653298,0.0481685110207164,-0.0164230528502519,0.121227660610649,0.091176505797518,-0.0611276642841383,0.0147138789113536
0.0587038022938046,0.0556242338190554,0.0194533029489107,-0.0179962846173977,-0.005139323410093,0.0371891998130746,0.013233194096014,-0.0172641248239176,0.152386465142565,0.0538952247412155,-0.0433231582209759,0.0162550680922259
0.0470833650831621,0.0255485356195183,0.0238572343982273,-0.0243576032351206,0.00472367064556718,0.00114473900114263,-0.0126890489385352,-0.0117351018606338,0.192894648597913,0.00881026347529659,-0.0107996152595843,0.0181443804467685
0.00310411527441573,0.0244164249899611,0.0259930369299984,0.0189041569828868,-0.00172774226708487,-0.00761373943681036,-0.0335267853332282,-0.00869983939208391,0.200269192946438,-0.0418201316431947,0.0219806760853686,0.0106745323808303
-0.0465574148817192,0.0102740240023736,0.0326948173020619,0.0227866323603924,-0.00489810124686326,-0.0065561055814521,-0.0436018836600288,-0.00904745998171391,0.167105496586854,-0.0520894388295827,0.0328069453387719,0.00218260902952399
-0.133208555375999,0.0377886668797981,0.0419252184988315,0.0555841396372963,0.000753281101856317,-0.00835001839126152,-0.044511091432202,-0.0152712168578722,0.113243566280271,-0.0643492713993076,0.0284767174424667,0.00601492717360734
-0.202820782496338,0.0249297935590523,0.0356745374552965,0.0337293587418805,-0.0101406128904747,0.022064897602396,-0.0264463341609613,-0.0121671253933463,0.023570395529717,-0.0254421306385329,0.0114837680391418,0.000326410622485075
-0.245150389640765,0.0148978467312554,0.016031193341072,0.0037572957253945,-0.00358080304454007,0.0275318810927637,-0.00884568856629918,-0.0107293528824926,-0.0229360272268321,0.00631174580374376,-0.011808726502456,0.00162850506053946
-0.274853720623396,0.0101695926459419,-0.00365054579781206,-0.0190102691233217,-1.9970295183443e-05,0.0298796939894115,0.00890175775916226,-0.00824896624204237,-0.055184011253322,0.0306385946480912,-0.025913453929955,0.00762660773890395
0.00140463412159484,-0.251854534732462,0.0203787599602377,0.0498785226477395,0.0101022717774393,-0.0140505829200649,-0.0260002590312071,-0.00644818222060272,-0.00886085484737777,-0.0191074055903245,0.0158416243027729,-0.00320462050269832
0.00673046030582128,-0.249170055611417,0.0279541230973185,0.0301801493499158,-0.000532720800491652,-0.000996563643280995,-0.0236783680013041,-0.00912459585914256,-0.0135502543016037,-0.00250918041646365,0.0114082340114788,-0.00557904552741887
0.0175227918055013,-0.228842470940371,0.0220354881580051,0.00687355877355395,-0.00282086785455652,0.0160219728550771,0.00261149830560712,-0.00631482479957059,-0.0182128958496465,0.0331849612209759,-0.00145186388707303,-0.00458500715452474
0.0236273437363973,-0.195942919879088,0.0094160162503889,-0.0110033027302967,-0.00621972389433794,0.042719596870285,0.0269044331121631,-0.00417622496555108,-0.0162473982874058,0.0626320682325484,-0.0208941240428471,0.00291512490650287
0.0314964336046563,-0.166541957179445,-0.00189838707728191,-0.0220946501286395,0.00397743846636046,0.044911890306336,0.0375568488656439,-0.00248719150754294,0.00537055131559678,0.0788531979054428,-0.0377449010772897,0.00288742596319229
0.0354450711777461,-0.125164508974668,-0.00687647890974434,-0.0273106870686329,0.00160498718483064,0.0502678492952708,0.0659775811292359,-0.00398498665718988,0.0353578903103483,0.0897937015832136,-0.0430248517933461,0.00606144873293764
0.0521233193821069,-0.0720985329866515,-0.0097261955008792,-0.0386381367589723,-0.00371090681247483,0.0478849650533847,0.0773195671640738,-0.00839581672124038,0.0847211622891698,0.0888882394419026,-0.0471035894336161,0.0105028158107749
0.039035113148361,0.000145878039755756,-0.0151045749561688,-0.0260319070883799,0.00269398689280661,0.0505707552613032,0.0844365306374501,-0.00704422710562016,0.101115778128061,0.0964900656436722,-0.0679850681618547,0.0232728390997559
0.0394053394593903,0.0291847522431129,-0.0110710124878681,-0.0533939130482034,0.0113168113176407,0.0242682046740078,0.0724350464155548,-0.00553444890087233,0.141813751290219,0.0933250008054173,-0.0678188454418313,0.0196723356418157
0.0354525595243056,0.0210215711202193,-0.00289249486888701,-0.0534365907342308,0.0135297339811055,0.00542904928151403,0.0408470747676387,-0.00199492909831349,0.177207951255852,0.0555825298903984,-0.0421220279503272,0.0189055330018175
0.0121893651946887,0.00482650793364804,0.000427734766843463,-0.0331889647596788,0.0149063414395309,-0.0222140783772867,0.0179848895499095,0.00246911147764756,0.215599983431158,-0.000342318069311927,-0.0013507854482021,0.0180906392391436
-0.0265579467133654,0.00738201801849977,0.00561158505357894,-0.00556607550501648,0.0114702515549776,-0.0263719303442486,0.0049338503892451,0.00209927532214363,0.216827182792118,-0.0351825088019826,0.0218629219640434,0.0135559832019762
-0.066129532259157,0.00519507649241958,0.00734507156236895,0.00525392080493851,0.0173603780163638,-0.028839760049811,0.00300746377596238,0.00501010359110874,0.200857235124424,-0.0463849259252346,0.0318382684449528,0.0084284098370627
-0.137852710030268,0.0173650470559096,0.0182049298636861,0.0242970944849637,0.00944931691351048,-0.0145568795710166,0.00552795272497871,0.00286293835817627,0.137408719655197,-0.0426902282797316,0.0308144864822399,0.00590269934322878
-0.199801966978052,0.0301849818181547,0.0200119404318134,0.023836448048619,-0.006946233827587,0.0159333902026464,0.0247243673025523,0.000127580911050819,0.0674719954137063,-0.016750322785111,0.0171093413032371,0.000890821463174669
-0.251844333754344,0.0156649864795825,0.0157586125502518,0.00695465375229346,-0.00169824129819917,0.0270609720918688,0.0327924585891213,-0.00280054107877145,0.0115527034153004,0.00117975129735591,0.00488725907591451,0.000965730956053618
-0.256121047038601,0.011812344350663,-0.00412043984455755,-0.00895324654155015,0.00110816291312249,0.029604971233423,0.0408023839467268,-0.00612251790342877,-0.00954710193482776,0.018648029138268,-0.00908423699258456,0.00625907408282205
-0.0110129528768434,-0.271992223049638,0.0176858675577815,0.00678394100780972,0.0010118104611847,-0.00538378595521535,-0.0234134639802315,-0.00421855633596003,-0.0128631418585185,-0.00445420406437666,0.00730225982353966,-0.00635536568233719
-0.00411435668373245,-0.301695506655799,0.0219151658226553,-0.0315214859117813,-0.00471560363476443,-0.00551810524878456,-0.0198319893319959,-0.00474911722725949,-0.00889229175572047,0.00466064644313322,0.00756522433674332,-0.0108494696323081
0.0109945579633889,-0.285951726034595,0.0166173749423475,-0.0494141446848125,-0.00399380253259037,-0.00170071321756887,-0.00390326317989165,-0.00504173968636437,0.00121111510623641,0.0265557461872225,-0.00535007502657428,-0.00703442670114424
0.0148316409940031,-0.255206277124933,0.00511476935931336,-0.0654927680266921,7.97344006655968e-05,0.0125832877598821,0.0232693625281678,-0.00364735312780465,0.00735780566305452,0.0530841584929738,-0.0216271773864783,-0.0018931278651528
0.0201069987519613,-0.21302306980386,-0.00898064367367043,-0.0573398917345535,0.00424699090147132,0.0240680099697826,0.0395759447390786,-0.00356040724399419,0.0220142506093272,0.0649498464115494,-0.0356464870183083,0.00294256692811189
0.0264532669179162,-0.161209069591926,-0.00864888183326899,-0.0722223025926376,0.00351176488265089,0.0252258643903448,0.0599321846977719,-0.00627818815588714,0.0623404944383903,0.0733548412541478,-0.038350680866789,0.00706528900383052
0.0270955218787352,-0.0866200125505006,-0.016080775952013,-0.0555921150766394,0.00408870995477508,0.0288553076068499,0.0817959759268075,-0.0122866752193008,0.0952479132059397,0.0794340381495248,-0.054952066783907,0.0127614672674224
0.0205922038380718,-0.0314769477398546,-0.0155834538779776,-0.0726301983749,0.00324833898663957,0.020263189515455,0.0813158549774305,-0.00152076673199632,0.128186233059851,0.0834172839009609,-0.0566999818128344,0.0177209469949162
0.0133752635070675,-0.0222098402282892,-0.0181657201673228,-0.0785266353469563,0.0164394074179558,-0.0032065603395498,0.0697559107928468,0.00492651319650793,0.153673786038707,0.073045764843493,-0.0501958003055673,0.0163077001334629
0.0163548158267389,-0.0510831283057765,-0.016311163464945,-0.102089460615092,0.0167781753806679,-0.0297651566054775,0.0521924128147498,0.0109593128291192,0.19967555521629,0.0432151589052184,-0.0227555754156396,0.0138703868810625
-0.017350575310937,-0.0385350509392506,-0.0141614346339433,-0.0813771339550987,0.0152925466055303,-0.0387777949183985,0.0452599505201256,0.0119538264095385,0.214220230973127,0.0127052006182451,-0.00457533918213963,0.00998882453832213
-0.0528122415169488,-0.0306150395571614,-0.0085982525352294,-0.0481789236737892,0.0136972011870617,-0.0441362792176607,0.0369592514938078,0.00827900894647689,0.217793011092688,-0.0258737505014674,0.0162261066516127,0.0116546474112471
-0.094042109092638,-0.0185451125439887,-0.00810208761872018,-0.0246640684957577,0.0177144926010868,-0.0434480236575856,0.0395338858168123,0.00982719789942813,0.203588776146341,-0.0369617841378601,0.0298103427260545,0.00856155525924984
-0.146473012849135,-0.0175411190323307,0.00355296337091858,-0.0156136921897787,0.0113020982700338,-0.0304977896624287,0.0371321449448853,0.00472888954959101,0.152299321040597,-0.0332488332367031,0.0306891023885916,0.00216895683042007
-0.210453650159009,0.00594035483861523,0.00451481683948731,-0.00626845284308405,0.00014991873347002,-0.0105794318368824,0.0510087641712323,0.0042172276560715,0.0956856557306139,-0.0125304420151414,0.0153868573974298,-0.0040920166914677
-0.244427904674352,0.00225084088967473,0.00555772983776222,-0.015503504997686,-0.00521115421537732,0.00362602506206096,0.0635489056420229,0.000335373104802726,0.0551327636659197,0.000545586069987024,0.0089164773947984,-0.00483796914495463
-0.267784044349608,0.0145642101919796,-0.00100330500793371,-0.0115165790900646,-0.0078569018270236,0.0233637497501585,0.0695097113668762,-0.00440599066442836,0.0132620557315164,0.0184920014011825,-0.0113695763093203,-0.00174639466280605
