0.0743061619658317,0.10838979819069,-0.0330800427139691,-0.105371929971679,0.0974013033259941,-0.0387440338451577
0.074846410728719,0.103147646164889,-0.0363497923218854,-0.112224488687775,0.109495031728303,-0.0358634726677726
0.0814555905115025,0.0992934780814382,-0.0356783540798356,-0.109286248964455,0.105598720269733,-0.0305684408777006
0.0850933308323905,0.0928342046749032,-0.0377919000924976,-0.113808603037189,0.112245243624732,-0.0262669970632936
0.0798297352380216,0.0886270334158185,-0.0391776768691628,-0.125940613707417,0.098938800677985,-0.0266118707185904
0.0770418967255458,0.0668223445950096,-0.0427241595774747,-0.134851862544582,0.0768091992032059,-0.0164327779655688
0.0733013136067644,0.0532652619833366,-0.0475351213005998,-0.141449328408258,0.0653658970620465,-0.00972618024482304
0.0667189169147413,0.0342871409162608,-0.0441928149970567,-0.144734477811505,0.0405760930711167,-0.0090205926843157
0.0549686082305296,0.01774348964431,-0.0458910188827419,-0.158313819881537,0.0192686759825178,-0.0142787915017269
0.0462349791669679,-0.00487193601800734,-0.0482310191227984,-0.163884104180374,-0.0135244968906255,-0.0127027302094881
0.0367061782374212,-0.0200117044888887,-0.0466461553314814,-0.174120638649223,-0.0430627486315712,-0.0185915434612103
0.0301322541536905,-0.031648698526687,-0.0435360296330414,-0.177464224421336,-0.0598873828645884,-0.0193715306156617
0.0204494408123953,-0.0456087852118434,-0.0347242061173236,-0.188215241150367,-0.0811700940615854,-0.0226823867106157
0.0167961353240436,-0.0522636752985828,-0.0295468165268184,-0.188467666140941,-0.0935273482144836,-0.0245380520772649
0.0130415505323197,-0.0574424771802747,-0.0256380814262589,-0.188036576196023,-0.10032665867622,-0.0266785806288484
0.0798690916994153,0.113133590829959,-0.0147287354138752,-0.0587710720877428,0.0825281538801608,-0.0427455036581212
0.0848365456916009,0.112780127697824,-0.0129575526445339,-0.0616770880018983,0.0956543416819008,-0.0418223829220674
0.094094276841289,0.0995598584144951,-0.0131192811966216,-0.0548873131585906,0.0942756072049133,-0.0316365463904735
0.095420946183428,0.0933268681405107,-0.0180947887725802,-0.0610567616040763,0.0974852654978071,-0.0276798844970744
0.0971286444285806,0.0783083690377504,-0.0208092004886723,-0.0679550279318521,0.0859146289868634,-0.0149403050290801
0.0942663833615992,0.0609078236247498,-0.0252260806250224,-0.078054141741761,0.0716468114612326,-0.00771497675752221
0.0868520640292025,0.0411879524391147,-0.0306540769924681,-0.0871282989891418,0.0493528001282134,-0.00336624778475436
0.0774130388868374,0.0224970958331079,-0.0312309730372598,-0.0974047666668703,0.0311396658163128,-0.00119403772635781
0.0656629852139136,-0.00353138995231768,-0.0303329675090113,-0.105740341443509,0.000829579269896855,-0.000412842179247051
0.053548664159155,-0.0246923669446528,-0.0298228440272853,-0.118990558488012,-0.026107175861038,-0.00128038460996749
0.0401764687645954,-0.044430959888414,-0.0286398664441643,-0.132641176456717,-0.0654978553279188,-0.0100576011068886
0.0328770011332816,-0.0586721984704344,-0.0258564535309671,-0.139964588509654,-0.0940441010170765,-0.0119211598580899
0.0231780292970886,-0.0715066749674214,-0.0197782006368331,-0.148120772239559,-0.119455199171455,-0.0149665713881827
0.019277257424646,-0.0748030969650913,-0.0143699500110574,-0.150162681863924,-0.126021639878086,-0.017511213950012
0.00957159933042371,-0.0819199682107643,-0.00651586017867003,-0.157011235949634,-0.137627240269525,-0.0230751514350709
0.0776845924849936,0.107000267406478,0.00629683378897893,-0.00680606970624304,0.051582908098216,-0.055858277559572
0.0790966261062192,0.103758489731046,0.00532328383623695,-0.0108549086241406,0.0620919227785585,-0.0526417376398487
0.0942919818469816,0.0952675123321588,0.00150018496763809,-0.00240755629298547,0.0781852408388046,-0.0387887599577971
0.101556466825055,0.0873515216583449,-0.0019552991949791,-0.00768106788418216,0.0770676812822828,-0.0283889904091219
0.101931098941871,0.0725001131614285,-0.00345319803559719,-0.0130744502580245,0.0694105781878682,-0.021154808462607
0.0979181299536323,0.0525127191564411,-0.00782057349850145,-0.0220378652722586,0.0558077904316845,-0.0133775030015519
0.0922827561098127,0.0284445997283628,-0.0137196440129389,-0.0317248127225176,0.0343091442634467,-0.00356386486042243
0.0840237701369845,0.00242224621317641,-0.0159920991706299,-0.0416958577965555,0.0095681055293677,0.0050818775204356
0.0747911794020165,-0.0243528012243443,-0.0182854163948224,-0.0505921315988184,-0.00923816890309771,0.0105471338491498
0.0641057796473454,-0.0411947957972674,-0.0205902429532345,-0.0668143867605504,-0.026502172884745,0.0122366166637801
0.0557589415390266,-0.0572055218350393,-0.0165779431812866,-0.0756856476902743,-0.054745720108048,0.0107474574828755
0.0504151337526355,-0.067992812662236,-0.0149311286520553,-0.0779074503837698,-0.08405272185096,0.00730569711415636
0.0369473254558297,-0.0837987114010209,-0.00962794188852122,-0.0958501145952618,-0.125501955579059,-0.000432183652947413
0.0307632047382214,-0.0853924396136748,-0.00390164378477694,-0.101583726465351,-0.129702351858608,-0.00483827916662956
0.0192907532478381,-0.0884769249810745,0.00366877117721633,-0.115458267302674,-0.137618331653334,-0.0111235813206286
0.0743507792892204,0.109872845241386,0.0242342056941564,0.0329517878963402,0.0203618239816407,-0.0795220999842354
0.0760969322067615,0.106578961915681,0.0271470923231468,0.0368266179433994,0.0230135590656139,-0.0799734565678889
0.0814922073666906,0.0905987955772058,0.0191208261892746,0.0348238611643896,0.0359035614316756,-0.0628041979914265
0.091353281708573,0.0813199564929655,0.0148133348882141,0.0360087019131099,0.0367244959061273,-0.0457034686242568
0.0911864515872455,0.0665947097061579,0.00979621426290788,0.0292889348697228,0.0353082887535196,-0.0353917526324733
0.0938303083427841,0.0426602295893257,0.000883929826113027,0.0252352548079642,0.0287617906308802,-0.0207530808934845
0.0937579216483731,0.0125161866768707,-0.00654481006056721,0.0198014066677709,0.0156314727744835,-0.00118779782563254
0.0913518733378196,-0.0104523774433554,-0.00669323151292234,0.011682227215707,0.0113200649706728,0.00917645069258547
0.0845298212521747,-0.03571737646595,-0.00869207309782131,0.00140893351885003,-0.00124501738833156,0.0196149964314794
0.0840327798496397,-0.0524495920806767,-0.00923521138943538,-0.000869590563280512,-0.0182313391881074,0.0282654825614893
0.0730403123481635,-0.0720796202118934,-0.00734522868866279,-0.0143051592589131,-0.049860596744992,0.0259025969661658
0.0663049827078972,-0.0835770723901541,-0.00403427553286462,-0.0199772089813015,-0.0799510828622529,0.0227735750790684
0.0568373958420429,-0.0935766768883946,0.00385340009701287,-0.0289128637914237,-0.107331268979929,0.0148545141683714
0.0471082266482255,-0.0911885886057576,0.00969527240945397,-0.0442992045765656,-0.11255549949235,0.0067265521026816
0.0325894446367404,-0.0916202167730584,0.0196104998052488,-0.0625567192014922,-0.119845702849147,-0.00429573918243903
0.059116427651254,0.107685562316523,0.0411196805982472,0.0729291469588355,-0.0247265741404683,-0.107014951451415
0.0616021954322267,0.0957945067461938,0.0399698975371754,0.0751344121356535,-0.0230054412931535,-0.0985219871185689
0.0666343586005929,0.0855710563644975,0.039190794935323,0.0805142255123473,-0.0201407998811008,-0.0943939601132702
0.0727655693834605,0.0723839321170467,0.0355743772555288,0.0847202284525266,-0.0162926848849642,-0.0795259674540756
0.0746135811658848,0.0486261569915721,0.0240422142375736,0.0752232358271522,-0.0142229694929046,-0.0629003838936582
0.0851557182854884,0.025728370314557,0.00823809879239222,0.069113347173722,0.00165598309276932,-0.027392636159891
0.0978909942427972,-0.00310418197609918,-0.00185129442262609,0.0820882904218098,0.00880480970236834,-0.00480766694503696
0.104405356086539,-0.0352304768459194,-0.00855267993772371,0.0866679254666121,0.0127008847484491,0.0201515394303644
0.102577059532387,-0.0547239948031245,-0.00920033574027195,0.0782058442968301,0.00846190448819449,0.0313484570925686
0.10219335230854,-0.0658140998148359,-0.00965870309990588,0.0726194059987613,-0.00986017863670389,0.0384089620411023
0.0907909677693524,-0.0835377475816267,-0.00442094742144324,0.0563858419954285,-0.0370494528497565,0.0373810093462809
0.0866509393006055,-0.094231156586244,0.00195355121844825,0.0498126450383356,-0.0493374521700935,0.0389350303347641
0.0719079626133603,-0.0997050689403067,0.0114596701953477,0.0258950526582673,-0.0733675189696036,0.0300721002054347
0.0606802053743754,-0.101547600572795,0.0182877008593254,0.00642944993741633,-0.0870926935953373,0.0264489510067389
0.0491617039971724,-0.0954861002846766,0.027358945119697,-0.00849475261145377,-0.0947716761530145,0.0138444541357025
0.0398194832619194,0.0888657503800939,0.0425360252482735,0.101978213779853,-0.0573991962551594,-0.117089235643142
0.0462392971929873,0.0758983446602808,0.0370184362224273,0.103333438611364,-0.0428386277094858,-0.107186571521146
0.0467165240399552,0.0674204651206039,0.0368440020192812,0.106110396708932,-0.0395408523784874,-0.107416389840027
0.0468729959021691,0.0539797362350627,0.0345655718946548,0.105986810874954,-0.0358341993947583,-0.098411864280537
0.0503213049844512,0.0354092070600138,0.0259275935859045,0.101462771192705,-0.0263921433683942,-0.0775395677605339
0.0693356711358829,0.0110705111336325,0.0149293013370059,0.112261330404839,-0.0209916145931569,-0.0443059418208272
0.0775947524798085,-0.0178399268827292,-0.00097506742654175,0.107393159170925,-0.00519642091253913,-0.00771239127665264
0.0852578161178064,-0.0443101056555246,-0.00606694947740027,0.10456536911596,0.0139266670052415,0.0148437973214561
0.0877271909007656,-0.0610524993112954,-0.0075521546103151,0.0981081874405688,0.0133220434514491,0.026987214805091
0.0871845674583317,-0.0750877224560963,-0.00391118985542734,0.0960453895935786,-0.00639742689246897,0.0332845292764214
0.0872165065885729,-0.0941389802404391,0.000956386126859077,0.0876834943200587,-0.0149520375861994,0.0381958359675781
0.0814861370891157,-0.101290962665335,0.0080928152164996,0.072710995181494,-0.0270614758681092,0.0437057160062484
0.0728907569938455,-0.109209123285718,0.0172990466587478,0.0583100408094084,-0.0417539471297552,0.0403109113685045
0.0581614364625557,-0.104168195207507,0.0296194788633847,0.0336583139572794,-0.0614764646927698,0.0294184445442589
0.04568652258781,-0.0980251630150154,0.0419492632067571,0.0181899078979609,-0.0749686052780173,0.0181241353894785
0.000317842496866055,0.0819247151189172,0.0177227651411416,0.0920438138439174,-0.0788770879764567,-0.124089969445369
-0.00584119551933357,0.0714586466096091,0.0114034482010129,0.0933462922466812,-0.0747171602487934,-0.130177945055806
-0.00822617977608607,0.06079659058018,0.0113965965640965,0.0946967217431879,-0.0659724715424215,-0.12958078465271
-0.00548247168892053,0.0396827391862356,0.00673295431370242,0.091867912891942,-0.0416063223947926,-0.118193199603185
-0.00305106216574917,0.0114801257154798,-0.0157291409761727,0.082483008183689,-0.0152070671820209,-0.0922398246306491
0.0124795370111752,-0.0282038466871693,-0.0399676091942408,0.0958318536680274,0.0162141031758548,-0.0555157948660126
0.0344884610410087,-0.0487564431324475,-0.0328971163609692,0.102554800295474,0.0358076802041516,-0.0168725163283695
0.0424345962256558,-0.0704469701970965,-0.0285110583081276,0.097236829648783,0.0547440323690171,0.00281062425992826
0.0509031750333602,-0.0872544819638762,-0.0324391940647103,0.0939519455249768,0.0518248209703349,0.0190572473540837
0.0597639345899234,-0.102252192444346,-0.0261121609307595,0.0963994902680455,0.0487500777257534,0.0302029159715072
0.0640270442788184,-0.106952778788695,-0.000771639269555422,0.0909154700897781,0.0211127752610918,0.0355456189993678
0.0613945040420361,-0.109365292142931,0.0158665998350925,0.0810559069328202,-0.000165655660540136,0.0359777783887437
0.0533166537333102,-0.110751720877054,0.0278108025207742,0.0646670590902499,-0.0218254780831882,0.0321677844313466
0.044735219659684,-0.110237396826957,0.0378912793089017,0.0443936129369536,-0.0317797574976459,0.0302834665852614
0.0244180838752821,-0.095481323898228,0.0509140095223113,0.0154390232845645,-0.0417181132800066,0.00997835635297179
-0.0350324537029608,0.068291096960157,-0.0210410382589675,0.0694177995157407,-0.0955004714290382,-0.111484106913595
-0.0512730479163506,0.0575067253761646,-0.03129127709935,0.0632906723156622,-0.0947883283038879,-0.122354666019359
-0.0508537569665269,0.0525181362213093,-0.028292580373591,0.0696448928650947,-0.0844481083678524,-0.126619542231719
-0.0458786836652324,0.0209778277359817,-0.0385746023511054,0.0621420651122144,-0.0349459363978403,-0.099970718173938
-0.0458842592949262,-0.00965402145768166,-0.063739985223416,0.0596977195878434,0.00129692022564112,-0.0895330847146509
-0.0327240830337712,-0.0379582954156627,-0.0661416499876832,0.0648364036807537,0.0219581153765931,-0.0613722894212997
-0.022141064596121,-0.0583971126862523,-0.0680941910255576,0.0655206889298634,0.0493058989595721,-0.0398420425502226
-0.0153192986950371,-0.0778505920891372,-0.0619829298041891,0.0653977865428204,0.073625311481634,-0.0204194327885224
0.00608476955553264,-0.0943626928972948,-0.0576409524273846,0.0734209059295444,0.0765496976806912,0.00568076979082966
0.0196172913787342,-0.107489791868819,-0.0329296380844936,0.0737211959442264,0.0722082839786386,0.0193434248216229
0.0156282256420531,-0.116835458122988,-0.00887874605147021,0.0610616790119062,0.0675676092629593,0.0152720821434135
0.0175472293448208,-0.119039036819791,0.00770388272710339,0.0561543216987173,0.0471929140046769,0.0174463293515388
0.0132264113785826,-0.111134305878937,0.0278098516993382,0.0399917177920488,0.02293096979767,0.0131531935323407
0.0095623328050937,-0.101907681674194,0.0486964931864794,0.0255693871019964,-0.00182407135839093,0.00955141817401658
0.00366327306549588,-0.0920909710619142,0.0615063801035769,0.0110658345473168,-0.0215760526110476,0.00154923177679769
-0.0618336199951423,0.0645845428953279,-0.0466764578651782,0.0418219472250896,-0.102975813078902,-0.0922845224999084
-0.0754181575081024,0.049869254889536,-0.0621070591072028,0.0366896940661596,-0.0899419116419341,-0.0959914786846819
-0.0914522785567707,0.0380923681416952,-0.0778357593749243,0.0244085503843925,-0.0745020300864486,-0.105111416452567
-0.100170315808844,0.00793238695565654,-0.0999994818788571,0.0208803224774234,-0.0256906723519147,-0.0970625415249859
-0.0963582139310997,-0.0141736773746272,-0.111126137372283,0.0177934089049158,-0.00406948097767793,-0.0813258168718581
-0.0871661752908313,-0.0395400677391928,-0.103681355147413,0.0191328603571839,0.0350188650244968,-0.0650518485367584
-0.0723565062800552,-0.0676140951526835,-0.0890588380467884,0.0268241600070937,0.0871587158384191,-0.0441132150570572
-0.0564743510586177,-0.0814244013827863,-0.0757897907845897,0.0297937902102841,0.106346864341619,-0.0240437633587761
-0.0536018403664102,-0.091159627179073,-0.0743256056472326,0.0288284151186854,0.109420820674627,-0.0184158239060504
-0.0324931586996238,-0.0974530474783106,-0.0425378217986572,0.0328588118981733,0.106105957600719,-0.0012727425111548
-0.0273113735901016,-0.10588509683756,-0.00741460979736124,0.0276328211161556,0.0938795909659033,-0.00445606579355243
-0.0199506703703087,-0.104642759984911,0.022816010188871,0.0269404499711293,0.0758443750619387,-0.003122398855736
-0.0241804694377603,-0.104888155733673,0.0424266287192928,0.0215548594453331,0.053850404789865,-0.00976613268884526
-0.0237948839750152,-0.0858829861676051,0.0768511070821926,0.00756393014517706,0.0103623016433679,-0.02086361216697
-0.0261563999814856,-0.0753737910333473,0.0874158362572824,-0.00226471204265198,-0.0128869302880304,-0.0232172485251351
-0.0728208176304838,0.0638905416350472,-0.0614767204967057,0.0250362795353029,-0.109138628868201,-0.0553961323451379
-0.0966528584190121,0.0533527245462984,-0.0880092838238146,0.013667605529505,-0.0895795886175646,-0.0723637868464196
-0.113230601154274,0.0406894901628195,-0.107554684363771,0.000607889556409821,-0.0682159218306407,-0.0774284878443447
-0.112685971813248,0.0153168892002434,-0.119234288932901,-0.0014619641337297,-0.0184788424573818,-0.0648822167434982
-0.11196791207787,-0.00633155427462787,-0.12087110966095,0.000427210329744396,0.00460710765198166,-0.0559334031595277
-0.111742855913889,-0.0336786171350976,-0.118766316917007,-0.0112297680417227,0.0577867385890021,-0.045590436870629
-0.10789211416452,-0.0503791255463468,-0.0987401714772447,-0.0143691274086931,0.0903130791555928,-0.040833148849371
-0.0961564523171896,-0.0605502561229613,-0.0776141775124064,-0.0125801589372637,0.121037948525313,-0.0293408177548371
-0.0959191234651067,-0.0680947637970607,-0.0709844782581898,-0.0147577640088071,0.12976142066748,-0.0300039821817829
-0.0709181189674591,-0.0662444684234426,-0.0249205029171194,-0.0137456716018389,0.121232115396398,-0.0120552476267919
-0.0662763110147488,-0.0730543289630263,0.0109178520316917,-0.01432078792731,0.102520035189687,-0.0187581702255828
-0.0612946428431756,-0.0735762406422229,0.0382994359276114,-0.0152906482920005,0.0835963331078819,-0.0233071965652731
-0.0555505780815201,-0.070465898582079,0.0699455373380329,-0.013978354668451,0.0578597623734364,-0.0272843945433467
-0.0476958367055352,-0.0623721372659634,0.10421307533926,-0.0139607142754516,0.0175335027439012,-0.0316802867356036
-0.0492184849475022,-0.0606903680818677,0.11362664714976,-0.0190569928979245,0.00115232533514654,-0.0379375292337729
-0.0780442586646489,0.0621642931367126,-0.0710186143149393,0.0148981973883195,-0.11128971769956,-0.0137370470568891
-0.0890097272612591,0.0533857053447604,-0.0868248888016608,0.00933762664591759,-0.0974732258395073,-0.0181497613963652
-0.101656150762838,0.0424684021423306,-0.103616245652171,-0.00102480255094428,-0.082193396943299,-0.0192269151812147
-0.111060921883536,0.0263926063412558,-0.111998620314992,-0.00741736568061536,-0.0454389732051066,-0.0245196379600103
-0.112007728535645,-0.00126833685275275,-0.127958265135441,-0.0138480465449572,0.00575747639359946,-0.0130718633111441
-0.109944619830488,-0.0202514018369382,-0.114117814772937,-0.0203255578528487,0.0639988422543742,-0.0117441129990394
-0.111732928354879,-0.0323226452906609,-0.0965858575259514,-0.0269073660321917,0.0954224288902714,-0.0139706874761813
-0.100935339075974,-0.036717379269831,-0.063495678479173,-0.0232639554772369,0.110347124798717,-0.0113970807147957
-0.0903890736788548,-0.0409460206973896,-0.0436910631230673,-0.0212603238020935,0.123410230057119,-0.00790748840353383
-0.0754551238204969,-0.0412623186891332,0.00603160875862023,-0.0209111080179039,0.116677050744366,-0.000255012200226667
-0.0730972295128953,-0.0496229350464683,0.032979680566691,-0.0226728226098633,0.101828550172041,-0.00609198815452815
-0.069200559865912,-0.0500356388391984,0.0705416304635504,-0.022352796775498,0.0862489502245727,-0.0175887943322664
-0.0692385379985674,-0.0429749831845467,0.107993385180524,-0.0234695629741865,0.0505190640020609,-0.0329552771124275
-0.0649981187633434,-0.0371043761473434,0.133978377464166,-0.024579810015329,0.0175147203500521,-0.0396443322238903
-0.0665094526653363,-0.0409179397716904,0.146177427119997,-0.0297989994259399,-0.0107737518829251,-0.0474984809843616
-0.0640799881824824,0.0670004761017456,-0.062889125542299,0.015538989580525,-0.110892982473186,0.0347680405364747
-0.0784798662247421,0.0598428410598316,-0.0802052474082738,0.0110118237899149,-0.111393831416284,0.0297356772747689
-0.0814368415732898,0.0528396868433293,-0.0864661730399539,0.00777480290778663,-0.0963496438015385,0.0330025532805598
-0.0918790125942017,0.0427144673560979,-0.0940158820817131,-0.000337084653030501,-0.0616374005344575,0.0312788003964626
-0.0890178379919758,0.0286475195476239,-0.0948501075802507,-0.000280049962029697,-0.0290664053818779,0.0400642664935635
-0.0802791266476185,0.0106574540157069,-0.0715056099751008,-0.00466571860658235,0.0373518846690534,0.0441522855757125
-0.0832543990463424,-0.00238484713367662,-0.0562357737104733,-0.0100151146825838,0.0774066492961818,0.0304723952283623
-0.076513521025175,-0.00798697988490844,-0.0231364678745988,-0.0121939216994844,0.101148087934791,0.0291206568424621
-0.0751363354829755,-0.00982788798758263,-0.00428276294639115,-0.0161185272273089,0.11031178423562,0.0239151696190846
-0.0686758308550584,-0.0110203148295017,0.0338849815995445,-0.0185055819315416,0.0975013252448747,0.0190683559313568
-0.074216822205484,-0.0211620853887191,0.0591006427739193,-0.0234167668522667,0.0907826277605592,0.00292892579778688
-0.0740383452263526,-0.012840945893417,0.104301357619668,-0.0255583589666007,0.0612524329821991,-0.0131425913048886
-0.0732931086692254,-0.0102880557222535,0.137869196663143,-0.0277392634772377,0.0393884042371528,-0.0298813174555225
-0.0724877836609071,-0.00765279939433086,0.159356970668932,-0.0299277025891316,0.00680328504001044,-0.04257378395709
-0.0771156492812828,-0.01363262624601,0.171175072628801,-0.0356939929780813,-0.0240863654642949,-0.0496193565719572
-0.0460788296785839,0.0693622132770479,-0.0536830496173824,0.0230675311240858,-0.102533672942486,0.0819833389897837
-0.0526677705599362,0.0663868191787846,-0.0644409175063571,0.0208761030257237,-0.101116148791346,0.0856325556559647
-0.055441682219549,0.0614787635316084,-0.063372102425935,0.0176819678095078,-0.0915320117671019,0.0918272912221639
-0.0490120614749339,0.0550205024216249,-0.0597018214486667,0.0174172167065725,-0.0617612281081084,0.101928874381221
-0.0408038316666287,0.0446784341991768,-0.0571634926769915,0.0189759814313896,-0.0279900095501984,0.115542024106023
-0.0395580127010827,0.0352046559075983,-0.0385564749815243,0.0142406326228139,0.0221255387197722,0.110258685124162
-0.0398250000409616,0.0289776084751544,-0.0179076197105538,0.0106706270640929,0.059065622222094,0.0995543104929483
-0.044336288983243,0.0271367972111063,0.0106089010662215,0.0027320427493694,0.0716181774495689,0.0835915744401886
-0.0526080726031385,0.0257192102912532,0.0292511831982686,-0.00448543759177422,0.0752097070033477,0.0656255306037365
-0.0574557448414708,0.023972698528164,0.0659449599630164,-0.0131454360162927,0.0643055158570979,0.0437004215013124
-0.0641004365911487,0.0215192520094138,0.0971401533738288,-0.021436086310453,0.0522576773209977,0.0240861281133735
-0.0690539976628805,0.0208840054459113,0.131557550267774,-0.0277475394324282,0.0309694385105142,0.00369603725771369
-0.0748027421450444,0.0181180594203766,0.149262853214353,-0.026201518454585,0.00461626872039318,-0.0188628764385612
-0.0750070294106078,0.0158380553658818,0.167974574391767,-0.0285648730490637,-0.0233747997040928,-0.0318295280185769
-0.0816684175948739,0.0106110094102315,0.186171606233517,-0.0346396990005506,-0.0414090031486123,-0.0465270129502617
-0.0109836082960671,0.073454008731514,-0.0361074555602073,0.0410844945261145,-0.0805624739581777,0.138082921787879
-0.0153542615115134,0.0733580538469545,-0.0393717884020258,0.0382255999710761,-0.0805872363255266,0.14446504555822
-0.0216249019861238,0.0688370560695042,-0.0396257324560545,0.0328733623341254,-0.0760821218048469,0.149092913722077
-0.0189572888703221,0.066500014738585,-0.0348708480415739,0.0314167755874381,-0.0607009204016314,0.155170019151917
-0.00521400093189393,0.0592089132683427,-0.0364539661725142,0.0358922312225295,-0.0211573897988787,0.179058761988062
-0.00725741457617407,0.0596048562352531,-0.0180482629452786,0.0266212612972317,0.0176373822829697,0.169359465419886
-0.00883463277211041,0.0594639774770276,0.00488428901412152,0.0251047330099102,0.039871001326847,0.15863452448482
-0.0219381820142769,0.0584090831056098,0.0317459945198608,0.0136084825051862,0.0481939146914417,0.13296147658
-0.036346255228438,0.0522317431574348,0.0561124067772401,0.00321047485218656,0.0468611588153468,0.0999401687010484
-0.0440891046350362,0.0511540586609779,0.0818124115214451,-0.0052825280042579,0.0383072001229271,0.0791222350755438
-0.0545189866969545,0.0509467864838607,0.116035408345967,-0.0184827405935367,0.0255355617194341,0.0556397473449572
-0.0667236103063972,0.0431398320407106,0.149875362516317,-0.0265334845283166,0.0153623849388147,0.0207938327539657
-0.073145842005349,0.0394169086043733,0.163237963182033,-0.0242235525179949,-0.00792001482387124,-0.0050218370797048
-0.0775722604409551,0.0343010263079641,0.182657352158499,-0.0310770201877251,-0.0468729177815712,-0.0281493960401854
-0.0817982381493891,0.0300998447077926,0.194790444792665,-0.0361908128400484,-0.0633742010820665,-0.0399942742081334
-0.000170805174969809,0.0717009375078021,-0.0279730475160988,0.0465617310999963,-0.0687030604719482,0.158415282968431
-0.00331064973428664,0.0713829176449325,-0.0272182615503226,0.0447936123335653,-0.0662877792384796,0.165981334930439
-0.00315857230316127,0.0650556673493267,-0.0337268867526354,0.0412303445017215,-0.0544176413798372,0.17786438879728
0.0002603074016179,0.0650799733492694,-0.026932657566901,0.0370301582280943,-0.0407855456371065,0.187081174839987
0.005060633807579,0.0669646831352727,-0.0181488786027685,0.0337655335344429,-0.0153173946955302,0.19193737299528
0.00522341635498519,0.0690057152485253,-0.0015394791369976,0.0298762843216757,0.0119197818718983,0.190583377081224
-0.000674510327141017,0.0744784944641162,0.0215712444197845,0.0274412725612271,0.031530346627152,0.17900135759692
-0.0085897947448535,0.0785157327996038,0.0481665535800924,0.019170642794817,0.0365449257926891,0.159369595334838
-0.0266863752172169,0.0745111098381624,0.0648671071175019,0.00844908065097483,0.0268542310166567,0.128698277441166
-0.0365076216412733,0.0702050812877636,0.0871756906522803,-0.0023120906234767,0.013071001260367,0.10166013007608
-0.0442886790593986,0.0673902451723823,0.112602852792955,-0.0129104324224002,0.000950515793249453,0.0815205757019618
-0.0554341631339054,0.0587598062521032,0.146124375615083,-0.0211907403973966,-0.00796157330844179,0.0456902180575581
-0.0643224554923588,0.0500822794092215,0.159982672952756,-0.0222555869062263,-0.0278065268295923,0.0156175387793197
-0.0684772980298149,0.0452046171328339,0.175137653680015,-0.0273744250123814,-0.052908136375468,-0.00205098925270398
-0.0745939338664138,0.0373063563269749,0.183040615458858,-0.033743301878281,-0.0679085563553887,-0.0153968061555293
