0.0137320644692255,-0.0268954265269053,-0.0198555585976067,-0.000128812950572423,-0.064387970804655,-0.0176825544351037,-0.0281386874472143,0.0422315722405492,0.510113605252339,-0.0353575812338496,0.0217302129699485
-0.033630752644754,0.0058521416534755,-0.0143251545944173,0.032964794862217,-0.0179175403414952,-0.0583728070672008,-0.00463668831632912,0.00526059438411728,0.437269216795163,-0.0158150375130899,0.0650888838119574
-0.108763700876253,0.0342412205888666,-0.00817952960461969,0.0824530517597087,0.0667817173556631,-0.103037424088098,0.0225411393278481,-0.0477121353013375,0.270899124871676,-0.00880361006527999,0.141192857857948
-0.123105994482524,0.0355259043758025,-0.010862795542731,0.113060311414891,0.0917202677035352,-0.116976365916085,0.0364624073922027,-0.0496175668019877,0.146136316339665,-0.0467400716692057,0.196282746093662
-0.0872060499309281,0.00214606262970113,-0.00661714064720125,0.128338646628324,0.0717971369240436,-0.0902128992564401,0.0494895754135323,-0.0177153779956693,-0.000473680594904968,-0.154084930315163,0.270739116120178
-0.0400943370633333,-0.019107671744659,-0.00689649659160284,0.11867035508478,0.0333514819235353,-0.0531702261022324,0.042938624775854,0.0270330749350411,-0.0400445992440232,-0.241881220683431,0.254684815022895
-0.01025970567617,-0.00625332608819965,-0.00492787908765,0.0790370223995557,0.00640182140200623,-0.00305692682477537,0.0316016634864761,0.0449915382337154,-0.0416059077976914,-0.352661911351303,0.163049587398633
-0.0254132933916506,0.0397997075239249,-0.00520102540702279,0.0195276653755921,0.00247408993679621,0.0286618074024772,0.0162689725146784,0.0174470884293488,-0.00595738671206024,-0.439144821183686,0.0405983270839272
-0.0556360935850097,0.088921987992726,-0.00531574657310361,-0.0193098669270278,0.0271829800067917,0.0376968775250767,0.0141122106716305,-0.0219852785622777,0.0240836739862329,-0.47463564712432,-0.0670052656510479
0.0750256419028642,-0.0128555861298912,-0.0354105054092194,0.0204881237838146,0.0196633746435554,0.119281589719719,0.0188473213029438,0.0563655813045998,0.371500839904255,0.0794048749278951,-0.0523266038881823
0.00483922049578674,0.024948951235937,-0.0346449053629701,0.0685789987876957,0.0771820314112142,0.0556399193755309,0.0367791855047922,0.0257662388263319,0.289949558009853,0.136167823109218,-0.0172039824254894
-0.085260367011572,0.0535158951433454,-0.0400505387639117,0.112604544643402,0.14995670416853,-0.0123414296838605,0.0493136465157018,-0.0141829174724088,0.140044547952679,0.150475664112163,0.0531929582378674
-0.0866210327607929,0.0295430790916836,-0.0564575609610026,0.166946428622282,0.205862863065361,-0.0411022020664347,0.0635954558350012,-0.000904027932522361,-0.0271821027319295,0.140287469657897,0.118724524588569
-0.0585802434353383,-0.0105189679022028,-0.0511262275189388,0.190183721828966,0.153023232653468,-0.063067903574461,0.0538730306546815,0.0486576231684711,-0.110083012170944,0.0671756614724347,0.158173781465142
0.0298623010391743,-0.0625112278999765,-0.0517772088788612,0.195484445404185,0.0872869868933047,-0.0405660900622876,0.044800646168849,0.129131316956034,-0.130768302637317,-0.0122663194948351,0.111898462225426
0.0800771496114796,-0.0749379626035976,-0.0514897383595239,0.162386635583084,0.0396293035986375,-0.0304995648743032,0.0279080094836456,0.162046594456576,-0.0899040374538691,-0.112527394553214,0.00292629736749095
0.0605728692629244,-0.028414057495425,-0.0574906640359296,0.101155091217202,0.0713475584896188,-0.00336834833056297,0.0245708789892689,0.0963238747278323,-0.0461010033968834,-0.205432408585425,-0.149352852563545
0.0100736869111343,0.0233580423661819,-0.0571729406671438,0.0503310726767918,0.105734028711521,0.000106539096426848,0.0177794419292336,0.0311809032265046,-0.00350560314227668,-0.255047526662712,-0.261246913634642
0.0842072982421963,0.0220944534596403,-0.0110491602593611,0.000474630975884962,0.0364524188618639,0.324833591185096,0.0561547811789854,0.0420095107928648,0.160549968643002,0.0649715474911005,-0.0404609303978511
-0.00611907403777556,0.0688471407904618,-0.016253640066665,0.0384363177596515,0.0984764774348414,0.255511739864044,0.0696853804132568,0.0119866680095889,0.0712044924235348,0.126795606317557,-0.0142555142464258
-0.118377310601393,0.0956847320745595,-0.0282685299981639,0.0672120747815535,0.143787542744255,0.150629509681681,0.0622057307773989,-0.0103787778000982,-0.0493799389753462,0.143490900766359,0.0270597248413374
-0.1434203490358,0.080706930532847,-0.0541097414844045,0.118388950663033,0.134972818597668,0.0307848542506775,0.0399093067261046,0.0423298021094402,-0.112975890611902,0.170491799942839,0.0483579456656446
-0.0665132437148475,0.00946063212289259,-0.0509991110754823,0.182595260194592,0.0488290541235797,-0.036574422099334,0.0260943488554762,0.134329932693982,-0.145514750277502,0.169141701161458,0.0796120764915909
0.0101185857930252,-0.0344685381444725,-0.0343930617044802,0.192990873716629,-0.0498326430403816,-0.0414216018066932,0.00483663736173435,0.198825819505517,-0.107740230943363,0.116881757588646,0.0044113014744531
0.0718185596187585,-0.0631753126793019,-0.0300812404931281,0.187359671337289,-0.0659555437924924,-0.0422592447787743,-0.00331899134742445,0.212430445920867,-0.069372883780012,0.0420944464172997,-0.112641665069235
0.0762562621317921,-0.0453307217463555,-0.0446096669852503,0.153480894438293,0.0169846004877539,-0.0403351323978449,0.0149433670419914,0.124190084943806,-0.0301818143693066,-0.0206411871939922,-0.272644559686309
0.0151749586468959,-0.00338356645390606,-0.0556091847632389,0.10444596657261,0.0999998955260944,-0.0511456831477455,0.0111404971576182,0.00948578188912261,0.0040908656968459,-0.0758723161677092,-0.375988868330737
0.0407430637566365,-0.0400427618409471,0.00114356116868839,-0.0728727822400324,-0.00678103078381585,0.423334063560582,0.0429729741537003,0.0363356534900389,-0.0124423433222729,-0.0346192503629702,0.0179780275195403
-0.0928955462990253,0.0469329140220032,-0.0207362973001666,-0.0856757917304397,0.0230561625762211,0.346203922592961,0.0456606899906569,-0.00903445826894361,-0.0661452990111732,-0.0074449080676181,0.0096118663107257
-0.202493247449256,0.111655500855772,-0.0306951517190936,-0.0671730712975763,0.0201882146050957,0.207858388317814,0.0216255880913358,-0.010770708403671,-0.09928309690968,0.0265790967194322,0.00707646354683085
-0.247439990587275,0.134010770238641,-0.0377864160629812,-0.0279150638980344,-0.0543848068747889,0.063084887037804,-0.000463745570020407,0.0341649981312469,-0.10946716778436,0.0649478159422883,0.0185791727225009
-0.178307547837246,0.0895436408863634,-0.0148402405983336,0.0411712728878551,-0.171815770411189,-0.0174593994546712,-0.0155039380731045,0.0985253888593696,-0.0733824900587192,0.0874693089158612,0.021474288769969
-0.0564740007187682,0.0238061842449957,0.0134663676823522,0.0937825155311612,-0.273406220552628,-0.0303421796424153,-0.013424513527256,0.146661589989727,-0.0381151766868995,0.0699645099840021,-0.0208307818532037
0.0336162423858279,-0.00594229290097356,0.0317627333033657,0.135057383184054,-0.265547085318875,-0.0178641134511178,0.0152255487623536,0.116920565868249,-0.0181297381989705,0.0585608164097761,-0.0960127597963843
0.0354555032895397,0.00165165055710797,0.0214295402732069,0.14499077718812,-0.11368325602344,-0.0251299247409652,0.0229935234545122,0.000203223071550128,-0.00306154427462257,0.0337482620173256,-0.2553468755228
-0.017301221072881,0.0315876552135797,-0.00151413302401555,0.113582023288988,0.0316390014871734,-0.0417820063452213,0.0272048216263503,-0.127578844662577,0.0120156658573453,0.000646763388162434,-0.346543557135446
0.0284263424743223,-0.202658613952492,-0.0179161813198931,-0.109125318004209,-0.0254129490590765,0.301238675510621,0.00237749375115316,0.0598332731759238,-0.0324141729243331,-0.0480665671064641,0.0155672938378697
-0.104812717943769,-0.0901657154522202,-0.0441053627753924,-0.149157848163689,0.00329950266019087,0.239518137260707,0.0179004862008899,-0.0108607020651937,-0.0685032700953633,-0.0408419918025815,0.00578465985315266
-0.226022800021746,0.00357825091977265,-0.0705626976398504,-0.159471303046915,-0.020417561206278,0.0869552984840804,-0.00827689505703666,-0.00777054513905442,-0.060327210829112,-0.0101264295964527,-0.0269814087127477
-0.263113721204434,0.0628609721115808,-0.0751075334839159,-0.14750009619385,-0.1210757720508,-0.0393360246750637,-0.0148226936894383,0.00702554025402438,-0.0341234623079163,-0.00326796526518232,-0.019857054949111
-0.176303478867681,0.0554516257086814,-0.0415084189399553,-0.0778623194833124,-0.261508471272157,-0.0785804852466317,-0.0116531784085792,0.0571853190535961,-0.00550114932899591,0.0193321397549685,0.0151699002170458
-0.0295132835695956,0.0298280274623555,-0.00526646311224442,0.0039169446064707,-0.34426323225667,-0.0421804556834898,0.0288467373034336,0.0430338511096347,0.00996138323239629,0.0311720364014128,0.0348050704142106
0.0632420707518205,0.0205357984101027,0.0289563911460975,0.0734082518371238,-0.3178932266521,0.00362869270880157,0.0669286683024666,-0.0418215348088522,-0.000919159278867507,0.0350558497469038,0.00439137754357539
0.0455607001534081,0.00887109297864374,0.0306168275267344,0.10784605105458,-0.130434510819275,-0.000932331874008986,0.0681006128628844,-0.201440276002449,-0.0152018789304522,0.0306954881677347,-0.113776110145537
-0.0254678455588618,0.0281883841849256,0.0247716077359756,0.105067885339303,-0.00437589564518719,-0.0197217172721409,0.0352547265712216,-0.296755675208019,-0.00628634956199168,0.0233074080682679,-0.209282421634676
0.024505092208304,-0.365097866388545,-0.00572159058502377,-0.0979384757794723,0.0121358095339897,0.0735700958031404,-0.0191275294327514,0.0645302260831987,-0.00213699866347723,0.00361114116615717,-0.0118160946496917
-0.0703420134336215,-0.262150659502807,-0.0552898141336049,-0.143937311354236,0.0437301792970476,0.00645729364420548,0.00511779755054848,-0.00293044938128479,-0.019542469991054,0.00775921304885733,-0.0263744375097756
-0.153259746276367,-0.143792708296296,-0.104804393892547,-0.18992519028678,0.0309569594715887,-0.105718244384597,0.0170246561722737,-0.0132758587693983,-0.0134585286782892,0.0100766492465671,-0.0471816487684773
-0.166840174669305,-0.0222199403190846,-0.123310010393004,-0.206729206514663,-0.0583657675661617,-0.15402749346316,0.0323635021338856,-0.0218769951774996,0.0102975828063787,-0.00810103289204895,-0.0293996030497079
-0.0641840606692869,0.000877342949343869,-0.120322766885461,-0.164338311512044,-0.167806981806457,-0.134496509303404,0.0544674509917097,-0.00701692715565743,0.0201066209301624,-0.0082425954886446,0.0250802945591322
0.0962485047602638,0.00101963745044572,-0.0770454946364152,-0.0663308503167226,-0.231972970375666,-0.05265966616601,0.0980863557314817,-0.0603666301056768,0.0103072652470061,0.00147664223363139,0.0927902811328698
0.160920938658398,-0.00906268813666808,-0.0307590894711661,0.0205817876857686,-0.204485681811936,0.0076897552539674,0.105465996399183,-0.169429646388336,-0.021347371000906,0.0114451934773184,0.106017037506365
0.101756012235951,-0.00212501147057372,0.00195952968318064,0.0713840027624893,-0.0866925054176448,0.0276000144844114,0.0572163318995211,-0.30638631254003,-0.046546523313558,0.00781611503902186,0.0349694365477826
0.00478181828536181,0.0201413159103632,0.0171251634443155,0.08538693742265,0.0103311014298404,0.0181996033737302,-0.00513028154070196,-0.389677043907513,-0.0481091702648647,0.0162771838239353,-0.0549789217367264
0.0499711095567203,-0.4075143102424,0.102811033212838,-0.0460678289933344,0.0389470947768792,-0.0382125824528595,-0.00258829371061862,0.0399360167773523,-0.00298431435334727,0.0489655207582543,0.00857386276516695
-0.00395193487370563,-0.285099079862521,0.0399458563823437,-0.100385766696138,0.0976514040587634,-0.10322210338333,0.0349102729912749,0.00784155894839451,-0.013360613717247,0.0568247919782691,-0.0306206790551155
-0.0527103075934973,-0.136572674102597,-0.0293110563447954,-0.163951498132499,0.119768217802781,-0.175417274334599,0.0660603074067953,-0.00833682356945584,-0.0170312175346854,0.0520114644922431,-0.0598199703767735
-0.0330551915228484,0.0135889209877364,-0.0988487154454578,-0.208610416285122,0.0822149095407152,-0.184948558113042,0.0878296263868108,-0.0101399893512854,-0.00221288141318085,0.0328025290325475,-0.0586304819740336
0.0924394583341143,0.0472990865028251,-0.145638197837789,-0.184184200510354,0.0191897648121731,-0.134364550939641,0.113471530839092,-0.00428434650414034,-0.0121935127357478,0.0211363246534127,0.008859905660783
0.243763769608717,0.0211613030659967,-0.144378453312419,-0.105054941080288,-0.0420872654519162,-0.0395699316693844,0.122931813643911,-0.0364549644910329,-0.0400140402277819,0.0208674808167154,0.105315571979034
0.271570067652732,0.00200503430246857,-0.102599223511195,-0.0183632622807013,-0.0460062360043644,0.0143044425304018,0.074302230754345,-0.126780156099592,-0.0593967269921108,0.0282877161096465,0.13897736072981
0.130209037958145,-0.0112435560287373,-0.0525300491766073,0.0379948973458487,0.00152051162389657,0.027250346866505,-0.0697235596812404,-0.257918407897644,-0.0742665159074428,0.018699685815803,0.106276204454182
-0.00133180481742901,-0.00858412976881965,-0.0319200981003646,0.055653541782798,0.0653974454113028,0.00600135616637298,-0.172262025243096,-0.327712429421174,-0.0642671716697422,0.0207845079427212,0.00815750495300215
0.0449924688467106,-0.247574945184217,0.312130591782786,-0.000952703270318128,-0.000301004183260096,-0.0230123763719298,0.0105653910089461,0.0217184572230797,-0.0127444229698977,0.0318575113918918,0.0486335631599809
0.0281651416130916,-0.129707390202434,0.252142988061277,-0.0419048470811867,0.0877884946095548,-0.0819172425560722,0.0704592026186461,-0.00667952280064644,-0.0352787020804861,0.0539230825025863,0.00925912741385148
0.00957778323425487,0.00780219708764331,0.147048586412096,-0.111201901799345,0.149275059081144,-0.138696167295648,0.102094978945186,-0.0115569485458063,-0.0293985743591608,0.059533964048563,-0.0492002331075948
0.0387358995206026,0.151607366338409,0.040460134682694,-0.164997173388087,0.146122804454129,-0.125646663793782,0.100170174650851,-0.00437089448618163,-0.0244214995059994,0.0420181429954846,-0.0634132576459252
0.20097912995026,0.148037758216813,-0.0644891441741434,-0.155377392689231,0.114699860234102,-0.0597381416412175,0.0752839792577396,0.0665663255198808,-0.0417826074431325,0.0366482037897536,7.78804683124763e-05
0.283901408539251,0.100568183381438,-0.0982292113741314,-0.104183671881495,0.0602980942498679,-0.0129161420194931,0.0222659098483836,0.0910498434919709,-0.0555673487760098,0.0443149639508576,0.0593915706937554
0.2402719547958,0.0483167409381234,-0.0924084123687515,-0.0478972795817575,0.0183760813764771,0.0134971236731023,-0.102682626842927,0.0250016903683151,-0.056802945604342,0.0310966045989999,0.100679810361987
0.0917282427652296,-0.00890868375490413,-0.0605763730145466,0.0075862219794127,0.0351723060565018,0.00657687593270024,-0.27416526253289,-0.0970180119487224,-0.0499638082027861,0.023055843721586,0.0718239080001834
-0.026546032467914,-0.0200348015440745,-0.040646327567707,0.0260148256375465,0.0665512168344034,-0.0149153008709161,-0.363193662943327,-0.172773017746294,-0.0383969709773311,0.0215735169825726,0.00999876138323314
-0.000501834781187682,-0.0535995698909625,0.467156442836677,0.0104624847315519,-0.0773206548136024,0.0273723083741542,-0.00581896606378179,-0.00327629003567929,-0.00659548790593338,-0.012755352475284,0.0789014954711056
-0.0163365777263441,0.0614600581444436,0.44323202469359,-0.021339957073614,-0.0273714553226096,0.00287386972217859,0.0133914637464532,-0.00922491929708531,-0.0240810173986843,-0.0100855594316133,0.0521490145114232
-0.0324217370622644,0.193739154388311,0.347542399034008,-0.083367627657014,0.0369348431893273,-0.0343142202154278,0.0365197120997776,-0.00572574389582201,-0.0236835528916921,-0.00685710042322702,-0.0160136764536187
0.00485275918349014,0.278063350041939,0.236465714943383,-0.129111233675816,0.0687115515363968,-0.0378151776648147,0.0277112688000648,0.0208172437807387,-0.0173173687354318,-0.00388997675220928,-0.053025758341935
0.144866410264827,0.228928973909794,0.0869424591382457,-0.134386563173149,0.0705199483645195,-0.0168227552364583,-0.0431317192568798,0.128660961206402,-0.0110157190052331,0.0104049972032889,-0.0413959818409659
0.196552895959546,0.172523407597674,0.0255858678860178,-0.115198632103257,0.0351102185779199,0.00177754508037496,-0.129515853539396,0.18122339203989,-0.00817266657159194,0.0113654402172471,-0.00467994396586293
0.117815850599411,0.0857774098576893,0.00608450868700221,-0.0693418280760172,-0.0223874370908973,-0.00321164961859902,-0.301702873882293,0.145838149473523,0.000813132081190532,0.00646739900622614,0.0335942827076784
0.0134144746904342,0.020043352581725,-0.00185975258888052,-0.029567186356427,-0.0184966201677673,-0.0225293962186615,-0.44737708238575,0.0646667017218226,0.0147663807539597,0.00756058137568402,0.0191551917031458
-0.0801943848859771,-0.0261601787725834,0.00512169450661028,-0.000645823293020923,0.0139029226019454,-0.0554475118683328,-0.521995015934687,0.00197713954877929,0.0220751624505225,0.0176895535606676,-0.0285349914953024
