0.010227921846712,-0.013444315237446,0.164181168006342,-0.00607302903680705,0.00224131795024004,0.0307613941692361
0.0184219470095148,-0.0135321989848608,0.171898937476136,-0.000309144781823443,0.00680383216091005,0.0339024079489377
0.0251724226250028,-0.0099735843041388,0.175583260058704,0.00169444494107094,0.0168434365575385,0.0326126733878335
0.0336773851298542,-0.011638702658119,0.179979316549833,0.00836736342354867,0.0232453861366833,0.0423950078848222
0.0344260205369224,-0.0135658228790375,0.181123051774144,0.00420502198282903,0.0254531838792689,0.0405315674942836
0.0363872329789228,-0.0138221257472238,0.180013610158799,0.00803471376696285,0.0270719761765411,0.0374628377317699
0.0472630563202517,-0.0119488523414462,0.180540110313555,0.0153531183834214,0.0397563304452786,0.0427945641415507
0.0272978430832386,-0.00435370757848287,0.118509590131217,-0.000966921757662073,0.0233509526765994,-0.00643494314223126
0.0200698531298167,-0.00652468595743371,0.115142057032248,0.0024909388992949,0.0153191126038226,-0.00777069341761073
0.00710845309240428,-0.0106281141160377,0.0989957354303256,-0.00226458707724233,0.00371722015476487,-0.0332615318543551
-0.0111779532746876,-0.00969056267652622,0.0886035163689128,-0.0100251446342213,-0.00635916060020148,-0.0523042106781522
-0.0119103661118765,-0.0109957816675874,0.0840504425431943,7.98768478047635e-06,-0.0142612960787937,-0.0528854661448715
-0.016468968946754,-0.0183363974234421,0.0801444089837044,0.00498001272577396,-0.0216317514833445,-0.055600700489361
-0.0183871508832087,-0.0182872025408948,0.0816842818612429,0.0084196313872503,-0.0219959803317189,-0.0551944340787448
-0.0200072779212247,-0.0219196193869938,0.0831545081423035,0.0145358519164756,-0.0209490962237217,-0.0545622686236021
-0.0202589209786374,-0.0231528697076673,0.0824489618752799,0.0174026502092049,-0.0215466539759762,-0.0558735349337215
-0.0210565035876009,-0.0250337533185484,0.0790829200098566,0.0218366721054024,-0.0247579473993371,-0.0546967310536393
-0.0186481226224599,-0.0273146491902624,0.0786254286261756,0.0255122312716456,-0.0266796224470249,-0.0532657070028311
-0.00781199637409258,-0.0302087121863716,0.0840695776040562,0.0395029962388975,-0.0234239122438811,-0.0388329624471825
-0.015891217542613,-0.0344532158783207,0.0815377764987187,0.038690505772069,-0.0340399201849567,-0.0525828991614617
-0.013769134618888,-0.0357916811378602,0.082233882905594,0.0435738915993391,-0.0340245709747473,-0.05315213192637
-0.0201654032096831,-0.0335885780598901,0.0809180157468387,0.0452412199311215,-0.0360900965925844,-0.0583817894908324
-0.0223054266071032,-0.0330648316896731,0.0830194393127874,0.0545280511279476,-0.0415370600903702,-0.0541482148285377
-0.0185234555771399,-0.0357938712445568,0.0844220903897179,0.0631904150802467,-0.0400803439289654,-0.0472446852797546
-0.0133187221212269,-0.0348539669368522,0.0810047984797994,0.0676590480734593,-0.0377318005277913,-0.0480953004147499
-0.00891003045576888,-0.0360102768675235,0.0814131515425418,0.0678533398006448,-0.035475255286173,-0.0475104086478289
-0.00274925688257173,-0.0337019559678458,0.0875131227079914,0.0721993686503382,-0.030780136985655,-0.0410104880838734
0.00965506481376437,0.000996222222271428,0.137512399433767,-0.0265877967776568,0.00658576203690539,0.0191209943116109
0.0138203113198126,0.00640319594895917,0.137770640365546,-0.0307324664051412,0.0117571881832009,0.0118324322656253
0.0337683383316554,0.00163033598931151,0.157109780130963,-0.0144846091346396,0.025789312607609,0.0323319596993649
0.0410364875894149,-0.00408793473941801,0.161360512540131,-0.00163553615911768,0.0274248025113241,0.0387535899828606
0.0415981377102602,-0.0046154349452558,0.154629358042843,9.41071688006848e-05,0.0258683834392104,0.0336458426057872
0.0450987073744014,-0.00471532603922402,0.157319025137665,0.00357752432335954,0.0304124246238841,0.035533886720355
0.0475407155555087,-0.00172719819096128,0.128026165958,0.0108246957366916,0.0315265789745717,0.0237802796496646
0.0383930297977564,0.00297423484305065,0.108000315728968,0.00237756457003833,0.0270960702263159,0.00774843992324891
0.0307705987031647,-0.000853215189401488,0.0978370102976053,0.000900800093223036,0.0177221791019431,-0.00203197233725693
0.0120347702930804,0.00378706730639858,0.0806586716415633,-0.0093307413881606,0.0124535168890158,-0.0312605186543835
-0.00104800891932854,0.00566573122598653,0.0711400349851439,-0.0124859111787168,2.74121490477009e-05,-0.0476645529742854
-0.00866378109977825,0.00143213599958869,0.067406376498703,-0.00827701890202809,-0.00891097076611215,-0.0550586294914872
-0.00923762569428619,-0.00544494814201277,0.0593737000645931,-0.000996052318640625,-0.0162960780776373,-0.057104226791503
-0.0129364623146261,-0.0123506676204553,0.057888388183548,0.00366841792307952,-0.0234996531353445,-0.0617619015702435
-0.0130657648033878,-0.014072599561213,0.0581579051053576,0.00959841960840554,-0.0242548934000992,-0.0581294527686965
-0.0123124166194184,-0.0161334235314907,0.0593727304215897,0.0103921267464125,-0.0246345265666312,-0.0574176012641394
-0.0123903626679654,-0.019538515706775,0.0624877853893228,0.0187399597852729,-0.0290177391723128,-0.0533130228447293
-0.00865410085840124,-0.0229718429942981,0.0630076720355159,0.0261174786846648,-0.0271531902692303,-0.0493803035308659
0.00148781082784033,-0.0249695260227883,0.0644906927670818,0.0375432060296817,-0.0226360962891991,-0.0386414392739039
-0.00658848489024114,-0.0291394377633892,0.0623624109745792,0.0384965715512124,-0.0315368329472547,-0.051788848770562
-0.00451988845897808,-0.0275365790801785,0.0603653979877722,0.0470816053324591,-0.0291332890518173,-0.0518101584832918
-0.00504796350646062,-0.028319481090116,0.0645726383851322,0.0539703757317159,-0.0290490273395077,-0.0506117271326811
-0.00371141245376193,-0.0340006058370977,0.0677937545999912,0.0676935461887755,-0.0332814124097685,-0.0435077209169501
-0.00232856543351711,-0.0314947358464816,0.0649472153370283,0.0733771779993071,-0.0315250341387017,-0.0416967567702803
-0.0048916122570587,-0.0286977672552984,0.0620908843445813,0.071618629084092,-0.0333816859903679,-0.041976476446286
-0.00417603345064774,-0.0261186268255736,0.0615781239864318,0.0674304648765517,-0.0350774745140224,-0.0456343268080849
0.000541239115116456,-0.0230940317237886,0.0640711192254581,0.0687275702731985,-0.0301466258427687,-0.041075009563115
0.00437881413782135,0.0159845530252243,0.0823366782100071,-0.0436036666056601,-0.00341070174492091,-0.00855335124875283
0.0113719125178753,0.0217982806511455,0.083138899204121,-0.0437206874553052,0.00632632492144993,-0.0135992043145349
0.0223234490797799,0.0191218243781906,0.0834119785071253,-0.0312558084416329,0.0132247261881242,-0.0123971299323339
0.0371894078296224,0.0132613804644245,0.0908834682762505,-0.0146365186314469,0.0181174376896449,0.0036008582180334
0.0413231270684531,0.00748535525537083,0.0917559586104348,-0.0103825039649944,0.0185580809439259,0.00721862957970847
0.0408531760384307,0.0110368552852135,0.0917702644741341,-0.00914724875507509,0.0230511178841522,0.00577039985172949
0.0559362172031944,0.0118143561166871,0.0972515794048471,0.00414418834815228,0.0368985824660922,0.0205987254102789
0.0441962719097338,0.0139079183703155,0.0830598956798581,-0.00906580384572701,0.0324328678713251,0.000200038502645073
0.0374904747126614,0.0133999457752321,0.0710436485480543,-0.00718523511059908,0.023778053540288,-0.00847896871733316
0.0234392951363473,0.016227783661729,0.0598801717071336,-0.0162689367955508,0.0168811056056819,-0.030941351819151
0.00328447775975994,0.0177781490244569,0.047169432714305,-0.021426385104124,0.00268789206072841,-0.0529353200406669
-0.000136896778444268,0.0138938673115761,0.0422701337720198,-0.0142719732373901,-0.00101216875390523,-0.056618586968594
-0.00404052990447752,0.00217199742709976,0.0332015831879754,-0.0106791608300141,-0.0169423048364626,-0.0621304192259246
-0.00467702059767995,-0.0033076090471233,0.032859202780947,-0.00396237798772384,-0.0211293955932398,-0.0629334945770401
-0.00572485731716636,-0.00347236311530342,0.032404074112158,0.0021710112151548,-0.0231574566884488,-0.0586634626695111
-0.00419433781698348,-0.005721272619505,0.0335318884177399,0.00614487037096709,-0.0228943518336866,-0.0583528375968403
-0.00351829150122641,-0.0118028094690989,0.0390201955794741,0.0160481844709288,-0.0253529740905656,-0.0528880779885033
0.000637569792777146,-0.0148852736059565,0.0395521535707879,0.0267779634477761,-0.0245623941553891,-0.0485563748710515
0.00388865657936349,-0.0170121960523291,0.0412554892778836,0.0367669391727655,-0.0251746516350541,-0.0446953041006055
0.00527468004065353,-0.0199104565572127,0.0409892459224738,0.0426712632580526,-0.0270784700193647,-0.0449170812806042
0.0043088305031042,-0.0194779691312792,0.0391606170573179,0.0453910177791458,-0.0274733497025248,-0.0498683884348881
0.00527487353346005,-0.0211312263008941,0.0432379003721798,0.0554923284745117,-0.0285757562173028,-0.0454106828007055
0.00298510994969397,-0.0229679419692743,0.0413725736917197,0.065024140386896,-0.0324479180281088,-0.0462405814666087
0.00289074947546002,-0.0232198839309099,0.0432588996995737,0.071745585335177,-0.029950404905761,-0.0399723529939934
0.00309870379208409,-0.0248534123401526,0.0421656101606136,0.0773837200525751,-0.0323842366849894,-0.0379874435028226
0.00497518061337031,-0.0196509013917052,0.0425861807898563,0.0718852159797073,-0.0283514878081413,-0.0398069710692623
0.0106100270535357,-0.0171208833940087,0.0443518091493385,0.0714264969881507,-0.0252434785297583,-0.0374109528499242
0.00896400697688238,0.025290826880726,0.0459804904496416,-0.0551074672300447,-0.00145433868844548,-0.0281427231641197
0.0131865289946752,0.0315184497787483,0.0488269872945687,-0.0535215579489922,0.00766642993375227,-0.0321630775885603
0.0183056140804917,0.0350627283721175,0.0500691399821544,-0.0537687417834007,0.0143083879703511,-0.0305706151073955
0.0172183197147447,0.0334818444175672,0.052631603631719,-0.0506905128612645,0.015509757534191,-0.0322607178015689
0.0205134521334525,0.0282134911577446,0.0551635171619666,-0.0475304113517774,0.0215919309852215,-0.0286039846762917
0.0343529927123995,0.0253762430179846,0.0573999580887039,-0.0273984382807972,0.0263178766064524,-0.0141323928922286
0.0477507935819531,0.0245518568021961,0.0659757247724088,-0.0131133721488206,0.0369386233808599,-3.47461173421815e-05
0.0418568908902819,0.0245323552769032,0.056419211944277,-0.015305136963924,0.0285433395492782,-0.00453645949669867
0.027438418473704,0.0278771686212431,0.042567067330984,-0.0270806907572467,0.0203528255663143,-0.0226904677758283
0.0154317499301893,0.0288177017174334,0.0371447503413686,-0.0277644131998604,0.00824085954666094,-0.0375767855191774
0.0032011369334914,0.0270097923115038,0.026184093483686,-0.0236992866347855,-0.0022970095013607,-0.0517947216522374
-0.00100605867404776,0.0184198836601082,0.0181594974519686,-0.0169797323409267,-0.00828641775660673,-0.0573646133548347
-0.00145628980320719,0.011009914072237,0.0167432700140171,-0.0148802346869004,-0.0138877777353747,-0.0596523046018475
1.22627866493202e-05,0.00279233962555935,0.0170178144598592,-0.00595760005555069,-0.0166604711881591,-0.0612747872999584
-0.00282751927572272,0.00341317271599235,0.0206467893484596,0.000303938107319767,-0.0220463784341753,-0.0563689702958925
-0.0011779076480381,0.00161470790041544,0.0222244041078641,0.00437625639220705,-0.0222386951268999,-0.0538709474656126
0.002554415836389,-0.00271065795260853,0.024346260462501,0.0168727954303191,-0.0244881946225034,-0.0479827572492743
0.00952038307700515,-0.00809409273994779,0.021917424559566,0.026521417053195,-0.0235094610252222,-0.0459013791632547
0.0142617281719333,-0.00843520783272325,0.0241774833460026,0.042090082709904,-0.0189749765048008,-0.0329031655128489
0.00764763191381031,-0.00977212587580084,0.0201323517476418,0.0435549358321076,-0.0248673956980752,-0.0456765438627804
0.0117405521499254,-0.00896636542376293,0.0165219316240371,0.0522260019323575,-0.0234108445399181,-0.0458579340413577
0.0086891386604655,-0.0128864928306784,0.0197729906469168,0.0556635691066999,-0.0276688619780446,-0.0454060405125025
0.00881057687097422,-0.0159804992863604,0.0194224193786834,0.0649240547293841,-0.0292925903616909,-0.0414136811727533
0.0112058494562834,-0.0179696853751198,0.0197414071913278,0.0709846017033114,-0.0272161444249069,-0.0389114920738451
0.00975014624273995,-0.0180132909589285,0.0176086625742913,0.0723074141467916,-0.0304079184774606,-0.0422347691613367
0.0106793430442516,-0.0157873069083168,0.015703717459568,0.0746149359382834,-0.0325967624384084,-0.0459033590329683
0.0168039735736108,-0.0129657191626634,0.0133562483072812,0.078956243453265,-0.0301075132435388,-0.0458248927177185
0.00425583432287232,0.0380825483443974,0.0194284122218815,-0.0733655086858421,0.00922102066755893,-0.0421053179653995
0.0076359651379529,0.0441463287948997,0.0242112097407918,-0.0722603336059654,0.0144097558071045,-0.0420269474264077
0.00912216120102718,0.0624584019679065,0.0230606101653743,-0.083638592705461,0.0343866828349096,-0.0445554418726595
0.00905772434954034,0.0433553832740406,0.0250012289300385,-0.0648635921426755,0.0215547026662137,-0.0428922969591758
0.0118290154022676,0.0403803900553379,0.0237165782757585,-0.0637008948274111,0.0233915240157544,-0.0451993208312454
0.0133359932040945,0.0411625170495551,0.0272963957622278,-0.0571796402160179,0.0232113637211095,-0.0370898888181322
0.0304317724071902,0.040833749400044,0.0313574051037322,-0.0377205408715372,0.0327504393885128,-0.0212893579494197
0.01386223222989,0.0395063665486102,0.0233321823181183,-0.0483872890694615,0.0165899854879493,-0.0384004579744322
0.0106798343042895,0.0388435430643115,0.0188169160569946,-0.0384844678996363,0.00951989563649992,-0.0410931745880529
0.00311996885644681,0.042940537850451,0.0145082924427176,-0.0385300673918747,-0.00200545122042694,-0.046234395881625
-0.000974147923753587,0.0387079906609877,0.00637384848846309,-0.0285512297827842,-0.00805321595871458,-0.0508602518664226
0.00112239913092223,0.0276061233725726,0.00499411061162014,-0.0175364219144029,-0.00653537141029481,-0.0540015589643165
0.000786131545917966,0.0221112170704115,0.00435752607466279,-0.0127330276640719,-0.00866436432776269,-0.0563865838166262
-0.000293132585934618,0.0151295793911818,0.00649696322811391,-0.00339210419319242,-0.0098146851385689,-0.0555092809411024
0.00579575507168825,0.0123463520358539,0.0127491750027272,0.00684692923744388,-0.00985430682576014,-0.0484076439828068
0.00939668766117663,0.0117597748254839,0.0105985726449342,0.00972809580734318,-0.0106429914639315,-0.0457860875475788
0.0124180199599303,0.00500433392005547,0.0103591257177849,0.0185437265329484,-0.0133371596603309,-0.0415901464654884
0.0142774948382873,0.00115741290404349,0.00936908300996293,0.0268975761112855,-0.014669100058225,-0.040197806157585
0.00832403857384301,0.00317426978059508,0.00523304144696665,0.0321626771769085,-0.0149165931421775,-0.0422616204318265
0.0079995892535029,-0.00031389883691834,0.00236807184022221,0.0397531898994555,-0.0180972868111868,-0.0461791751359217
0.0115335684963722,-0.00274004700516227,0.00165291952169705,0.0502745648494349,-0.0158824562866842,-0.046192866906301
0.0148336346072271,-0.00317823804475609,0.00152836642277918,0.0593357362218897,-0.0172825154095133,-0.0450510137198187
0.0143541164935219,-0.00844343292605965,-0.00481067500554865,0.0692400194443356,-0.0206420369899031,-0.0462564520668238
0.0154830140308504,-0.0110279515958534,-0.00537295139946189,0.0740396702882364,-0.0244625148869199,-0.0450999437088131
0.0161296570171596,-0.00922644118906253,-0.00642778046342759,0.0760891520739317,-0.0271926747303227,-0.045153120802066
0.0157873069777689,-0.0084046332100033,-0.000893373247324306,0.0760482409316707,-0.0307920703416378,-0.0429076964682631
0.0212428219398412,-0.00837309818421946,-0.00694649494211125,0.081071193145079,-0.029115515792389,-0.0478606075359245
0.00576861812279828,0.0486438907193867,0.0017481951395826,-0.0808629840326659,0.0155274942036887,-0.049737951024136
0.00308441537594262,0.0618168864394517,0.00131202878957622,-0.0958695316846417,0.0271216372477312,-0.0537189843135366
0.0021673271194043,0.0666985996312204,0.00449316038721141,-0.0942119950595352,0.0351693048405406,-0.0515380003621011
0.00170247009568895,0.0648389238341328,0.0108300433350646,-0.0871731562870554,0.0353479813818527,-0.0478217136021618
-0.00310876384726412,0.0646452647644058,0.00862894794657756,-0.0894661339000464,0.0324379374088524,-0.0500828244278656
0.00644848558578033,0.0535385528710004,0.0101929433745684,-0.070114165664897,0.0259898242056983,-0.0417378758783755
0.00323937365476249,0.0544837057107477,0.00935200583694606,-0.0675770494944576,0.0213805755431698,-0.0409382356620635
-0.00468127707196645,0.0573118376657905,0.00521672221052209,-0.0624135707291994,0.0117078447010959,-0.0460458798685252
-0.00204256610683587,0.0484983223012816,0.000851346349928634,-0.0512186476618067,0.00184336633452649,-0.0473503364568807
-0.00439671728017151,0.0495834072553315,-0.00261351982356061,-0.0409197700631282,-0.0040919525988077,-0.0497652430760377
-0.00406671122514083,0.0416065921938509,-0.00641570722914905,-0.0319838699080657,-0.0115361558055111,-0.0461569821088702
0.00502472970658216,0.0341017455453381,-0.00962400584096673,-0.0196830770618418,-0.00381974885336042,-0.0476374086513846
0.0058997328169541,0.0314057498836213,-0.00867214594579502,-0.0177939123985445,-0.00457718080005904,-0.0479768960499739
0.0103482156537047,0.0230502273213354,-0.00440554828363761,-0.00215938803284345,-0.00231640342398417,-0.0453885486214161
0.0122499650021103,0.0187880069120994,0.0010308487903749,0.00529791311416071,-0.00190153569696114,-0.0416848440641586
0.0162042874151509,0.0153579680932562,0.00157420381014893,0.0132868087621887,-0.000284950837975758,-0.0364893468255469
0.0193035337102468,0.0167412396737121,-0.003763740881172,0.0175477050832472,-0.00312957055924579,-0.0360082938196074
0.0219400870446368,0.0106136977006759,-0.00695762449113355,0.0318857141815417,-0.00449079269833754,-0.0398349849961879
0.0191151752493295,0.00836529675975867,-0.00659289626722548,0.0385308863643905,-0.00630673648585206,-0.0415074062367855
0.0125229219180114,0.00665557103245148,-0.0136189087741382,0.0422685977582645,-0.0131716286098202,-0.0465932044400628
0.0159062373938722,0.00391825973146898,-0.0137059634155708,0.0493434054156853,-0.0121700499749234,-0.044185382696333
0.0155511621200531,0.00110950092726671,-0.0134120785001074,0.0568437139599011,-0.0122456287926852,-0.0453169525115795
0.0109556786616444,-0.00193412569772681,-0.0206765579331493,0.0671414276695179,-0.0196643422096156,-0.0491428382856373
0.012630427164662,-0.00311986158171516,-0.0219190130768042,0.0719985451533636,-0.0178388024277153,-0.0467430833904923
0.0139814362093953,0.000739848852413216,-0.0219653520845979,0.0758360551100933,-0.0164086434726331,-0.0445335133178115
0.0158098714776106,-0.000196299392751924,-0.0272597776930151,0.0834162282008541,-0.0201518948927978,-0.0486780012085122
0.0153778447846976,-0.000293183464316799,-0.021775225977206,0.0804036093739759,-0.0228004373573887,-0.0445133019360023
0.000285295524248127,0.0371162998510183,-0.00486154741782198,-0.0691584705733135,0.00424635361973442,-0.0461264370778875
-0.0102020794508718,0.0546462384632788,-0.00833672248845691,-0.0907179629806197,0.0148807472701505,-0.0562706622937996
-0.0114133545371656,0.0682659958428083,-0.00867468667943701,-0.100794985929696,0.0298578074348981,-0.0574312354651539
-0.0127876681021597,0.0692919776353117,-0.00706074385466641,-0.0970099152589341,0.035912811091047,-0.0562086270913084
-0.00807561634876371,0.064202956661573,-0.00382245878848395,-0.0868685744823112,0.0270115734550404,-0.0487008181214159
-0.00547894925063008,0.0488239206201024,-0.00241974139888993,-0.070060093257851,0.0104116866434658,-0.0485130204650182
-0.00280150021973272,0.0532184135478078,-0.00201952393251244,-0.0643456594898531,0.0129386380083253,-0.042331964964332
-0.00760097722572333,0.0518475026895718,-0.0051608361647937,-0.0587713319977526,0.0031015562092281,-0.0448454859692676
-0.00366173090482058,0.0536087363773297,-0.00564240259622727,-0.0506936641979045,0.00326480758396257,-0.0418142453038757
-0.00505630507515324,0.0489133520870213,-0.00982511483619482,-0.0449701110388359,0.000459334132723168,-0.0477302284657514
-0.000606859839784753,0.0423673531202927,-0.014113470004987,-0.0310506225203698,-0.00589664714334034,-0.0460917223593311
0.00266757564214079,0.037989118203786,-0.0150086722382481,-0.0185081232432295,-0.0110144290642868,-0.0404069182427359
0.00727952134274009,0.0380238308879643,-0.0137176744131058,-0.0124936329376851,-0.00296977585703195,-0.0406835372807867
0.0133412219482825,0.0318260148428891,-0.0132581073875672,-0.0045072488563847,-0.000890341738692052,-0.0368856777226968
0.0166121578945792,0.0300996602013611,-0.0146982908532602,0.00760658195694998,0.00501127856048993,-0.0345841654481849
0.0216724592546122,0.0267567041826098,-0.0163618386204988,0.0138567996414543,0.00855663298524123,-0.0345340151700335
0.0211997080496976,0.0249153638037841,-0.0154731019547874,0.0187420510319616,0.00271263022019134,-0.0341573898070604
0.0259123969548834,0.019682439814484,-0.0177227339451888,0.0303230179049493,0.0029972598309982,-0.0337843989229023
0.0193115061938507,0.0201373285569973,-0.0183731739576681,0.033381896511893,0.000811733551567984,-0.0408301274379139
0.0118944839936148,0.0138792334466845,-0.021773300404392,0.039507017885877,-0.00491739541581231,-0.0439870831990695
0.00949765527997473,0.00979937852390594,-0.0221291404565757,0.0465729698809204,-0.00877245696190684,-0.0450131218277345
0.0110311072304893,0.00989656482430446,-0.0245731035128356,0.0546916369520614,-0.00698979301348138,-0.0449760088509647
0.0113173943399285,0.00599194718870271,-0.0351524551276476,0.0715930806665699,-0.0117975807935976,-0.0483849031253044
0.00973025200625728,0.00827108879106794,-0.0348633203592639,0.0726730287656591,-0.0160877779996459,-0.0427717610442921
0.0102330017125315,0.00809971119433769,-0.0329813037327816,0.0730799508138423,-0.0145812756968777,-0.0422055176076394
0.0125730548306898,0.0106287738761106,-0.0273256485644692,0.07236429473075,-0.0113560830994284,-0.039021608763909
0.0138981254807282,0.00601504323944948,-0.0332081977675741,0.0782486601749873,-0.0166116699162213,-0.0432022849238731
0.00298470806885484,0.0294861640368106,-0.011388175741279,-0.0584675396016643,-0.00418488309077467,-0.040417663390068
-0.00682047794620121,0.0331138100315122,-0.0104381118161803,-0.0679107342369839,-0.00269290185378519,-0.0498877211298225
-0.0091515358369383,0.0392473662406051,-0.00930759935069938,-0.0754759940915943,0.00252661548650933,-0.0514638888514754
-0.0110073934302149,0.0452555699715464,-0.0110527313962934,-0.0767285508402088,0.00794669621545139,-0.0492090271432959
-0.012393744179719,0.0571490752276439,-0.01114788586018,-0.0863747454377086,0.015059283423511,-0.0447227164632416
-0.0105122080634677,0.0480393225645239,-0.00896686584332163,-0.0723638960741105,0.00681313921436597,-0.0413897656364162
-0.00686212298212636,0.0523336619791047,-0.00827837322733254,-0.0621790783356423,0.00910997021860779,-0.0376249768091535
-0.00626196084005171,0.0525269699664742,-0.0109215176374686,-0.060279035034364,0.00451584362405448,-0.0398624804276116
-0.00354176588523729,0.0510380138061472,-0.0100605161821168,-0.0499767839233026,0.00428803627485407,-0.0387845462944752
-0.00688163048578905,0.0490374850222362,-0.011919712699102,-0.0452301566499892,0.00403196014082418,-0.039693810973287
-0.00435791612425443,0.0432036104648429,-0.0183576013182846,-0.0317656241308376,-0.000645810369981205,-0.0380959173918703
0.00111348789296182,0.0386599167915984,-0.0218747601363687,-0.017311899584872,-0.00352411192634745,-0.03642587543187
0.00752272917724028,0.0376476229873976,-0.0192808473644426,-0.0106300225236761,0.00222577078466115,-0.0372947423008796
0.0110058772266169,0.0377313000504236,-0.019097319917853,-0.00274775789286705,0.00648081027422925,-0.0348249319922054
0.0122514949801654,0.0340681925016077,-0.0215273746942243,0.0019064210025267,0.00944760440201106,-0.0353275522666739
0.0226441476355584,0.0300083847809368,-0.0227693141844275,0.00969363289202884,0.0120639335829449,-0.0324821657548773
0.0267844476983055,0.0308910476386452,-0.0269804370899612,0.0184337624421061,0.0118652158845953,-0.0325189509642961
0.032749621735114,0.0280506820728277,-0.0304023755447143,0.0276528170363773,0.0131677941474978,-0.0356627848926756
0.0292523205674111,0.0264415271246719,-0.0349280332525576,0.0351103191372945,0.0107101833770852,-0.0415755835299207
0.0194665384518978,0.0212057721413661,-0.0347033947463388,0.0423646422102022,0.00402047586206049,-0.0450977447089122
0.0138346131800399,0.016410223813775,-0.0323768078319489,0.0498393223065325,-0.000888366603905054,-0.0421479886871111
0.00676957679085261,0.015673261201747,-0.0317992648375941,0.0527422929730279,-0.00408350655143152,-0.0400920209581726
0.00458563611593528,0.0143677584757567,-0.040121820090488,0.063174302549126,-0.0114171989309278,-0.0386951571862578
0.00837079743337379,0.0146645304306286,-0.0397044228258404,0.0670124184673741,-0.01193825225682,-0.0359133352878575
0.00897000572136338,0.0112919953038189,-0.0358647148631926,0.0719817844081697,-0.0135584350937491,-0.0343142873190534
0.0146757581375921,0.011809407234879,-0.0428258323642904,0.0761101729819413,-0.00821012552174563,-0.0430157711005042
0.0166650357337527,0.00828181707623675,-0.0448171699474142,0.0761985385992351,-0.00399881847385741,-0.0461203514666061
0.00162203630403187,0.0236667004223146,-0.0154590222737849,-0.0603027031812384,-0.0182714172917853,-0.034400975484897
-0.00804666238258578,0.0279066034203465,-0.0167177044833311,-0.0695712066236571,-0.0176509815505978,-0.0439898074433386
-0.00642587843082749,0.0337501273386739,-0.0140311495016407,-0.0735039884852269,-0.00979995853681509,-0.0440785656247216
-0.00170171862900085,0.0320992140122717,-0.0128027138212327,-0.0703084596719054,-0.00691564618016777,-0.0392446265382601
-0.00774899373767638,0.0426168627942832,-0.0131879174176047,-0.0754619742094957,-0.00284952415449971,-0.0358939682003825
-0.0054891194890446,0.0416513222910962,-0.0202295159575302,-0.0637776273191065,-0.00415434182064773,-0.0346882842245937
-0.00450022331018174,0.0466999240969684,-0.0139872642729925,-0.0542879568681785,0.0013437216699802,-0.0298280299055158
-0.0061019241140655,0.048185259294856,-0.0120354164378722,-0.0519176367881668,0.00254351032555836,-0.029562521383741
-0.00360820729840571,0.0516393255759731,-0.0152815432225605,-0.0445732685071102,0.00527357436198118,-0.0306937207932717
-0.00449581731535455,0.0500951823695559,-0.0197649759490902,-0.0374356791071073,0.00302310533930476,-0.0300572892259261
-0.00227646457441682,0.0441216040380998,-0.0258835707110498,-0.0279816168528517,0.000494515616900586,-0.0293545842159691
0.00186638161304435,0.0400079230870388,-0.0302995311946657,-0.0183550032095365,4.57422746003031e-05,-0.0308444372879156
0.0100697223491494,0.0397804550588097,-0.0274277294127199,-0.0113129016978508,0.00894082817737962,-0.0321753547919424
0.0116368986619801,0.0382693463570153,-0.0254279419755678,-0.00240399129594142,0.00737151534255439,-0.0314283954361684
0.0175740035343599,0.0333354207296125,-0.0281800777266217,0.00514889362556135,0.00918553058530285,-0.0304564678581243
0.0195681963501604,0.0317871550056731,-0.0297031766669418,0.00948713986360622,0.00938679061777359,-0.0283811853657296
0.0219159197103651,0.0312328759790083,-0.0296830965554448,0.0136231994186696,0.00661105831279519,-0.0291391672720622
0.0281885853916757,0.0327600588889217,-0.0333532790182545,0.0274019159194558,0.0141216225625436,-0.0324038644132381
0.0268369704479699,0.0316916305442103,-0.0340020282384842,0.0391164233309292,0.0146426990796879,-0.0330999974446516
0.0251876231374405,0.026270248740183,-0.0409081993488885,0.0438761342619558,0.00853471785016271,-0.0389151892203635
0.0224961418254004,0.0234128177896437,-0.0429139032366378,0.0512704752300786,0.00341831144007583,-0.0357649757911034
0.0137972964206386,0.0176512943931058,-0.0397413727696424,0.0521236285958386,-0.00328503092589545,-0.0347728161017235
0.00667969341776792,0.016756983169554,-0.0407914125519808,0.0585449666289373,-0.00926817074987205,-0.0326277783167
0.0116146429518917,0.0188825961890774,-0.0448808541267417,0.0638758489159643,-0.00849320149252103,-0.0322015184895479
0.0113614042561845,0.0202463229419613,-0.0438924730905141,0.0674643500169401,-0.00882025214518923,-0.031448761084997
0.0139172620541542,0.0215637444964235,-0.0409850795841941,0.0662952574111128,-0.00489791426491937,-0.0305534172477049
0.0204906734163192,0.0134778417692142,-0.0506530296805493,0.0741042510692442,-0.000100815321594471,-0.0445133159608427
0.0144706982890494,0.0133716443972674,-0.0115337943646589,-0.0524229960675741,-0.0223729251750242,-0.0107224719088551
-0.00647165087524843,0.0205539986463269,-0.0151826751981364,-0.0694357871907506,-0.0312296236221508,-0.0314961710196206
-0.00333263200806584,0.0212677825659943,-0.0181232692524283,-0.0723913792650444,-0.0285420489762903,-0.034696862012338
-0.00258102643906524,0.0242242699392869,-0.0169617274217504,-0.0682565487885368,-0.0255410495559753,-0.0279920389174883
-0.00180937112231857,0.0283237622036438,-0.0189682971842682,-0.0620187935076852,-0.0178255977267389,-0.0253742279090477
-0.00367057739730223,0.0338567203250271,-0.0198446937885839,-0.0563500490275305,-0.0145759120872131,-0.0227785029444412
-0.00300394885473647,0.0436489637504747,-0.0162844396927375,-0.0492448046788247,-0.00311011239646933,-0.0188071127543425
-0.0033671113099615,0.0422627693866947,-0.0163122264341787,-0.0444263365856142,-0.0023172685794465,-0.0188654491987136
0.00341570412132667,0.0495552400827706,-0.0210844284768669,-0.0404554690970142,0.00479033905371462,-0.0191016874619449
-0.00210489131733596,0.0485814296897046,-0.0229032803732643,-0.0387831200082825,0.00106885240069231,-0.0209164341299006
0.000680171695884314,0.044635930179817,-0.0302151981477094,-0.0251691081203039,0.000623564352765314,-0.0206285741213333
0.00716495861932726,0.042199763200908,-0.0339493964676207,-0.0150536563395775,0.00248596878127322,-0.0217117199607738
0.00985092788124948,0.0385081307074691,-0.0309485327387063,-0.0093434907059802,0.00601866968753537,-0.0256833653249449
0.0170845816967884,0.0371176476959545,-0.0332990326992574,0.00111364296775243,0.0104312209768342,-0.0275346088442045
0.0152363073801331,0.0307939004079043,-0.0297816295406846,0.00526492251975376,0.0059495277073527,-0.0272880707810201
0.0226657798609997,0.0288060735016303,-0.0304181159969444,0.0108529515224831,0.00713102697942818,-0.0226039138495618
0.0256775601699467,0.0304941236059095,-0.0314352701197489,0.0140599890130128,0.00842606960752353,-0.0231441496895583
0.0268644506032722,0.0354162196911899,-0.0338095657487646,0.0248110894628487,0.0140230419842651,-0.0231606624405156
0.0250446556274278,0.0353978203167185,-0.0347811667003301,0.0328558059316949,0.0139621982568806,-0.025471481921571
0.0226296499619415,0.0323747748074829,-0.0403640701971805,0.0413324732677847,0.0127825662303679,-0.0303787419463246
0.0220502854279192,0.0276183257322316,-0.0441657510091007,0.0484759873151149,0.00756470759948026,-0.0297321472701288
0.0145399419314262,0.0234168206621245,-0.0414023688342037,0.0529112646005125,0.00287909356756501,-0.0281403413453137
0.01080723429206,0.0210382283108983,-0.0433602579195728,0.0589452320854554,-0.00594248611992844,-0.0251571918461231
0.0128965980878829,0.021749408349949,-0.0395080261004413,0.0592937744955859,-0.00968815822699064,-0.019818875757968
0.013555609226231,0.0238483248524871,-0.038151165424337,0.0623206341551487,-0.00856750340382744,-0.0195738984182929
0.0191475130955422,0.0232107666666535,-0.0412963449930843,0.0611265940799307,0.000845460079568177,-0.0262167123635052
0.0199369068480845,0.0191203959890761,-0.0408859865358168,0.0589153374158014,0.0033398454187259,-0.0278236311260332
0.0170227241814886,0.00188812885358289,-0.00973817549677079,-0.0592014351853532,-0.0355612560136322,-0.00541911113476288
0.00116622240393865,0.00431155383849359,-0.01635510830793,-0.0717240865551289,-0.0450951072377415,-0.0266299628645914
-0.000417123520906161,0.0100617996225857,-0.01603879416763,-0.0678807267708736,-0.0431199486944062,-0.0209167120834136
0.00238337155000422,0.0130572866087735,-0.0185281003468289,-0.0651265040412166,-0.0366857510894169,-0.0181580594008416
-0.00640148723726645,0.0234432084758092,-0.0193277992544608,-0.0612840785831764,-0.0351734712369398,-0.0157876346910475
0.000259530259454674,0.0228351674576199,-0.0171472240987035,-0.0473479053941589,-0.0247697050503993,-0.0103000780789358
-0.00164117598937895,0.036478026419332,-0.0123935027694854,-0.0436735419665541,-0.013448337915461,-0.00496863800638658
0.00411267407524619,0.0414072003216452,-0.0167967041055707,-0.0377252178981694,-0.00416185001617607,-0.00508917574380613
0.00914698949680361,0.0437665730574069,-0.0223029466318627,-0.0343020320652466,-0.000256246529283775,-0.00713656235777733
0.00520198280661394,0.0447079731821328,-0.02387798028689,-0.0336171106648242,0.000649634314910405,-0.00518029836661081
0.00321791229610511,0.042343821511222,-0.0289968097579663,-0.0259868905733579,-0.00390781998237634,-0.0069200366961928
0.00393966958609126,0.0374868671662864,-0.0328244483289299,-0.0209727242793431,-0.00432294434277771,-0.0124303764920471
0.0161280011398301,0.0392353039594472,-0.0342154141322668,-0.0100790045466877,0.00492314809878328,-0.0147900765419315
0.0181677837767502,0.0366309135795919,-0.0339210567445379,-0.00237417174058162,0.00353030904693018,-0.0157107161676083
0.0191505272553971,0.0334604424387541,-0.0321435316408375,0.00706154497688378,0.00450890710328966,-0.0119365860382902
0.0229572886710155,0.029548769403557,-0.029653046975996,0.0106052943670333,0.00426117150405577,-0.00860943281542737
0.0248461089693823,0.0317360835312443,-0.0300141385208436,0.014622363402727,0.00265731024103394,-0.00839799242736988
0.0230621606403865,0.0348436027766069,-0.0316964979967222,0.0239801680921004,0.00743325831425993,-0.00972533814455835
0.0213781015940472,0.0361363683844687,-0.0369770602050977,0.0330593691254212,0.00735992318735058,-0.0123379265578316
0.0216303730522062,0.0354740835256018,-0.0389301744634116,0.0398441950352735,0.0103059153888975,-0.0180082710227013
0.0236844484346776,0.0321480216711066,-0.0398658625299003,0.0446082152425166,0.00895737361124312,-0.0167285216001167
0.0215296701412579,0.0270286082221899,-0.0413215596400392,0.0490920122397471,0.0056326898939366,-0.0189894165751152
0.013317807331071,0.024295433067006,-0.0389794826190647,0.0554649033961081,-0.00711711572640901,-0.0111269999692935
0.0172727643047132,0.0281558280846381,-0.0401200548768129,0.0567001473741071,-0.00728625954644403,-0.00943491879417633
0.0177452342804815,0.028528943246426,-0.0389261433418678,0.0594214412527687,-0.00831900402777852,-0.00948965919438275
0.0232437971847231,0.0267882178716248,-0.0365898763439833,0.0577900951868747,-0.00322338042499471,-0.0113746598503152
0.0232309889303195,0.0221244432851798,-0.0385124567299758,0.0559790743441344,-0.000747851764833831,-0.0157393883474111
0.00689315553378798,-0.00701028066594035,-0.00549661523031636,-0.0607009830115989,-0.0515196697269557,0.000110817379039122
-0.000405101274100814,-0.00193053392966488,-0.00876094561508776,-0.0635324776622157,-0.0535218051788263,-0.00257180610417645
-0.00280640217626477,0.00472187829987938,-0.0115511808360497,-0.0676966514801839,-0.0570753865873257,-0.00616525696967551
-0.000239592213848801,0.0125445977372625,-0.0161135922532843,-0.0626439969969864,-0.0519336062565127,-0.00378725746053792
-0.000699268329232802,0.014051097050828,-0.0177835231391931,-0.0567807614487581,-0.0459888800214552,-0.00227495299642197
0.000568916846251913,0.0190192767939891,-0.0185149283216295,-0.0499755244579517,-0.0369447057535891,-0.0010099184498016
0.00646155758733624,0.0292191530023893,-0.0150013343257049,-0.0382713964246861,-0.0196788534787488,0.00608445664778967
0.00777241031332049,0.0334341471683968,-0.0157340379677637,-0.0374657998548374,-0.00976061437307886,0.00392264985998486
0.00910171582111629,0.034394188719096,-0.0181386385806453,-0.0314953653771894,-0.00703909339418954,0.00267691116759976
0.00500474460140189,0.0349140169505698,-0.0189264090261414,-0.0287289356498185,-0.0133684228639246,0.0058177852378768
0.00208702251681016,0.0377478307028761,-0.0200849811755141,-0.0222819319459017,-0.0130252880697185,0.00636394643729787
0.00716683002552264,0.035960461307957,-0.0286668224366453,-0.0137013512815489,-0.0107891795031381,0.00200825912465868
0.0129579559600261,0.0363304664240133,-0.0259314721735472,-0.00893594477432531,-0.00437287876181887,0.000665575349496702
0.0189491760370969,0.0351886861657464,-0.0281809572200431,0.00203811376164596,-0.000134840393361079,-0.00261262677732737
0.0170836870581575,0.0341886353539187,-0.0263976933488186,0.00743575382990178,0.00150337871328152,6.55060150481857e-05
0.0204956013760453,0.0322866377646993,-0.0252926026161215,0.00863662013707371,0.00516361482873041,0.00347712181698219
0.0217777591530955,0.0327544239199981,-0.025783151108263,0.0160630193391359,0.00658676628203287,0.00269284368374254
0.0215985618394212,0.0364276368760625,-0.0276502752894665,0.0269423489201228,0.0122049040094058,0.000614770668231502
0.0192157817674813,0.0389889846352931,-0.035943544741995,0.0335283584465105,0.00601658833785647,-0.00140054581859425
0.0223240870164209,0.0361189335846354,-0.0346404868245237,0.0379008622657629,0.00935777069189869,-0.00466313891290615
0.0236552959537957,0.0340654112336559,-0.0350414888758264,0.0437821606943847,0.00128900534609729,-0.00191955348721494
0.0247585438421471,0.0326856961662988,-0.0405916254221212,0.0474627694540572,0.00267590762811107,-0.00494177197942494
0.0193864014619338,0.0323778354161642,-0.0424664688541198,0.0532083888636518,-0.00488266002771755,0.000970011642241161
0.0202969549047046,0.0307617912403403,-0.0426540460366945,0.0551653318907451,-0.009562403223845,0.00334397330670291
0.0199278944740634,0.0321635742465294,-0.036842363540202,0.05994832790004,-0.0106713891446491,0.00264641500169537
0.0231975056156323,0.0293698527391288,-0.0373932214930848,0.0568789343726986,-0.00976149066470989,0.00141735201217999
0.0247985718346117,0.0242061872368544,-0.0371376698816246,0.0544136285715714,-0.00814840694560175,-5.18571103283335e-05
0.00420115559072241,-0.0105328596240242,-0.00534949395066429,-0.0530065428644668,-0.0556958341293054,0.0103063374934047
-0.00250010295872145,-0.00929008756279006,-0.0108459566558767,-0.0580601130508934,-0.0593268191624774,0.00185034536649768
-0.00109930839986728,-0.0055093036730886,-0.010662282647164,-0.0616482772627384,-0.0590865519823428,0.00385534708558578
0.00237679363216868,-0.00352638325530698,-0.0116673464127084,-0.0573102194555391,-0.0622054631029244,0.00768737891815633
0.00207602149363954,0.00501612207852326,-0.0124919035962156,-0.0549519715681041,-0.0586799616072049,0.0114247563818813
0.0115322937916796,0.0085322005725903,-0.0141507855878211,-0.0486829124852537,-0.0532588863275211,0.0173726561074625
0.010601237028373,0.0200074138649438,-0.0102631355496302,-0.0369576192452236,-0.0394839257640659,0.0221966301330496
0.0149711922056676,0.0250201463250451,-0.010411169803314,-0.0315467385931799,-0.0240006058125834,0.0205842955821672
0.0158413253415864,0.025700879125553,-0.0078893449734098,-0.0267249817925425,-0.0200769302822485,0.0205239238110383
0.0073190043165285,0.0272748622342346,-0.0106912166983513,-0.0225639262093303,-0.0227030005884514,0.0206689580854968
0.00720221448548501,0.0307525487544368,-0.0134259168449554,-0.0177167637579188,-0.0204617365652502,0.0214150351113993
0.0054626364850044,0.0327761325709068,-0.0215156731629058,-0.0138445853274373,-0.0183501049709628,0.0147664550221425
0.015243523640719,0.0374057682368408,-0.0182440924156825,-0.00837078720733631,-0.0108659102468098,0.0176240619538876
0.0182003305422953,0.0338919843608755,-0.0176431210908709,-0.00100035555455677,-0.00827551876078484,0.0173626382909678
0.017348810972295,0.0344886688252893,-0.0208415907692301,0.00421701903958403,-0.00415887263749324,0.0165660029514437
0.0177176823017045,0.0324006373526114,-0.0212767466211339,0.00805076630236754,-0.00179773301286395,0.0199622602350414
0.0182125955327158,0.0364498348223981,-0.0216352637561159,0.0125902800380026,-0.00275239120101032,0.0222964899939258
0.0184884701292017,0.0386927948780887,-0.0285533199393808,0.0230158319583569,0.0126695306181484,0.00848333070452544
0.0225372389340933,0.0337878096516256,-0.0375139500671347,0.0337555897905955,0.0275687737861357,-0.0028370082020141
0.0207243756260071,0.0306435113492699,-0.0384204926305642,0.0400467553966054,0.0333910283748154,-0.0109088404861589
0.0207031690936195,0.0297401260149687,-0.0374727321212409,0.0474510228930814,0.0198732092263682,-0.00258805862123604
0.0206513522970811,0.031603655495932,-0.0331687163210444,0.0459321246151475,0.00641145047280048,0.00778965509048103
0.0193358228465577,0.0353734312457377,-0.0318699447779282,0.0487975466431635,-0.00362568392949309,0.015489716414882
0.0172820222264143,0.0360086154959257,-0.033082250670267,0.0478010340876931,-0.00538073640511202,0.0169853940057157
0.0243822666737039,0.0341806638460602,-0.0356491230755677,0.0545819529002572,-0.0105817659576939,0.0163990680015759
0.0257564627030892,0.0302497819800377,-0.0376745960496875,0.0539476635162876,-0.0140032006974025,0.0138631104734045
0.0275534301479816,0.0281771450161469,-0.0372527148712336,0.0501214860604538,-0.011473377216259,0.0114306868598838
0.00498991198865911,-0.0169695474970067,-0.0144982037701845,-0.0564695633146399,-0.0607053875105383,0.0114241041034719
0.00486869919464413,-0.0171437218601026,-0.0103038971612985,-0.0561040919423725,-0.0624752854163527,0.0158533636242812
0.00608350271970034,-0.0124934266209626,-0.00940698670131602,-0.0551524460765761,-0.0621414706987863,0.0142395855002595
0.0111252847658283,-0.00921485847384559,-0.0162541961326943,-0.0497813550617105,-0.0620524172761645,0.0141090811546736
0.011453300747547,-0.00154529631618707,-0.013505236966368,-0.0490701025741821,-0.0633409174183051,0.0206059670479333
0.0122200204297077,0.0027524445705188,-0.0115323627405517,-0.0457047885485949,-0.058356065957261,0.0240084105934779
0.0152120729345072,0.0133690366580669,-0.000194272902143501,-0.0361330945580147,-0.0470082860875174,0.039294553476478
0.0161142128385574,0.0157729902172517,0.00149012291967169,-0.0321600366208596,-0.0407953357755529,0.03636680721108
0.0123352003833375,0.0167898140969105,-0.00177169803159692,-0.0243801653852242,-0.0377519674545636,0.033487722650327
0.00818241950940501,0.0231271666329221,-0.00312465540287446,-0.021814606740915,-0.0390980441694857,0.0367691229295677
0.0115929150021976,0.0261625814082615,-0.00958317870686102,-0.0181323460650995,-0.0358071419943609,0.0367592453761827
0.0173747566444007,0.0302136571585764,-0.0152751035462268,-0.0141551269056946,-0.0228045129740163,0.033199690798881
0.0191033965250535,0.0322183242158094,-0.0107606493645934,-0.00996857069834949,-0.0207234359851749,0.0331046623948574
0.0251646377586164,0.0365423992450246,-0.0156022092073928,-0.00164009363642751,-0.0144000284831804,0.0320070267536101
0.021689852799294,0.0356461293473288,-0.0131775792914202,0.000815968133803689,-0.0170733687774589,0.038843054084154
0.0210968196757229,0.0356155558579245,-0.0161878420762689,0.00627194236826145,-0.0112254092384004,0.0369739992240884
0.0230037154149253,0.0390501270340908,-0.0212230985724517,0.0122280506672316,0.00305724534001328,0.0279738312897615
0.0233014215017973,0.0378674180248807,-0.0269520310188507,0.0214485174959227,0.0114829982815463,0.0208055145143379
0.0201485928434271,0.0320726844429815,-0.0310956705997726,0.0287840316919634,0.0255173506842822,0.00736280979095586
0.0160881911957979,0.0305074486298727,-0.0309510326909895,0.0345012793120075,0.0250886523681717,0.00431952864825248
0.0161221019517823,0.0280163177644637,-0.0265537689454796,0.0437729260377665,0.00792195650537176,0.0155074472962522
0.0161966249282402,0.0274537662992083,-0.022553000502918,0.0492004167891099,0.00628478438685381,0.0192105102936783
0.0158162745477963,0.0338794116888902,-0.0183450425446436,0.0512061482845462,-0.00580043433222025,0.0303365886335216
0.018804795743403,0.0320898095308209,-0.0218818939101879,0.0515748542391513,-0.0103477471053131,0.0310089372909237
0.023282645198492,0.0347294974416477,-0.0264317823421378,0.0494797531850107,-0.0133233641760777,0.0303058412993309
0.0294025624364999,0.0288887378856998,-0.0270132006049084,0.0494034110130991,-0.0141992683196969,0.0278871407818146
0.0283557173426501,0.0263229382007725,-0.029196805612387,0.0449404571819089,-0.0150352971352161,0.0271563409190684
0.00808198747075066,-0.024512540965848,-0.0141515091007593,-0.0554104051037242,-0.0712695805319065,0.0230329839061572
0.00753650599708914,-0.022969779801607,-0.013672663568094,-0.0524799031796451,-0.0731093716183039,0.0263944952542839
0.0076381143424098,-0.0192564521359022,-0.011450141188027,-0.05447905011592,-0.0676592191486186,0.0273175181480756
0.0137718987218987,-0.0198957449106826,-0.0182695752267021,-0.0469871140622966,-0.0685864584594541,0.0207377888330333
0.0161283433315671,-0.0110344484900803,-0.0157980377292943,-0.0435927074847719,-0.0670730915279169,0.0284932572667634
0.0208953144601561,-0.00547670422451881,-0.0112915412280944,-0.041543698849392,-0.0625838057669017,0.0323518687824659
0.0193338731760944,0.00175670519993697,0.0023129339511303,-0.0339238729434876,-0.0556573580352732,0.0481920945803885
0.0241292876750898,0.00252289689455256,0.00652290317972003,-0.0247852898451278,-0.0556683556442551,0.0540292680525664
0.024473415404247,0.00895202405597848,0.00535239391575484,-0.017348770278499,-0.0506558925765431,0.0575768551428504
0.0231631870901696,0.0168902784198109,-0.000283584185397558,-0.0173180776053488,-0.046029057349512,0.0505244344948725
0.0221563184779386,0.0200531359370734,-0.00239084482238384,-0.0150714495901312,-0.0419882762896348,0.0500393032189779
0.0190028131089782,0.0248677842830345,-0.00509847751181525,-0.0115975636027757,-0.0373237329995693,0.0486887213364805
0.0250588151238597,0.0291069435631006,-0.00562951310498303,-0.00643842168388735,-0.0262014998611771,0.0461039121527063
0.0254246647844813,0.0344577985877057,-0.00936971961937531,-0.00303677240884312,-0.0204491267328703,0.044799629903571
0.0239937012547853,0.0343844522175396,-0.0097742383062623,0.00306988480175974,-0.0169339531731796,0.0484677017574387
0.0243482370749362,0.0363990571769372,-0.00929581651605902,0.00718326319081412,-0.0133740315879692,0.0504450406607935
0.0225347467986345,0.0354239222593445,-0.00561346494030444,0.0119624015479807,-0.0121123088222922,0.0499120318623548
0.0194801584594783,0.0366642526702658,-0.00871190017960896,0.0231825298895385,-0.0100078770448655,0.0458559372447855
0.0133322794387031,0.0346086564394817,-0.0139036689035672,0.0320923485372971,-0.0089399389616946,0.0401669414040509
0.0157617735376462,0.0327543087627092,-0.0144816840219237,0.0331309663787121,-0.00707016098009474,0.0373270752411344
0.0112991825678613,0.0290946917694812,-0.0113216589310529,0.0404828374258113,-0.0167100800422292,0.0411252040534226
0.0109906239483588,0.0300767530107694,-0.0116814802230414,0.0461118842722218,-0.015733568841388,0.0425344089478684
0.0126739026830863,0.0355656098207676,-0.0119360157289751,0.0483414649953166,-0.0137535771256397,0.0444729216316564
0.0134687496685007,0.0338443190383606,-0.0172569169589211,0.0491988587325377,-0.0155487975921549,0.0426869456314565
0.0191191381631138,0.031343300545377,-0.0184903584623754,0.0489347540834408,-0.0190095829594553,0.0426242059306659
0.0251061501319471,0.0293558256718351,-0.0186488476079493,0.0503462312732039,-0.0193273943724038,0.0396471297580162
0.0212112163018806,0.0270670816625303,-0.0197525136836467,0.0423139342694571,-0.0201139583087385,0.0399538562929831
0.00232139885133877,-0.0328749247422663,-0.0136795976298327,-0.0591518007423236,-0.0740435464889429,0.0245862617874806
0.00120684014223448,-0.0300936221081368,-0.0128201965042039,-0.0539693267267674,-0.0710789969451054,0.0303354654374226
0.00656379650787209,-0.0257518415525613,-0.0116526948175704,-0.0552941172712944,-0.074063364402234,0.033513638121541
0.013319589787381,-0.0230140826674022,-0.0165421027984537,-0.0497194668460692,-0.075311129273916,0.0332766576056584
0.0172607444319068,-0.0203092145643919,-0.0145798402353481,-0.0409644664781293,-0.0738195772478323,0.0346777687322257
0.0183276103725853,-0.0126047434373074,-0.00829183832255556,-0.0391428586535871,-0.0644718456805706,0.0386133253954842
0.0223976846180454,-0.0100572714979468,-0.000418741768417536,-0.0312030634967127,-0.0623946716875328,0.0470648193605581
0.0255504100592049,-0.00907324780535958,0.00604390708868784,-0.0219007106939294,-0.0629017977904052,0.060333287098482
0.0297883681207789,0.000659882181760051,9.98608023113591e-05,-0.0175890307459171,-0.0537360441364062,0.0559351704581874
0.0273713403808702,0.00510900578748895,-0.000138094955672023,-0.0157686588610582,-0.0484298030159765,0.0537727645621895
0.0266045203886241,0.00902339045465033,0.000225822064615873,-0.01393064445582,-0.0456872723762055,0.0572971586040088
0.0242286032902171,0.0149570451119595,-0.00108834805363012,-0.00682922012556586,-0.0418483295871344,0.0593578823796095
0.0266871157899808,0.0263000326120935,0.000551047946958029,-0.00573764007462071,-0.0300426102781887,0.0599165264063947
0.0203424760704644,0.0311149067240561,0.000246855809661028,-0.00151270670910756,-0.0188075969667722,0.0577965190464379
0.0187937881161146,0.031892556642848,-0.00213785149391021,0.00322336125116722,-0.0139868276120841,0.057100150733323
0.017374071768828,0.0319790429603992,0.000428850891763183,0.00709720579363664,-0.0119001356388768,0.060758034881425
0.0115171611334006,0.0299930404872029,0.00730307588465435,0.0150252451307856,-0.0155986811723665,0.0685153020084811
0.00425915944382919,0.0320759483618827,0.00489178644189098,0.0235809082852833,-0.0190181279200823,0.0670541956224869
0.00650774476472874,0.0325181761186083,-0.00558556521298441,0.0284811326600212,-0.0154670874604795,0.0568827948792875
0.00881400340595599,0.0350256870567721,-0.00707403187329383,0.0337136149288553,-0.0142403587440224,0.0510764749937336
0.00668315312163456,0.032397473533631,-0.00729994242887344,0.0417491298478995,-0.0161989388468989,0.051693419799767
0.00401229878524414,0.0331751001315488,-0.00910410649873404,0.0421225135936869,-0.0131019103231231,0.0509544030855903
0.00822301953373796,0.0347911414592998,-0.00919664780148248,0.0460131953086673,-0.012250136237633,0.0512076424533526
0.00816569990451202,0.0334525723353543,-0.0129189712475265,0.0484610400674178,-0.0182849011400499,0.0500026892950371
0.00966904082726767,0.0296711462370245,-0.014256916498997,0.0465225310450722,-0.0168757827221749,0.0489254238603735
0.0125466184850538,0.0281801761793992,-0.0144511156242959,0.0450776056452935,-0.0201560845739521,0.0501610686297984
0.0132253262587458,0.0244644266467514,-0.0143003251068869,0.0424577038104077,-0.0244531966638581,0.0498522849293187
-0.000785194680524745,-0.044247453210964,-0.014519603218487,-0.0562934236482915,-0.0663700960983805,0.01908694026681
0.00594933365944159,-0.0429319269569015,-0.0114820046676727,-0.0524773936191919,-0.0708689416897325,0.0295621960986109
0.0113275592940059,-0.0382743303974942,-0.0126920971174801,-0.0487439833478406,-0.068984409515633,0.0326752010621071
0.013183785105395,-0.0357676801522709,-0.0131053646305452,-0.043936290293027,-0.0689577254097006,0.0361534155482833
0.0164969640216959,-0.0290884462894699,-0.00859296353926009,-0.0383807996053986,-0.0667271032550468,0.0407663164471211
0.0135464013163479,-0.0233926104792066,-0.00379938203059637,-0.0350401610280391,-0.0613410156181404,0.0392532032429881
0.0162933214104757,-0.0168345339604773,0.00210635392202844,-0.0280390228932179,-0.0544486962028461,0.0484246602322156
0.0268351675748338,-0.018042707911318,0.00587211780777114,-0.0214416805997981,-0.0549564340707728,0.0573746892641749
0.0344915692106043,-0.00727071775483587,0.000167127211078861,-0.0174161659525774,-0.0426934378360408,0.0543919222624652
0.0303737888780451,-0.00198839076433011,0.000474014015483063,-0.0139593875241436,-0.037377386596134,0.0565571529061872
0.0255153700421863,0.00075195652783014,-0.00037046400446091,-0.0113897601076207,-0.0303655725869625,0.0537611620240982
0.0248886924472567,0.00558082262636863,0.000163761079277548,-0.00474798730366006,-0.0354201249642456,0.0591030232330002
0.0224311822531137,0.0182883355719051,0.0041165898781768,-0.00176087609379608,-0.0249228293346101,0.0652267617724426
0.0157796739633967,0.0243466282112917,0.00725640408791244,0.00333223237360749,-0.0172402859394804,0.0659304710085294
0.010693631376027,0.0233999801032462,0.00576505893057142,0.00451971352553983,-0.0174490992193768,0.0647742897284347
0.00780013807436873,0.0298508407187487,0.00623289989737731,0.00889250210506868,-0.0113640949490235,0.0658780245120629
0.000221379436118762,0.0279611947777513,0.0131835520351058,0.0162928576531125,-0.0134074154871342,0.0732216843842936
-0.00390093233538092,0.028996616919414,0.0164192477983061,0.0205148617550335,-0.0172129880314792,0.0801496345839661
-0.00121484734443945,0.0320214196970185,0.00245278846221002,0.0256349355535087,-0.0171411768111256,0.0674629361830613
0.00262147644703544,0.0350999566046631,0.0010895642090264,0.0293004047493101,-0.0121225748847649,0.0599330411238677
0.00205435683855565,0.0332836819538771,-0.0019587838649615,0.0354937542106333,-0.0112074353523782,0.0573782371214909
-0.00327708661569188,0.0308742850736299,-0.00506831196043093,0.0400900597812578,-0.00798152903504219,0.0498386982185488
-0.000898168690042381,0.030382487641046,-0.00668052264773345,0.041377266276082,-0.00414266228622137,0.0475744794614527
-0.0028024081845268,0.0260276586703245,-0.0109185623680203,0.0385768761560125,-0.0101667741980187,0.0440958129637875
-0.00323022020204679,0.0251385022659677,-0.00898927911209308,0.0406374916599693,-0.0129012160656555,0.0449229639004745
0.00271414238784641,0.0215960619663094,-0.00961755334519446,0.039916385242002,-0.0160949865135003,0.0481186291795474
0.00440138893628646,0.0218599940153486,-0.00964658744451473,0.0344444764785164,-0.0164606772039559,0.0483228918934443
0.00659606330667894,-0.0556382058177914,-0.0176514908797242,-0.0467527428356543,-0.0538708103391318,0.0136561330387522
0.00588611345142578,-0.0545677293867255,-0.0146304186077066,-0.0428615905624944,-0.0531187387341763,0.0208925835080665
0.00499841232827004,-0.0510279935628212,-0.0103119742223387,-0.0436720521818792,-0.0603354205398516,0.0283639751652558
0.00802456278776651,-0.0477403663828234,-0.00681723959842507,-0.03704148888853,-0.0587993647120984,0.0312648920975226
0.0120491715486141,-0.0388318629201543,-0.00618997634036898,-0.0289977162061609,-0.0595716536403566,0.0378027553438555
0.00891377576625002,-0.0322902591149324,-0.00201601722422029,-0.0263915230663509,-0.0537565417146057,0.0381391828025578
0.0104239738367511,-0.0283004228964394,0.00292716595340103,-0.0246627130741682,-0.0493867883896188,0.0452079001169247
0.0172037121054217,-0.0262725082756184,0.00335045889576867,-0.0207356153330887,-0.0395874857223649,0.0466841196301231
0.0274588290378543,-0.0178134896796085,0.000316980367166421,-0.0144211705921029,-0.0309344323745302,0.0480915715426155
0.0276442889936403,-0.0113941951064337,-0.000491089300052926,-0.0117028287527171,-0.0284926892719117,0.0502017161289664
0.0241487768064609,-0.00650088907672482,-0.00520258862925012,-0.00755717408972562,-0.0211887160576961,0.0477282551164695
0.0196291245996695,-0.0031149346187116,-0.00476145052270804,-0.00217561869277495,-0.026664229839141,0.0534823829270809
0.0154461862369756,0.00661912384064393,-0.00189488415585676,0.000411216281757019,-0.0169879055155008,0.0554122948783473
0.0116461617892152,0.0125188016246267,0.00358078867523386,0.00552296658943573,-0.0090708560062523,0.0605297130859891
0.00341673395155056,0.0125878580878619,0.00744136654783038,0.00848463900165377,-0.010366200774651,0.0645636600392794
0.00246260591512246,0.016825816084543,0.0110080649385188,0.0105876781874388,-0.00241600431571149,0.0667565915789404
-0.0107391364324492,0.0234042880388305,0.0155597521961578,0.0151814260673149,0.00303116990358678,0.0705386609575421
-0.0167064005830824,0.0226108264321099,0.0176383303205465,0.0238974905607693,-0.00102979592157407,0.0741809645814596
-0.0165949258212553,0.0268117533907372,0.00398241176095283,0.0237922839010881,-0.000755634171980856,0.0607517106444393
-0.0126598362712773,0.0260178716841417,0.00109786765628665,0.0285250835185583,0.00158291694023395,0.051474680728
-0.0153469605892922,0.0283447890937668,-0.00241379619915691,0.0329039545683315,0.0011663582094503,0.04837263645879
-0.0138376154632361,0.0239945825615238,-0.00298502430635331,0.0375002503978992,0.00167532065235959,0.0473075407423183
-0.0130690832466095,0.0229732698750295,-0.00602710495732996,0.0373837806871069,0.00195165595810755,0.043569494279313
-0.0144884176502469,0.0211694314894509,-0.00813947867391766,0.0376091304098405,-0.00334057183584013,0.039948016032212
-0.0268735408586102,0.017529037108089,-0.00960168741134778,0.0358239385877161,-0.0113846464402092,0.0333674749110313
-0.0126824712563356,0.017629878556317,-0.00827500946754518,0.0333154609987564,-0.012688197477655,0.0371743612112095
-0.0137890492702982,0.015979469643951,-0.0056389086155355,0.024541341921515,-0.0172744729938753,0.0399402686606642
0.00615862780502456,-0.0726178741166496,-0.0211655106557231,-0.0399138074454978,-0.0533792140321373,0.00821523030321625
0.000873722771119411,-0.0704403805229306,-0.0120617558987544,-0.0334288820490352,-0.0568091692762419,0.0215665190127918
0.00853997203454215,-0.0621085236106058,-0.0114005564378043,-0.0332751401578732,-0.0520863321677536,0.0262617776789766
0.0107110037819042,-0.0547966557822212,-0.00769141082754723,-0.0288377657449363,-0.0536952652205993,0.0339476019769115
0.0135293859156338,-0.045206767741343,-0.00517893445257836,-0.0234232499711137,-0.0499414718898412,0.0378381847602784
0.00664736034838402,-0.0386433791565972,-0.0015810165954866,-0.0214444698181884,-0.0448181181748974,0.0388021044086128
0.00885031574682883,-0.0396976660630841,0.00055554937630772,-0.0161976062384957,-0.044087225449071,0.0400668090420845
0.0182707758530145,-0.0363366985643651,0.000695759941344448,-0.0147983041426032,-0.0344447465955743,0.0439507921774463
0.0269036396860835,-0.0282477302453205,0.00118929142432004,-0.0154177674454102,-0.0191604614039909,0.0443388859213751
0.0320167660357662,-0.0218697188863646,0.000627215657156593,-0.00941299551687297,-0.00917849920626357,0.0462230242255216
0.0223021102031851,-0.0142193644979394,-0.000263916130878211,-0.00818078948307971,-0.00561237337115462,0.0484774778594685
0.0135968915740336,-0.0114670658748785,-0.000755416289650399,-0.00216311871591991,-0.00944114948342925,0.050191448462686
0.0113115013888432,-0.00759001724444535,0.00135636962152039,0.00211856365924685,-0.00636249300372783,0.0545752392689762
0.00700882761028794,0.00332649029151028,0.00817341493417132,0.00750447601240257,0.00290571415749138,0.0632570538292523
0.00272985006027892,0.0073750488548825,0.00880789788516769,0.0110115695879567,0.00224516250607617,0.0658872467652558
-0.00046375422703457,0.012571753804602,0.0131033022645128,0.0122120294111939,0.0114894021672973,0.0693782074388697
-0.00959789492233942,0.0164348343737956,0.0170418695933802,0.0154934423195188,0.0142622797499201,0.0715671089117447
-0.0195092366432019,0.017195428456706,0.0169463150503313,0.0198222729384564,0.0134142016243509,0.0698178993956663
-0.0246192204861371,0.0206586889909762,0.0112961260601371,0.0186236524349989,0.0152487592145044,0.0622486341448923
-0.020598462336862,0.0192398807143248,0.00145825497118818,0.0231900738020933,0.0154345661981751,0.0491592252769957
-0.0250128714618569,0.0184450191203954,-0.00164213452625258,0.0294184420221335,0.0156974005981116,0.0430743679005629
-0.0309460817635171,0.0154916779102414,0.0021264293158477,0.0293140911109759,0.0106185519721213,0.0411989104121537
-0.0333092976971946,0.0143123629105456,8.18372658318847e-05,0.0294864389079301,0.00716872800158634,0.0375999813708532
-0.0375603841520036,0.0120504592750104,-0.0031349206972757,0.0290057784034387,0.00145492998981931,0.0337144220171283
-0.0413316644778575,0.0134756616731583,-0.00953011764264596,0.0265263500707336,-0.00578004985164285,0.0298184456235999
-0.0322960612023477,0.0186065690238173,-0.0102943635046724,0.0196229038591544,-0.00213743397108685,0.0322011822116446
-0.033801357279879,0.014074661743208,-0.00775618571010988,0.0167552430445901,-0.0116538317249041,0.0321157962917305
0.00642925432792207,-0.077940370737216,-0.0243313073781027,-0.0281444784131742,-0.0391219328932968,0.00285024707167433
0.00664660836223368,-0.0744883944155596,-0.0195590502245377,-0.0254955041692407,-0.0410296082930319,0.013799646335343
0.0157157921238597,-0.0693826975983719,-0.0149599034988889,-0.0314126834233692,-0.0358715535143781,0.019468393371869
0.0168227991641045,-0.063888721218517,-0.0108926398285709,-0.0279495070554215,-0.0370086837705871,0.0238070076874088
0.0131316831033207,-0.0513106172734045,-0.00429087316784749,-0.0208741267303505,-0.0359701598716586,0.0347567643228483
0.013028667548372,-0.0506559708843074,-0.00232013086389541,-0.0149896080257629,-0.0323183645229597,0.0337077700432047
0.0127858540181413,-0.0510696212234743,-0.00193634333794522,-0.0149165665734359,-0.0365607234718145,0.033704493031791
0.0226210296635764,-0.0500571582800124,-0.000305652949391729,-0.0134197873006468,-0.0233780921602189,0.0369847522159697
0.0294249637849279,-0.0422325606135762,-0.00385543243246798,-0.0160982476331476,-0.00928048804782398,0.0320103972336194
0.0342918450535145,-0.0300369150698077,-0.00249132792733314,-0.0142292235941263,0.00384300028532765,0.0389816603105486
0.0221649747712507,-0.0243518819189712,0.000812762624108647,-0.0107386774982437,0.0022381698440895,0.0472821054886789
0.0120346287295646,-0.0204882802387598,0.00104838550777393,-0.00311555973617868,0.000486782834767767,0.0502032501964572
0.0165269233480631,-0.0136167790213687,-0.00360222432184748,0.00319504984906656,0.00743512321150059,0.0496547873870834
0.0059706451151897,-0.00779049169691119,0.00509125661634651,0.00907128060922528,0.00762259293643292,0.0568894440518715
0.00197127549950488,-0.00163048999316244,0.00356781816437056,0.0116712458822677,0.0136303569810034,0.060008482782681
-0.00207695709673326,0.00522935489964128,0.00786022288690057,0.0138085796471353,0.0203560473018711,0.0620957954486369
-0.0132563614315905,0.0124342119579264,0.015871133859606,0.0193215901426674,0.024558353407841,0.0673257210981486
-0.0169236626814251,0.0151666805626434,0.0178228583136357,0.0196925176815007,0.0224310061740003,0.0688855099192083
-0.0306317965042864,0.0152676486026165,0.0138965810732256,0.0189040358663222,0.0220847337597933,0.063897724444038
-0.0293022080115686,0.012985797157444,0.0106492618857066,0.0203324052896921,0.0244670794564685,0.0544920026819136
-0.0397340352715819,0.0115711171256629,0.00744322429077512,0.0249813456656734,0.0181963417375034,0.0452058926237351
-0.0406896163645826,0.0103894819419231,0.00298903178086417,0.0252774725073869,0.0177424445977062,0.0372249557361859
-0.0489750457414626,0.00674299083639477,0.00439990129599009,0.025502791178216,0.00837125701335038,0.0371843625548769
-0.0543316410609201,0.00882925366870848,0.00253803534933072,0.0206964687546831,0.00234588453783495,0.0349511079334069
-0.0647172320783942,0.0109752572543842,-0.000385493633353285,0.0122883302449865,0.000786674115966674,0.0259124293789332
-0.0621707608068976,0.0139584267253597,-0.00526034598764409,0.00784676536864653,0.00417689543191923,0.019289840776535
-0.0625380265199252,0.0116467598126845,-0.00332505570730762,0.00234165759082513,-0.00310499758286044,0.0238542045193208
-0.00185621161017443,-0.0823994624675774,-0.0287195531773454,-0.0246061192243773,-0.0387248980513191,-0.00286411116438975
0.00846694120123179,-0.0837400372872234,-0.0281975468855875,-0.0196049490624635,-0.0357532946678547,0.00752360562323
0.0260088523511995,-0.0774900846820127,-0.0206469568776999,-0.0228811613592031,-0.0258486349798028,0.0141843081632374
0.0359802798831003,-0.0775792394100075,-0.0209775870571648,-0.0247583620282099,-0.0232108820685393,0.0104362224149493
0.0255587082885462,-0.068033509008405,-0.0192072187680619,-0.017093007930737,-0.0320511360594139,0.019399584564219
0.02180695527533,-0.0676355098004647,-0.0120865501805182,-0.0144923690534308,-0.0320452022880735,0.0219205637695223
0.0197089552262145,-0.0669536823764389,-0.00644955234955583,-0.0136161292990074,-0.0290275493394638,0.0232537904973933
0.0236423807463042,-0.0564196493172897,0.00110504847308043,-0.0151417627200422,-0.0121350674188447,0.0323567005781603
0.0277639191426827,-0.045626239129993,-0.00373530340207985,-0.0101942580667787,-0.00130236650052039,0.0337220362023744
0.0291679511644452,-0.0365244570733903,-0.00316835045717669,-0.00888946139257839,0.0106013480900438,0.0368638631546154
0.0222590645153715,-0.0275517315226295,0.000205400360833725,-0.00686689106187342,0.0171054700526983,0.0460683760821408
0.0207510712115317,-0.0196577139688909,0.00437173227653145,-0.00358550891282907,0.0285308859467858,0.050195210055184
0.0247168969186476,-0.0101903669736534,0.000215970342056583,-0.00414089860122663,0.0413324719679333,0.0467962703504716
0.00873604956971859,-0.0136126557868683,-0.00333579044003666,0.00450931823437126,0.022721084426329,0.0499669297464576
0.00513479129180421,-0.00439764827883428,-0.00115511703238103,0.00807715831762116,0.0299953037968729,0.0550926161239801
-0.00272633290761033,0.00189110566698388,0.00164578328651817,0.0109007055513595,0.0363809065623805,0.0570546759432508
-0.0127349761307917,0.00791302790369129,0.0052589152100766,0.0123740998866655,0.0405799100356631,0.0544538410735786
-0.0186510796400913,0.0108643014802394,0.00978151645742206,0.0138375856125811,0.0344474620225682,0.0606377742031384
-0.0358902656312897,0.0113973215586633,0.0134295851330871,0.0165310844204874,0.0335595081254203,0.0590181631131521
-0.0413854458944873,0.00717228152653208,0.016333472693063,0.021132147944184,0.027611078309578,0.0607091880895057
-0.0535016312177441,0.00397594371640233,0.0123203336906308,0.0237371129649412,0.0180666172830011,0.0476361753668297
-0.0602406425674792,0.000862032346238357,0.00927081355807641,0.0222193700902137,0.00818597956114265,0.0358360213431156
-0.0687046511691013,0.000330901893518002,0.00526880483580387,0.0209068427180839,-0.00115882631491357,0.0310835480271057
-0.079495208085743,0.0010440821142936,0.00296249933256503,0.0125543544677031,-0.00613308149846967,0.0250833781021694
-0.0848556587968985,0.00864410308352598,0.000409664786432833,0.0101622454597765,-9.34456331328018e-05,0.0226403240981734
-0.0794729157404069,0.0104763825455086,-0.00366040152947492,0.00726330136094377,0.00396288529191376,0.0177689358740001
-0.083756794163604,0.00811031641783718,-0.00353882379761508,-0.000146635939470749,-0.00218995586158602,0.015890496307636
0.00312812574943994,-0.0835488733147779,-0.028765195371104,-0.0170552751111841,-0.0213828740708902,-0.00649416667015055
0.00678167020269345,-0.0867994938731819,-0.0293054885867736,-0.0168640850971512,-0.0236440987688033,0.00208105159367534
0.021503323269162,-0.087259530163534,-0.0247799227616037,-0.0212947008798351,-0.0231568424211962,0.00553233155948108
0.0352664288678301,-0.0838912125761424,-0.0248664950893355,-0.0227156255987902,-0.0173636536574707,0.00304722784011286
0.0302337481046158,-0.0804505540045839,-0.0228775702191971,-0.0167843243651207,-0.0272826733028583,0.0114068202205847
0.0290485682140167,-0.0788994810834235,-0.0200172589069895,-0.0149045395235804,-0.022074812850769,0.0107810090517608
0.0232271293472829,-0.0756952370355842,-0.0139434438276803,-0.011675659250066,-0.0173020245533536,0.0141399864158009
0.0248524723730607,-0.0618530421536915,-0.00471725424493367,-0.0150254106866073,-0.00272557751174571,0.0235659064621052
0.0269153527764569,-0.0546321825056004,-0.00491654895696815,-0.00906933963095321,0.00656974271995117,0.0257740047698596
0.0351884110869822,-0.0375151195389439,-0.00582969274798525,-0.012384915831088,0.0362559834633756,0.0285155572216944
0.0446546302888059,-0.0150265965891022,0.00647279485803299,-0.015026470628018,0.0753153878232016,0.0408350939187061
0.0322471983690618,-0.0101591531401047,0.00843142218656641,-0.0121846164272011,0.0776658727325684,0.0441106753089571
0.0336972492877597,-0.00120588669529417,0.00882597800399645,-0.00966657175324643,0.0889353444405643,0.0484989927657507
0.00960618141306436,-0.0104231389529255,-0.0032039034634881,0.000682203345400681,0.0606885508366937,0.0407092362828045
0.0125679005601334,0.00435065614114098,0.0003923904865737,0.00415539460481286,0.0696428526817919,0.04932769744051
0.0116795278453415,0.0222938801940237,0.0105345053202081,-0.00223594570860937,0.0963157760176522,0.0538226758985376
-0.00258200038687452,0.0123758963896029,0.000458446757373429,0.00857627689160998,0.0663435718712748,0.0475409298596969
-0.0215312567621961,0.0120053938416015,0.00330147334023098,0.00953916860174022,0.0568604562166921,0.049383593661029
-0.045750354868708,0.00640458708559868,0.00798800729560754,0.0115224117748428,0.0385556241438071,0.0512722895534595
-0.0631516664640936,0.0039974468826736,0.0188240138523575,0.0160343164083569,0.027229223865925,0.0577435481921412
-0.068516463168325,0.000294282028596782,0.0177261544045214,0.0178867483924975,0.0174404344373174,0.047056830327188
-0.0752378455717434,-0.00107644949064896,0.0138058891136888,0.0185427437870612,0.00902912275732912,0.036095373469465
-0.0905076538567516,-0.000641926288117995,0.0103828930410274,0.0114049311322384,0.00471605267753563,0.0239852183375461
-0.101672408359455,0.00240638921750754,0.00826449939816019,0.00431044764459983,0.0001366618849861,0.0191812376281204
-0.110572576083749,0.00827859160336008,0.00334527478484595,-0.0021667705324765,-0.00348029324143609,0.016833877038197
-0.102843401189097,0.0107228810035359,-0.000961641504270094,-0.00630693889290792,0.00637073704851766,0.00810702743396016
-0.100755221887119,0.00709747503033601,-0.00526298368005414,-0.00831441304684181,-0.00207642428401426,0.00508735074026332
0.00726803624920259,-0.0875288802787435,-0.0343887878459168,-0.0142262846727351,-0.00951067938341333,-0.0173405498210657
0.00744499320324872,-0.0922837209235662,-0.0323933563496854,-0.014060119855927,-0.0135530457995114,-0.00689886353680924
0.0230398564555345,-0.0883873004450037,-0.0307293501754429,-0.0155933935319839,-0.0109867857639063,-0.000614519867567385
0.023184404314822,-0.0789506166559874,-0.0241037169334592,-0.0163837953882624,-0.00383120396631079,0.00556355203188303
0.0290823734481947,-0.0804018139911816,-0.0233218558782202,-0.0145040954240364,-0.00532387724805432,0.00683916844828745
0.0170444915553187,-0.0747628795847683,-0.018824001575023,-0.0116599221359424,-0.00965362988485716,0.0120685619635417
0.0163231514044695,-0.0741970194955505,-0.0181302184583278,-0.0106688276879856,-0.00604574838697357,0.0109087181682133
0.0220411448194822,-0.0680943158509993,-0.0163435805053745,-0.0133377713730752,0.0128561914475048,0.0101103009420527
0.0258217707839996,-0.0627071197193906,-0.011417579567122,-0.0108002766400803,0.0214360079441364,0.00895467112381157
0.0314359676298989,-0.046066155917297,-0.00885267064835803,-0.00987510449854715,0.0387576733080767,0.019391108886193
0.0435093206898099,-0.0229396082708423,-0.0032062406983233,-0.0161022723091853,0.0837740086155149,0.0246761191067646
0.0483251522086851,-0.00469628568578372,0.00318388796137216,-0.0157943924226094,0.115726933654832,0.0318197546402518
0.0317158750110091,-0.0119306486505812,0.00213076512474657,-0.00797593502381464,0.101262263692258,0.0290091382439402
0.0213529026170982,-0.00168598935847825,0.00126425793748979,-0.00799571097538126,0.109472628624728,0.0306592421716184
0.0158596427072475,0.00653025509370108,0.000776733896496718,-0.00309957539247969,0.105965627543171,0.0360624440332607
0.00860695887151552,0.0151583819619324,0.00667456894818605,-0.00278327422502195,0.110139207223084,0.0420208699142586
0.00463836733865374,0.0227829264009787,0.00354074632293134,1.20887965436162e-05,0.110482102992868,0.0385324329947474
-0.0234800962066009,0.0127099529834997,-0.00157879275508786,0.00875816522578883,0.0722555909594766,0.0410034182534222
-0.0514152515534651,0.00250634016398225,0.00255153064481723,0.0107478593166417,0.0504199367209006,0.0399313696876099
-0.0636620527227111,-0.00305137525740362,0.00882184271321433,0.0156565835597193,0.0294838974475909,0.0425131474078384
-0.0902754292848603,-0.00511090436925128,0.0208502513949688,0.0162153841211561,0.00849525983476811,0.0476058776146687
-0.0940176308133793,-0.00361292305047745,0.00557823927595185,0.0139974115804022,0.00227086561676173,0.0257460822364666
-0.116753764436611,-0.00401644675746276,0.0165430661829568,0.00919569295151974,-0.0105077253685611,0.0314121310820076
-0.12679174421483,-0.000827003826520626,0.0114835351229603,-0.000336539755977127,-0.0108293317133972,0.0194411848296239
-0.127579036942611,0.000218619805104549,0.00125559127644544,-0.00432180487356543,-0.0108944873207462,0.00800547844188602
-0.116913604574638,0.00472772808730485,-0.00486029872459931,-0.00844909123419208,-0.00291590045820437,-0.00121494257415505
-0.115941131025329,0.000331335232088248,-0.00886560348493706,-0.00936572957478248,-0.0112162024365704,-0.00542211614392547
0.00818835987816222,-0.0891858558894803,-0.0406463850943298,-0.00894237946413796,0.00378730228000739,-0.0300812151754105
0.0086792725714241,-0.0900998448547904,-0.0345529731561966,-0.0132066245729434,-0.00151007979095059,-0.0138015426894705
0.0215888683935893,-0.0840010190490734,-0.0329880647010175,-0.0154238731259457,0.00686737167131004,-0.00689390587020879
0.024545473387521,-0.0784607293787149,-0.0233683295762071,-0.0173189646852696,0.0164850021072901,-0.0030622677298486
0.0218726851016562,-0.0796346816532705,-0.0227409887368784,-0.0106436821040087,0.0140108356175417,0.00270606759397328
0.020353452211095,-0.0779748639454679,-0.020563532680666,-0.0124000718828521,0.0165664020657297,0.00283594361760815
0.0194270225484408,-0.0814000230802869,-0.0237116186814057,-0.0112918516707721,0.0114961831512809,-0.00626558194836729
0.0259762878801762,-0.0701510098490331,-0.0240499004893964,-0.0148783089049823,0.0286709359335936,-0.00716073644714315
0.0264756899027795,-0.0661247574253921,-0.0216838863385129,-0.0111894814267497,0.0381934975854953,-0.00348255244345121
0.0310239162042294,-0.0545438125252926,-0.0131284189457214,-0.010433207435204,0.0543350697093201,0.00584312988990368
0.0394921029558114,-0.0332781602171085,-0.0123819870763725,-0.0145006041289595,0.0892734149399191,0.0113246335921628
0.0406787946128839,-0.0109759843573402,-0.00452427864718553,-0.0180743322838921,0.121964343975894,0.0186115733510255
0.0385033492808895,-0.00762328705628353,-0.000555029044964056,-0.0133201955628026,0.126955280350924,0.0218616920359979
0.0217687450877695,0.00072854814373198,-0.00283655977738396,-0.0146035593876096,0.135391064009756,0.0156917262914893
0.012623927749143,0.00886102532913385,-0.000857302153033438,-0.0109944772800745,0.12946625887594,0.0226822725111223
0.0168534294722766,0.0287202438823514,0.00305730082252996,-0.0116610039523267,0.153553018040222,0.0254918933563138
0.00308494519925691,0.0259702037465355,0.00218492679817588,-0.00581519727304696,0.135918536277058,0.0314332983645525
-0.0278964108396234,0.00531246425693332,-0.00166116403339281,0.0060824229586186,0.0845282867965595,0.0342880792423453
-0.0575203372273153,-0.00680956461726747,-0.00326981400999507,0.0121538898720769,0.0469215540798652,0.0304920095884485
-0.0740720231783613,-0.00706837622999776,-0.000690888201511239,0.0125881709998165,0.0321793372330166,0.0309937066377858
-0.0942541054858449,-0.00885922380928252,0.00404021718004229,0.0111622976627691,0.013623499202704,0.0281513809939654
-0.0989236556823578,-0.00775109905520877,-0.00234895209508065,0.0123414613368983,0.0070686241079858,0.0167346409706917
-0.121830927788017,-0.0125407971649772,0.00748798143677707,0.00908966998072286,-0.00652599896047037,0.0194289950328305
-0.139912514055116,-0.0106859001744303,0.00693390081195776,-0.00363548243002328,-0.0151887375334866,0.00766358765614122
-0.136421765234363,-0.0107294219323231,-0.00586929994603449,-0.0077779168997829,-0.0120683637829361,-0.00325700127645299
-0.129655778355338,-0.00773845381940641,-0.0088466575793116,-0.0076903994458689,-0.0162342652141057,-0.00550185902391366
-0.122869197653225,-0.0118569223888303,-0.0122738838087238,-0.00916379252959116,-0.0179214110154217,-0.0104755772244674
0.0108623947251998,-0.0984358688341039,-0.0473735219483145,-0.00598278455266494,0.0056842299602373,-0.0438869290065104
0.01475513019399,-0.0925065272178238,-0.0413633803309324,-0.0105444599173279,0.017204244161891,-0.0308773658188533
0.0298732262623509,-0.087354405320693,-0.0404174483709737,-0.0123751979567479,0.0364559130747035,-0.02511914671162
0.0373009867170874,-0.0828975430372152,-0.0257331084356648,-0.0147931443401143,0.0396976774755487,-0.0128470226236502
0.031734692607106,-0.0833009827486201,-0.0218379742008663,-0.0113678474985716,0.0324878282863458,-0.00640798270412584
0.0301998083548801,-0.0861226189989031,-0.0233763357912786,-0.0132238416128918,0.0266556673528344,-0.0105122751830844
0.0295264580221655,-0.0874611065091861,-0.0337813750454462,-0.0162287293968781,0.0267356432583026,-0.0226755216934346
0.032693968694655,-0.0825816108980647,-0.029564827089012,-0.0183002898179051,0.0391269735837562,-0.0201967295485176
0.0266858945834844,-0.0708872200465917,-0.0191981036925452,-0.0129480103414969,0.049965585374275,-0.0095569272115601
0.0300412823079807,-0.0488318358064224,-0.0127228339764044,-0.0151881451382682,0.0779460898927786,-0.00385849861488718
0.0346115972542277,-0.0332675051372283,-0.00804642447002875,-0.018624093523269,0.101663553087951,0.0038561502649184
0.0239792448077159,-0.0210923763701861,-0.0102021115309719,-0.0166390079653402,0.112636890594093,0.00765516872222117
0.0105891651724398,-0.0272921516160205,-0.00658904460701814,-0.00965522631142325,0.102778637271624,0.0101759637480502
-0.00208088027307459,-0.0251439845718318,-0.0119378432636225,-0.0084927465335093,0.101185344975318,0.00482338125376228
-0.00761227877464635,-0.00935895058369051,-0.0138523186847192,-0.0054415531622615,0.106252569049421,0.0108465287346228
0.00612505347080536,0.0207333227854078,-0.0033649096645034,-0.0126985157185989,0.151245253323609,0.0155128701316139
-0.0257926844703471,-0.00529782403407114,-0.00997998278617299,0.000513913951963652,0.0906108285766354,0.0199637818263008
-0.0440433031889634,-0.0153387927319462,-0.0122405245640141,0.00836449473449724,0.0635043778782353,0.0190508206445015
-0.0689776296850478,-0.0181807572967543,-0.00931235375471763,0.00626731048995261,0.0421804132416287,0.0182780006745929
-0.0830654196472262,-0.0184883164629261,-0.00854791727482731,0.0121112225330884,0.0307491374612936,0.013351787394537
-0.101121220324877,-0.0148580065056799,-0.00866704987290901,0.00950640782759863,0.0121670782601795,0.0116953703736935
-0.110858187937348,-0.0133911882167017,-0.00194137523092623,0.0100190293449438,0.00823568778760556,0.00849552989433757
-0.123263081560585,-0.0142809983831178,0.000674553055389632,0.00922120058879036,-0.0042245170717487,0.00857591244600529
-0.14297133925076,-0.014165386523801,0.000755123703005767,-0.0028311052620906,-0.0166000586947744,0.00175972115450026
-0.138713030162427,-0.0157938175851648,-0.00803195559470771,-0.00266447590718049,-0.00741366723204853,-0.00763082644160621
-0.136921762885629,-0.0171630102497205,-0.0103230963752057,-0.00597526685189039,-0.0133054890228892,-0.0117518701427336
-0.135335749214272,-0.019059665280843,-0.00721809051233727,-0.0111004735110137,-0.01766623523048,-0.00993976610485647
0.0165155599406558,-0.101640961412221,-0.0512731942076326,-0.0042001671702832,0.0126841669327004,-0.0486182794273511
0.0267814944599585,-0.0988938716957083,-0.0498115878320774,-0.00660490291966362,0.0297136013345402,-0.0426568080761511
0.0416217809662533,-0.0951860149333095,-0.0470283137514432,-0.00974917036986316,0.0461895173090512,-0.0396043499214592
0.0454615350107911,-0.0948426068407229,-0.0337578591308999,-0.00893105106545173,0.0438601898761607,-0.0260170667393708
0.0452501459153969,-0.0960971309261644,-0.0342191942345099,-0.0111305772927835,0.0366917489967479,-0.0230467313821946
0.0437248518906409,-0.104286469481172,-0.0347480292596644,-0.0102774917323763,0.0285978872426353,-0.027520561419979
0.0302080979139209,-0.0948615953368828,-0.0372859601026331,-0.0127910923454755,0.0249896274252906,-0.0259852191276917
0.0278252190136679,-0.0925046118222453,-0.0366394896845307,-0.013249644063038,0.0441185036720916,-0.029506587848861
0.017379184149722,-0.0779776405303013,-0.0215174313096719,-0.0122156942113488,0.0561781759405746,-0.0157260592127852
0.0228482472865684,-0.0592478108547327,-0.014968929751529,-0.0108852063511911,0.0754033786516824,-0.0112523976895373
0.0184911417911861,-0.0430208121502443,-0.012620888151271,-0.0129563573410776,0.093665871729755,-0.00488251629320165
0.0151906029808041,-0.0284869762212935,-0.00911295012965405,-0.0174255394030639,0.118412971832854,-0.00143838353207235
0.00457355499104167,-0.0343062150346088,-0.0156429885834079,-0.0119380918474883,0.101003418936406,-0.00183316191594103
-0.0100514527589167,-0.0247757637041396,-0.0121383219256426,-0.00955482417192395,0.107624227716232,-0.00069412472946457
-0.0167096431521643,-0.00669219906349211,-0.0164762003475514,-0.00867940510984726,0.11700739044329,0.00199302763493329
-0.0255965662257436,-0.000968209774932476,-0.0174636893538716,-0.0128886446396636,0.116510751398332,-0.00132776878156958
-0.0461999853620627,-0.0113920761363394,-0.013604773193561,-0.00275517861900157,0.0953576957467219,0.00387276457732737
-0.0608096181530343,-0.0191407048731325,-0.017215332789234,0.000412874810946625,0.0614458417636255,0.006334490676026
-0.0776745211918455,-0.0253179119823991,-0.0111271625557579,0.00133057806302286,0.0459143849586583,0.00405635363788606
-0.086796765021354,-0.028598425893236,-0.010726766489801,0.0100235201163695,0.0300968918872421,0.00301725883595647
-0.106051846771808,-0.029789194403571,-0.0117796431426419,0.00792234361311326,0.0137177888710904,-0.00389045166948697
-0.114971251456911,-0.0273112250839396,-0.0103570873660083,0.00982535295791466,0.00962018709378077,-0.00970552008341642
-0.122222416322581,-0.0238299280351955,-0.00983261295615279,0.00495190936189545,0.00296323781593399,-0.0122315140165972
-0.133965970042768,-0.0232209632095557,-0.0108776680381368,0.000453504174075308,-0.00138837488740266,-0.0170987358998459
-0.146673436120033,-0.0228060762040747,-0.0111135358636859,-0.00491801166118503,-0.0101671923783303,-0.0168547746982093
-0.15086109013937,-0.0247695971139151,-0.00765617643052961,-0.00814485292626532,-0.0161221741914447,-0.0188963588641493
-0.151485560077794,-0.028905957108204,-0.00205551037055526,-0.0100416950106696,-0.0234236207188334,-0.0103679242205443
0.0338894366619993,-0.11634338472238,-0.0608069114062446,-0.000544095951806542,0.0139310810295961,-0.0641976149449039
0.0354169494807602,-0.108394018937754,-0.0524647301894669,-0.00564645729319729,0.0364430676282431,-0.0562685778208983
0.0477957150929797,-0.107340760068028,-0.0462461964455757,-0.00616828276864574,0.0455490556942962,-0.0481104254962012
0.053824149196243,-0.107413368104093,-0.0429562363751394,-0.00566670914230402,0.0431363353358478,-0.0410874195062115
0.054570818316515,-0.111491241625569,-0.044041481099817,-0.00726249091302139,0.0431531034123278,-0.0394826089854359
0.0469212948545389,-0.111050340661495,-0.0454025103736538,-0.0097937278886283,0.0354823590448793,-0.0391625970850922
0.0252775867302554,-0.105919406601126,-0.0412035211805849,-0.0107107578697524,0.0155738804265455,-0.0343547204395173
0.0197027555556203,-0.0939880039327431,-0.0337403563549089,-0.0131078996482385,0.0432701425320759,-0.0324452084466492
0.0163829605948315,-0.0777690503622975,-0.0199053500735837,-0.0126566022719007,0.0642618295195942,-0.022309124970542
0.013548608251113,-0.0629028628134324,-0.0176858705765398,-0.0102549402902861,0.0819305789098737,-0.019972655908245
0.0115803522719797,-0.0474252939257228,-0.0128877161250794,-0.00787413863356683,0.0904964016075008,-0.0102038629760311
-0.00544328643151912,-0.0398524041546406,-0.0110438814086492,-0.0176759828859922,0.10177302080773,-0.0104369887109236
-0.0125070703279508,-0.027405203917269,-0.0137006270831427,-0.0234877237582201,0.116368341616377,-0.00955831988635597
-0.0262273639751204,-0.0283511266241941,-0.00543964547909141,-0.0165344071969858,0.106736042396054,-0.00159963083359502
-0.0364124271981946,-0.0169283759913908,-0.0154021989226747,-0.0128392058732287,0.107584214097981,-0.0062345044721847
-0.0519812136125545,-0.0133062042232526,-0.0110018555907651,-0.0134392589044209,0.0961920986387575,-0.00347337232751851
-0.0663841433767189,-0.0221146290759906,-0.0103265741104949,-0.00707693232245359,0.0827649367662342,-0.00412241886011426
-0.0801539011266425,-0.0333747167854291,-0.010304557588044,-0.00268779051035893,0.0496590885002883,-0.00831281047753465
-0.0880348095539776,-0.0383152282050787,-0.0137776549793984,0.00108495237982202,0.0363823385821491,-0.00880421820824783
-0.0927681225544471,-0.0348851767235761,-0.0190780063909909,0.00389136366379612,0.0285165052717653,-0.0137553991734557
-0.105690261449745,-0.0347129195956279,-0.018185063244516,0.00729602780011775,0.0188805099438552,-0.0152651661910787
-0.108727442873154,-0.0353276747970943,-0.0218671077271202,0.0103713497582312,0.0210415418191283,-0.0225871320555716
-0.119606227983141,-0.0336952094963583,-0.0190113822593175,0.00593925060006678,0.00899721599799227,-0.0253880363821183
-0.131190278644169,-0.0330053251856714,-0.0171015745898706,-0.00337149232798877,0.00420172960038862,-0.0282112717263109
-0.145322109279911,-0.0328166416303501,-0.0143710584810687,-0.00471095274451068,-0.00495050083055292,-0.0256031045427403
-0.148670828871993,-0.0323271900042063,-0.014997108640522,-0.00934859482820758,-0.0144008167272372,-0.0264784740221307
-0.155106721649058,-0.0380880986711714,-0.00904786772191514,-0.0133121166742572,-0.0271993700177209,-0.0225415689047517
