0.00813689956200691,0.00186643741635435,-0.0247772750572714,-0.16050994382252,-0.0306269274747384
0.0142614795363633,0.00913502516410393,-0.0246518644982346,-0.169027078381674,-0.034190673305263
0.0163410013150334,0.0138161306540905,-0.0247829901237398,-0.174546462539482,-0.0342631833452662
0.0221539248243976,0.0229783054966408,-0.0240056498665672,-0.179932339149593,-0.0447440699503971
0.0210933401295669,0.0195337010642159,-0.0211695785411536,-0.182149878871004,-0.0444124960987875
0.0224592032597954,0.0233678351746382,-0.0193409228766158,-0.181491377963268,-0.0415140307971117
0.0277972440740981,0.03438720498621,-0.0180071799724278,-0.184266432727506,-0.0483682587886064
0.0137309707448746,0.00826062526258571,-0.00639077996217858,-0.122524624129901,0.000922267604250804
0.0110560281480884,0.00912328098070729,-0.00680108696720401,-0.117193136339193,0.00422704204242416
0.00269461040390426,-0.00120903873280325,0.0019711564134301,-0.100542528539919,0.0297002944923443
-0.0107370396361131,-0.01338463062645,0.00274974134315743,-0.0884023075592263,0.0500361080100851
-0.00679428987390706,-0.00617876906370434,0.00263677079571592,-0.0819945841603763,0.0531095832780297
-0.00769055946645443,-0.00371843970319081,0.00794637934462404,-0.0771246235735743,0.0564726843909044
-0.0087645498846824,-0.000466418561320332,0.00685170898704263,-0.0780634272763323,0.0568502095016063
-0.0101527684748157,0.00582344496370399,0.00922752756744852,-0.0794388834955742,0.0563304299083367
-0.00990518826404359,0.00828500439096141,0.010500567328034,-0.0786378854143421,0.0578279390265493
-0.0087655277869965,0.0116582259515643,0.0114481647122375,-0.0745667305812722,0.0575171734293355
-0.00546191969515741,0.0147784803282252,0.0131034604282797,-0.0739594838528994,0.0563202551214078
0.0048030406115404,0.0304852415024076,0.0129810794321634,-0.0793877133755939,0.0425898815654134
0.00132808141841679,0.0255460447805843,0.0171229208273588,-0.0756228035985284,0.0571584845791376
0.00368820433523399,0.030210176442283,0.0185426698612823,-0.0763529900464532,0.0579241291445729
-0.000874182544620677,0.0306952087800426,0.0163940115519424,-0.0739691118512028,0.0644819805761013
0.00101730736823447,0.0384245129031817,0.0123281315895433,-0.0738288538366994,0.0631063559170615
0.00486424557366809,0.0477819464888311,0.0132918578341549,-0.0751125117410212,0.0566483148011131
0.0090326011361042,0.0525446174960406,0.0146857429086889,-0.0723690748680897,0.0573232511427091
0.0118943864557022,0.0534541280185022,0.0168634809849495,-0.0737093679571535,0.0557648240571298
0.0163013185634705,0.0596039361640048,0.0139201344421383,-0.0800917055488719,0.0494527721081442
0.00374869613152158,-0.0184176896313301,-0.0276352021862753,-0.135893918672159,-0.0207413465438108
0.00480888413991223,-0.0216147456426612,-0.0283919978756187,-0.137571580542482,-0.0145799329079829
0.0188286933824163,0.000205151777871583,-0.0270916037712024,-0.15896898886093,-0.0365811617251548
0.025959039641277,0.0137008050966925,-0.0233135437963284,-0.163480123588292,-0.0429076325047727
0.0270882615766371,0.0143194917835854,-0.0204675326423238,-0.156994157492585,-0.0378565189267915
0.0287069978507352,0.0191648785938711,-0.0198970312895875,-0.160395081277805,-0.0402449666699118
0.0309564179883841,0.0246112890182456,-0.0134095366171423,-0.132310467973746,-0.0285136030491613
0.0234230556130575,0.013330653925355,-0.0118562109493954,-0.112219019020678,-0.0123569392575376
0.0198715375225437,0.00824289996134374,-0.00731605968005572,-0.101102096110802,-0.00197434417926556
0.00350404809967051,-0.00603462246054983,-0.00475740940003412,-0.0835268778915713,0.0274641232710322
-0.00352548497866466,-0.0142401431922639,-0.00534277914619026,-0.0717618566273242,0.0461294498932542
-0.00645372495276747,-0.0134022792801144,-0.00250475260359113,-0.0664256699913662,0.0550248412218995
-0.00348159086202729,-0.00879221393001572,0.00370743648421493,-0.0577151974574407,0.057738755462566
-0.00375582330733099,-0.00668770910314322,0.00892049950222158,-0.0553914979178432,0.0629331677143379
-0.00279008678464889,-0.000893444404051586,0.00894520801958661,-0.0550586253652827,0.0601191286965888
-0.00199437880877515,-0.000114065126338938,0.0104015925090786,-0.0563923648893792,0.0591489682700162
0.000808877994772639,0.00710632733187073,0.0103904795825096,-0.0581810599561665,0.0565805633078887
0.00409754142930497,0.0150905727487046,0.0130976648648324,-0.0590315116125546,0.0525156121686582
0.0127838626122306,0.0282739992091556,0.0141785501564511,-0.0610754205549137,0.0418595034054365
0.00881291494149893,0.0255658135279618,0.0182855000765356,-0.0578232663298411,0.0558217615150759
0.0107979224208165,0.0343655229602666,0.017744846777963,-0.0556989145605985,0.0567288515877072
0.0111677750344711,0.0411897547171409,0.0168815352920101,-0.0592384438003405,0.0565183551755758
0.0157632872457413,0.0538849219175503,0.0181319963792428,-0.0610007621318352,0.0512364465761148
0.0171988151925455,0.0598473838932363,0.0163158066650628,-0.0578698265938547,0.0503525344704726
0.0157318913072134,0.0574939646690566,0.0136006119350436,-0.0543278471754382,0.0514617631939681
0.0166512886236595,0.0526478551616355,0.0123836873385762,-0.0538314628430864,0.0551094059094513
0.019259455320308,0.0556819163047844,0.0099155875621476,-0.0568691972795947,0.0503653442657625
0.00124090222178098,-0.0415107461282105,-0.0253507550212349,-0.0813402085049036,0.00731238159039621
0.00342948607687722,-0.0393710661505478,-0.0258388251320538,-0.0841544759658447,0.0109436643089127
0.011492381827108,-0.0253468766291296,-0.0207207136850335,-0.0860926463039551,0.00878639158849994
0.0247595375852179,-0.00642528089182915,-0.0179506100915518,-0.0942572793282202,-0.00729100079920527
0.0284246337459148,-0.00180199557162244,-0.0131896881735527,-0.0957739090703587,-0.0117635779865205
0.0264314675547122,0.000461581816516687,-0.0151952470925819,-0.0960874833072669,-0.010235625175527
0.0360320780336163,0.018468535437669,-0.0155793803647162,-0.103427587765279,-0.0259433557823246
0.0252624523310115,0.00245109473898651,-0.0119337143912162,-0.0896225428906522,-0.00651610389488233
0.0229400932862498,0.000761284089212731,-0.0101338027625813,-0.0762239619026022,0.0037478558228804
0.0117137318623085,-0.0121161834087085,-0.00836027520382577,-0.0644097771798898,0.0265686447169536
-0.00130506522217217,-0.0232911614342297,-0.00826844463283073,-0.0490229734216222,0.0510486374241014
-0.00228573200874337,-0.017876344051775,-0.00470232638816633,-0.0434312615619083,0.0555825058612627
0.000487764042939849,-0.0194413807519587,0.00468200704973065,-0.0329418351124783,0.0618437180488846
0.00212834447249966,-0.0141904463061179,0.00852317658890643,-0.0320198255577819,0.0631915036337173
0.00301645266365971,-0.00855492657752307,0.00665261057804021,-0.0304296667170282,0.0604269363358094
0.00458913845934167,-0.00458864376248681,0.00854041514713433,-0.0316825725972474,0.0600570720046708
0.0072521876476635,0.00488496214432436,0.0105846621264362,-0.0363042515026524,0.0554921725681846
0.0118531117198522,0.0157955804373384,0.01256268721441,-0.0367097248926302,0.0517511334164604
0.0162429678014636,0.0255741769270828,0.0131442403938826,-0.0378779753688056,0.048910492149971
0.0188035453613231,0.0307025396982451,0.0154432523396586,-0.0373567135785274,0.0495513213514595
0.018305881243467,0.0327139356692457,0.0163278204189272,-0.0354558398992236,0.0548267795781221
0.0209772466215649,0.0425607190645852,0.0152870794366357,-0.0384943492774338,0.0518786176155695
0.0216677720709956,0.0504812286178405,0.0157493286734364,-0.0353371351111938,0.0544747574224341
0.0215660182118941,0.0581886103687129,0.0140855395618148,-0.0367466521955064,0.0490351781112642
0.0234685400180991,0.06305464525013,0.0144706292999266,-0.0349480080008563,0.0480005475239124
0.0230246378496586,0.0587102597746799,0.0117374868113661,-0.0361466286187352,0.0491658892393936
0.0268957869707449,0.0593608927771852,0.0103329534874318,-0.038578069267288,0.0463482284894343
0.00283166212188366,-0.0546852896833365,-0.0194881237182899,-0.0478955728282379,0.0246659493720833
0.00313903214066026,-0.0509657384432286,-0.0218047577753956,-0.0520519179573658,0.0280535947479521
0.00507941255664211,-0.0492144712379747,-0.0231761438988451,-0.0544466231892546,0.0256391941164982
0.00379670029216659,-0.045986530846549,-0.0219211086828647,-0.0570788916932041,0.0272711041781858
0.00415466235071779,-0.0407784169320275,-0.0168794476418577,-0.0611097962927244,0.0218100856753729
0.0171999917612795,-0.0188666125271832,-0.015823742456914,-0.063541803264845,0.00831916563846736
0.0267071886436912,-0.000779489999359931,-0.0162440992544345,-0.0732979149507346,-0.0061009164425329
0.0246842974231212,-0.00587660093433315,-0.0160566894649082,-0.0624069777080016,-0.000324253206677764
0.0135541220981572,-0.021403900553811,-0.0156122710642866,-0.0476133315216805,0.0183600320328427
0.00765142769816656,-0.0269096841369594,-0.0163857028606926,-0.0398172823573587,0.0356734493680958
0.00123186353890628,-0.0274715417460665,-0.0137759986802722,-0.0268502898865975,0.0520604288873927
2.91532550994403e-05,-0.0232758035583237,-0.00551299303355866,-0.0184611793615095,0.0577388339431024
0.00164859028893035,-0.022952523044706,0.000634905903133744,-0.0169357124654153,0.0596495446145345
0.0045541905460604,-0.0151976087074694,0.00765393062421349,-0.0172891722631539,0.0610759173305061
0.0054573316384767,-0.0102471397599613,0.00304526358985465,-0.01873678322233,0.0587432112545657
0.0074707543385638,-0.00612682339869642,0.00377602588645535,-0.0201682088078028,0.0564939296451423
0.0132201213374013,0.0058056096957676,0.00532749239117936,-0.0214646621304504,0.0518840259928741
0.0197964311238239,0.0155157050306638,0.0112168744559962,-0.019822860829109,0.0492880054311387
0.0244499051052532,0.0328348346597468,0.00872992979061811,-0.0214137032940926,0.0379187917144966
0.0207560270958897,0.0313998540523295,0.0114760877861625,-0.0165852858052802,0.0514864185511086
0.0248787560903405,0.0399763905199808,0.0122182546369673,-0.0130475347722232,0.0523452712811649
0.0241929386161419,0.0422423528811555,0.0132841101393516,-0.0153178045414958,0.0526776148770425
0.0260810069451432,0.0510111435522363,0.0142616268568887,-0.0141561399561572,0.0498219351306106
0.0279877718311827,0.0576440180027127,0.015933863623716,-0.0147174134666972,0.0473069398611937
0.0281293264164627,0.0576687754736522,0.0162431134869877,-0.012050000376997,0.0512853997528035
0.0302412541523589,0.0588569589987971,0.0152285896421734,-0.00970430822661605,0.0558214836154996
0.0353421416997399,0.0636115489822777,0.014709868273574,-0.0078468681229218,0.0559130281758249
-0.00793455312953291,-0.0711952198339767,-0.0199091905166324,-0.0242219337672034,0.03594747072307
-0.00655430807867145,-0.0686480397620335,-0.0245346562163412,-0.0292935817468901,0.0361783869316072
-0.0140391270751484,-0.0744349391455792,-0.0349513328782207,-0.0306115132745835,0.0370921857119877
-0.00759240120899591,-0.0596023484106693,-0.0223189829050691,-0.0310437575599764,0.0364747711272767
-0.00614121844821008,-0.0581443732420801,-0.0178837893284681,-0.0308169585277142,0.0375886910526566
-0.0035114128584987,-0.051202069753722,-0.0215134778692746,-0.033351173089926,0.0309731865134082
0.0104825215804431,-0.0284539601815902,-0.0216916241375714,-0.0383984163844304,0.0155448936853346
0.000770842717972038,-0.0448580522242554,-0.0206355944216244,-0.0280449713288093,0.0341586501792904
0.00213728764747817,-0.0377339005391731,-0.0210869980706107,-0.0216175391791572,0.0394154030195482
0.000630097142534466,-0.0416615712217073,-0.026521453636743,-0.0144701626548567,0.0477902934637227
0.000363274573540578,-0.0343696270402888,-0.0225428269034975,-0.00515832622068146,0.0539524719239495
0.00189971432844347,-0.0235229766426352,-0.0112901272748154,-0.00500130153437241,0.0556377466074993
0.00259635280550394,-0.0196584304123192,-0.00636149967337655,-0.00442078440398497,0.0578070045875882
0.00279510036703118,-0.010812007894706,-0.00169208533513196,-0.00626521237921686,0.057162071290077
0.00956632116734297,-0.000227394524271796,-0.00157286814522315,-0.0121004064371447,0.0508940261773886
0.0135043741103039,0.00248360518136852,-0.000907532145434882,-0.00996428307369412,0.0484718907658665
0.0180760527398583,0.0106139072237658,0.00367009489996938,-0.00948819682692815,0.0445251902590561
0.0210940046604929,0.0183787528266693,0.00661524900144328,-0.00825225899820243,0.0436225728508812
0.016672343431423,0.0230133585751304,0.00460849531960408,-0.00307132131390224,0.0472256360869809
0.0182922169846595,0.0290205498002359,0.00822576711614612,0.000202282396913551,0.0518012413268918
0.02157394558318,0.039722752255066,0.0112114896061876,0.000628168039996653,0.0520529835908063
0.0262634343208388,0.0480862714660726,0.0112591895677394,0.00133204995112159,0.0521098879404527
0.0280570896487547,0.056424888336931,0.0162106683183846,0.00813262580665334,0.0540416822401733
0.0311692319674604,0.0600598631722777,0.0175120895528814,0.00933664694109564,0.0536509653333131
0.0333428073591312,0.0611833015353783,0.0155763170454805,0.0111269993097273,0.0547812719878142
0.0347961643869654,0.0604429584391549,0.0123517929869159,0.0066623271757508,0.0536199374575338
0.0393075644135607,0.0651474017188294,0.0160568756526474,0.011736329174576,0.0581044403371049
-0.00981579054377702,-0.077854010976085,-0.0219031413351641,-0.00812038344231445,0.0427034955201959
-0.0182459204630126,-0.0894940139584398,-0.0299079428943072,-0.00920394892423295,0.0452882482255059
-0.0218787841388369,-0.0854592529982067,-0.0340607409124233,-0.0127463138400994,0.0431907309770897
-0.0214587298880428,-0.0781786556053819,-0.03502411202819,-0.018337828051274,0.0404143768408635
-0.0248400576984958,-0.0814411582732346,-0.0353135315195054,-0.0155236591210085,0.0430936463553234
-0.0116963186922954,-0.0638265162528671,-0.028264293663831,-0.0163214142613612,0.035916731804904
-0.0120840595073207,-0.0626808270344283,-0.0309252854128679,-0.0140214351211187,0.0368121494120574
-0.0141671582399837,-0.0610810794501119,-0.0352128649250399,-0.00708796483594307,0.0453214905702872
-0.00688269708286152,-0.0532390752192503,-0.0282165125811855,-0.00172952246211493,0.0477138020672714
-0.00507112615458458,-0.0453956297902749,-0.0301174937778661,0.00365231715396148,0.0528774707457808
-0.000919343576155187,-0.0386150943476331,-0.0251680771341597,0.00851076733596535,0.0502629861878481
0.00459827596704167,-0.0247490343193285,-0.0145451353486293,0.00924672886147193,0.0495440881660266
0.00571240197287007,-0.0231144678666473,-0.0122939084148957,0.00816363599664711,0.0496398002076234
0.0100619309047443,-0.00706303445891937,-0.00571479196253763,0.00349159182110818,0.0469116168413318
0.0123206822520845,0.000705709600526805,-0.00383253776897012,-0.00177591039468528,0.0434268991155515
0.0160371482010273,0.00931142528054265,-0.00151191166515658,-0.00250876721365085,0.0382796952689123
0.0206760934123062,0.0124613567217508,-0.0020241169524118,0.00333159746408886,0.038839352884559
0.0247542610058637,0.0254766363389241,0.00465355865148237,0.00648685979566722,0.0431225810818362
0.0236466612087008,0.0312134535964206,0.00574974792322624,0.006873321631377,0.0457480506161123
0.0209349068319826,0.0322554318105209,0.00700433130011233,0.0153287292106682,0.0523934776252085
0.0242488365063506,0.0395494768544602,0.00937863444416736,0.0152230954271831,0.0500492957375219
0.0246438143329286,0.0466519535042288,0.0116787529005143,0.0151442686720759,0.0516313639163217
0.0247094225562377,0.0539291255013157,0.0138032917503346,0.0241183005348835,0.0576422461705819
0.0259917476657371,0.059278210622503,0.0149403784297717,0.0251872879513896,0.0553007790613542
0.027449385662102,0.0634664093106322,0.0112868219997499,0.0257178867100209,0.0541872927661277
0.0314111397422913,0.0691814639228202,0.0134765490650196,0.0315029014990464,0.0593742481717966
0.031987394486838,0.0660490610388682,0.010892348751258,0.0267134644405659,0.0556214602168401
-0.00907840938692333,-0.0695298188439243,-0.0153916041619396,0.000513636622843996,0.0408706195265191
-0.0247082988027744,-0.0883856150547321,-0.0265412093689873,0.00302854470185708,0.0500858777799662
-0.0325516380107006,-0.0941267873690869,-0.0349588138810954,0.00169337200491848,0.0500524998747222
-0.0358080171218506,-0.0886765937340562,-0.0357214467985663,-0.000298174362342776,0.0487115098514607
-0.0265648564277023,-0.0806926694394401,-0.0352119294559986,-0.00179376041643136,0.0432102827459838
-0.0161077672635005,-0.0690036505629004,-0.0255477340080729,-0.00112015428579338,0.044929557057177
-0.013522808774304,-0.0623733686178879,-0.0304287144458867,-0.000914237160333132,0.0401302921659022
-0.0129654517825504,-0.0601043408913247,-0.0312580928851647,0.00443937236881126,0.0451298623431207
-0.00826911246974269,-0.0521256494087126,-0.0331122811063909,0.00545090280694155,0.0433805539725317
-0.0081800226011091,-0.0479780712642939,-0.0276725968265152,0.00964598508168983,0.0493287681654136
-0.000188898791401591,-0.0363294573631619,-0.0225408662483701,0.0147768681037491,0.0490090223914582
0.00639459049126707,-0.0252572951144476,-0.0210091254200786,0.016929799207921,0.0450793705572786
0.00770161997939881,-0.0172251672483793,-0.0188668633816905,0.0142335045287513,0.0443650304790444
0.0127953875433837,-0.00855956907173686,-0.0131401454413787,0.0128661743721834,0.039682940895246
0.014569515285726,0.00486987930703064,-0.010630365228208,0.0137193900395082,0.0374609496980609
0.0179974292452919,0.0118686400527247,-0.00585156172550789,0.0142478288747897,0.0364637421112307
0.0206313574597823,0.0149691945563797,-0.00604238065513133,0.0146175430141472,0.0375165571950421
0.0257124374343922,0.0261828617734389,-0.000569256562619572,0.0165046902550221,0.0371684088993983
0.020987061897606,0.0278568937070431,-0.00092602009340302,0.0180748398709271,0.0453242113660638
0.0170627088782873,0.0318346809577242,0.00313045818124323,0.022660607184638,0.0494648860937924
0.0171520363713054,0.0374665139897377,0.0054685233793082,0.0239034399254299,0.0514645074881685
0.0187523623566055,0.0456649045791179,0.00612646624907939,0.0264131682550607,0.0520822801186528
0.0227552833253849,0.0599592189088853,0.0107747758081386,0.038038209456047,0.0574719662627824
0.0237770118325845,0.0602180332029056,0.00587712351719584,0.0393537076336118,0.0537136378174429
0.0236279429031662,0.0611318561073248,0.00591744029166401,0.0372620474456638,0.0529232637575165
0.0245488935184122,0.0617314328554207,0.00290956987191056,0.0314220520739913,0.0496773796868043
0.0282052892943334,0.0654460559109515,0.00817473865285639,0.0375240284735239,0.0541873545847973
-0.00207879169954666,-0.0612466787050286,-0.0106025198230905,0.0082245249054658,0.0364986019173295
-0.012660308169721,-0.0706979408461863,-0.0127196620100746,0.00725331729384196,0.0455183018453755
-0.0175197499410149,-0.0766642814919063,-0.0170102510131797,0.00557727895116046,0.0465343985384052
-0.0211250435397509,-0.0762914926912272,-0.0218505003684278,0.00727744236853918,0.0446476163322116
-0.0255410343970011,-0.0833292218846378,-0.0320056655242452,0.00724955133729293,0.0404030789731429
-0.0190969562190961,-0.0717775406547982,-0.0272097056771486,0.00652210074380829,0.0386561088283071
-0.0150827690249612,-0.0611370388734705,-0.0314704496693476,0.00656438644738433,0.0367108745448716
-0.012374739345915,-0.0608798211256004,-0.0314650891530119,0.00988749662806266,0.0398524811692202
-0.00864078457518303,-0.0509623276932686,-0.0305849207511627,0.00945862689745133,0.0397836397210396
-0.0110908354022354,-0.0465949821253424,-0.0291777848438915,0.0117131491825807,0.041190769417413
-0.00555092952328489,-0.0349800079718383,-0.0242873260248074,0.018883526888561,0.0408193603181687
0.00205541182222735,-0.0218502890537458,-0.0201882971846144,0.0228379170137852,0.0402682071795225
0.00594184979681305,-0.0138252018413195,-0.017338452972713,0.0189800256448645,0.0402676533444043
0.00825507384217091,-0.00487839418213303,-0.016894196324202,0.0184380458235434,0.0379861169856733
0.00830886966966743,0.000366880509963839,-0.0123674040775073,0.0200207452674691,0.0376459591814417
0.0171059431399208,0.00883810628349917,-0.00694783624006345,0.0199342232093689,0.0337721520654342
0.0220154721315167,0.0170085200858091,-0.00653937896054077,0.0243581583797889,0.0348009441858304
0.027517047012578,0.0258861520834635,-0.00143901101116766,0.0269736775235735,0.0376345374156775
0.0260675723497749,0.0317219924901237,0.000853533452394496,0.0321592399687173,0.044592114833244
0.0207011229911128,0.0365467800792303,0.00265166988205224,0.0338398065251121,0.0499125297299264
0.0185481040764988,0.0426841024077776,0.00312699859298468,0.0331909952002356,0.0485903399416098
0.0140894386962512,0.0447457140254395,0.000836388322985418,0.0341799648567121,0.0481107689270014
0.0166061756096917,0.0525625863836954,0.000705741301000473,0.0444339949775895,0.0493154900297954
0.0208026801318549,0.0563266236898215,9.33384753333561e-05,0.0442064895430374,0.0470527897209177
0.0224737669751853,0.0609081188432554,0.00148140823395404,0.0407712403377561,0.0458452260643787
0.0253734471060855,0.0654472592421589,0.00680673624194244,0.0458304526076778,0.0531511202272629
0.0248739571278307,0.0664734617024416,0.0124760483273806,0.0462181640714615,0.0543791205410318
0.00239759027962195,-0.0664730519013509,-0.00939177773041365,0.0142736950645047,0.0318872587482847
-0.00762248958200991,-0.0760806729677377,-0.0117654893470933,0.0156548530940489,0.0412711055532529
-0.00964142486564327,-0.0776584621107292,-0.0153048010154467,0.0119235495291339,0.0405384836400202
-0.00627120740934743,-0.0733158293331402,-0.0139444751067902,0.0100621002464011,0.0351540454133976
-0.0130616043476918,-0.0770092818858583,-0.0243367000596365,0.011436959952501,0.0332793558466566
-0.00907617582308515,-0.0662764171060132,-0.0228396387348677,0.0190597902318668,0.0334615620184035
-0.00877959209904435,-0.0551781591542132,-0.0289807323349937,0.0135580430957365,0.0303195371937726
-0.0102803694658732,-0.0525318070222392,-0.0309540845949123,0.0119997856056291,0.0306828287648615
-0.00811458151408297,-0.044982569786753,-0.032393134773043,0.0152944277673969,0.0327338836151239
-0.00713192946055038,-0.0388361693866393,-0.0313389492164301,0.0204982479726254,0.0331968358178064
-0.00335786827648663,-0.0305094708708401,-0.0255550818250746,0.0266514601097484,0.0327264933522115
0.00130510794984786,-0.021602785069685,-0.0203396522501434,0.0307000105667222,0.0342390830062986
0.00549161629381262,-0.0123884289779715,-0.0171057862677312,0.0259316871933639,0.0341732368803306
0.00860925272536318,-0.00418084074275944,-0.0167851715089864,0.0246300313299339,0.034584679559487
0.0136363208428861,0.00365239415394925,-0.0108700811747703,0.0263805686506386,0.0327728862594471
0.0158051898901363,0.00801924356966929,-0.00951531311351414,0.0278683266209282,0.0308467360063672
0.0195509150693079,0.0111342487253584,-0.00911774361150409,0.0282797645901146,0.0323193151871903
0.0235321578369329,0.0260270940146381,-0.00670698849098511,0.0308787174083819,0.0356817467559846
0.023474130680581,0.0373034260634076,-0.00619378432880423,0.0322596168636524,0.0377728132898201
0.0245968982218794,0.0395490705471688,-0.000308550241081105,0.0395365924040191,0.0438957117088662
0.025273854909069,0.0454273869206168,-0.000222074799468859,0.0430417203358624,0.0424670122744398
0.0202059863737379,0.0446029071296826,0.000802368824869698,0.0414866474700802,0.0424748552752752
0.0173540217774404,0.0492056036354484,-0.00183110386715361,0.0447871260353904,0.0428437319690112
0.0222280599928703,0.0544166423177992,-0.00214433352607522,0.0487631804037915,0.042975122281996
0.0227491579194283,0.0578156109997908,-0.00405716575059213,0.0483644685643654,0.0431575782287393
0.0232964015610755,0.0579373311394641,-0.00462238722963656,0.044725610324761,0.0415542345479132
0.0267450157118573,0.0654754729591882,0.0102234244802203,0.0513429699875105,0.0524986957970128
0.0166307210100157,-0.0578039503606781,-0.00592571156843555,0.010586489880908,0.00810032949918585
-0.000374314640476318,-0.078559843237043,-0.0113896487063258,0.0162292205929377,0.0302523164658182
0.000770638908124915,-0.0809770319507811,-0.00923649029383894,0.0179533601800961,0.0321918234259295
0.00114768097533996,-0.0756347870999656,-0.0133404582113731,0.0172852348621083,0.0264728652517989
-0.000337906142286545,-0.0673986976713614,-0.0158672001802419,0.0189128084324996,0.024240476131865
-0.00213950950403808,-0.060969962497209,-0.0213413405296281,0.0206274465187059,0.0233125015013046
-0.00470474491681596,-0.0506904443379146,-0.029670822071461,0.0170550105184271,0.0205771556912037
-0.0048809372158296,-0.0458463393768455,-0.0285587957162948,0.0171713987548976,0.0209054392983952
-0.000926015623834594,-0.0403071317667377,-0.0314058887304615,0.0209911191500517,0.0212470499108769
-0.00412172504074838,-0.0399516717736729,-0.031706272353716,0.0238787995349805,0.0241132633738318
-8.82513356274851e-05,-0.0271641394083244,-0.0270495603437007,0.031291828586129,0.0245982860149695
0.00585122913913086,-0.0171123143757117,-0.0226286325912137,0.0342937675359788,0.0255404204986943
0.00695606958837405,-0.010851472708391,-0.0178090845869568,0.0302442269171562,0.0285099311267703
0.0125453007778661,0.000199982237633777,-0.0137069827268523,0.0314913160736126,0.0299519337805154
0.0129065196061797,0.00311794025680683,-0.0103182066755918,0.0286293012445426,0.0300101143701772
0.0196786491868559,0.00921376161097409,-0.00817328275516814,0.028710889434307,0.0250592399440135
0.022295303052735,0.0125450366173305,-0.00860523688837264,0.0295606884057883,0.025856131536711
0.0226459380095731,0.0242465429464379,-0.0116667114874887,0.0321462012478495,0.0272602390409203
0.0219883071720986,0.0316897216916392,-0.0116304179206436,0.0337473883177686,0.0307244271999706
0.0209799507830837,0.0389446563952684,-0.00770113932490547,0.0395857555592937,0.0362269674429728
0.0232765869869409,0.0443337366282587,-0.00446404762888744,0.0442300867077351,0.0365231526099246
0.0189781922940772,0.0475146548256812,-0.00442811644446635,0.0430830907540378,0.0363197320010597
0.0202228046484989,0.0510240333628647,-0.00565917662677337,0.0472411122155946,0.0357188495302148
0.0240415314126567,0.0508384001741076,-0.00884563774565299,0.044370692032426,0.0314380124541666
0.0247059662189141,0.0540647113431603,-0.0108281148936185,0.0432843737592869,0.0318438302298987
0.0250456106079641,0.0549610340425249,-0.00466281276132256,0.0435471758538708,0.0355701906047579
0.0239692027791721,0.0535021062655361,0.000150753151275134,0.0418865532447914,0.0354054060402495
0.0230799501734089,-0.0673028082441323,0.000673124132445916,0.00930738188129635,0.00188803853239033
0.0110148410942908,-0.0839832892988986,0.000844124928389578,0.0171419476359869,0.0236868499140876
0.00993001878334839,-0.0793673114416502,-0.00601518327337133,0.0179690245758274,0.0198289497428108
0.0102719298660523,-0.0747981229098036,-0.00717338092458581,0.0196898617638676,0.0167809303791281
0.0032716096219083,-0.0707169050952627,-0.018655423236275,0.0227920130073597,0.0177629241567824
0.00652959161753827,-0.0539284538799697,-0.0171435774960703,0.0194612802501566,0.0119856467147965
0.00169884640600859,-0.0468924875955303,-0.0299076808950905,0.0153153030510321,0.00857417980057222
0.0038470354732012,-0.0387894822016071,-0.0305978488374264,0.0183796754214615,0.00829193537447737
0.00711035288853027,-0.034765023747401,-0.0294076640666999,0.022912645999726,0.00994291242405049
0.0034543664976225,-0.0337515477019069,-0.0311430776661494,0.0249729755785224,0.00854087521337475
0.00438128769662121,-0.0279907321661526,-0.0293261668061674,0.0311059191238246,0.0116463367350347
0.0052063848519963,-0.0237960973694531,-0.0229434308802413,0.0342716281517827,0.0164669682812094
0.0133566147008528,-0.0110293547280376,-0.0196742438802557,0.0336071519542449,0.0178263334602291
0.01649976908158,-0.00408628631318348,-0.0174026986919945,0.0335562910335723,0.0193053857729126
0.0180244091574451,0.005623406557936,-0.0159885857364413,0.0321081968521257,0.0161652938403733
0.0217640570095344,0.00935700398347277,-0.0133030375078817,0.0293333743130511,0.0124488859579097
0.0248365958162469,0.0127126502950206,-0.0153919901384384,0.0303342119791478,0.013388832729379
0.0225459175826059,0.0227863700158833,-0.0173272752923773,0.0323084143067433,0.0158795161070216
0.0222216451287976,0.0310557282692824,-0.0175849266720302,0.0382808700282203,0.019950528362386
0.0217304451550648,0.0378503505550445,-0.0147513963240326,0.0397227167653491,0.0255345133124394
0.0245120168473499,0.0421650990493466,-0.0120363655122123,0.040677400360214,0.0243309779273372
0.0241166034618514,0.0453671030049159,-0.0079334636317134,0.0424777171289976,0.0267761731819
0.0233442821204729,0.0486126001781644,-0.0127617056553209,0.0439007730634885,0.022726825218473
0.0274532905228524,0.0497955998196363,-0.0157309601248683,0.0452693451421983,0.0217710177583729
0.0287044728036042,0.0521224150016298,-0.0165319061745063,0.0444875523700305,0.0224531448513112
0.0309185415254463,0.0519426001723021,-0.0126181755894082,0.0403239538038809,0.0222848686866035
0.0290276747206939,0.0505769450375152,-0.00628944814675203,0.0408062805313823,0.0246891779767644
0.020431295575597,-0.0725245985512976,0.000950864988948075,0.00819346989054285,-0.00157628156012866
0.0147992801924922,-0.0762043179352082,-0.00403922198878476,0.0127055173616206,0.00257509814633082
0.0141100680450654,-0.081681342361005,-0.0095212304304898,0.0165476899539501,0.00758814629834153
0.0154805396009615,-0.0754531011169375,-0.0149331207177516,0.0212475856378623,0.00645247356819916
0.013380319057208,-0.0681157454860059,-0.0155131744732704,0.0225839012279257,0.00510013219253398
0.0118489416058824,-0.0590589580950679,-0.0183409734682201,0.0227613721321612,0.00415480408424629
0.0120945369524731,-0.0424856753154901,-0.0257993477825276,0.0182511265366222,-0.00231013304550855
0.00926343861780802,-0.0391881481192486,-0.0265339100347476,0.017536065387182,-0.00117674770936055
0.0100213993560556,-0.0328991261179168,-0.0260466759267728,0.0197341645554727,0.000385199310740759
0.0096869859395631,-0.0318147265946167,-0.0295278993498538,0.0224790128606281,-0.000602680338004357
0.00802273318982283,-0.025598266315433,-0.0328455727969023,0.0246969804340061,0.000557701748570715
0.0122665572878793,-0.017320287698682,-0.0273296850086139,0.0322414227355571,0.00447181965146497
0.0151678791929593,-0.0109989334096703,-0.0255086290677398,0.0281910144854797,0.00488027098675962
0.0197669594163477,0.000372632243589711,-0.0215824129377329,0.0294855823155841,0.00794106229414589
0.0181087400777422,0.00627745470233835,-0.0220670537114416,0.0281122060341171,0.00586308206752629
0.0196488022061154,0.00881362160678288,-0.0200840306443569,0.0261116240045804,0.00146504654891712
0.0211058475944526,0.0162226252364233,-0.0200015534581561,0.0267652939664445,0.00296923726768478
0.0200751960086692,0.0279113281188883,-0.0217700546485741,0.0287393313520109,0.00620577857218403
0.0216165362490893,0.0320222197227899,-0.0240515003140738,0.0387623369711795,0.0107274707515535
0.0230966196852895,0.0369542732464509,-0.0197203862411261,0.0363842726101167,0.0129729080136942
0.0284963056915221,0.0405510409737466,-0.0202569718166529,0.0383857271678751,0.0120945290787375
0.0290733642331147,0.0440869239050064,-0.0168067425781591,0.0433274437631816,0.0147143556970349
0.0285600855246383,0.047888807761723,-0.0207613013851677,0.0477571338663458,0.0116599397617203
0.0316247411177213,0.0486612714992625,-0.0208116158702841,0.0487471750620897,0.0101045740564069
0.032509336991737,0.0529792600815761,-0.0235347846488599,0.0438390106959852,0.0120880060084446
0.0343317109279863,0.0502409883387021,-0.0195738526902115,0.0432352985461028,0.0117639198228845
0.0342437013718045,0.0483182320899017,-0.0138110647574181,0.0416529165090044,0.0112896313243278
0.0209562242725305,-0.0654313826200624,-0.000505168873816107,0.00981120400511557,-0.0098918100410898
0.0157371621901515,-0.0721699520926598,-0.000178602958198232,0.0157384204037793,-0.00120898794742123
0.0168070529778216,-0.0754195220967639,-0.00361923660631805,0.0156747858544702,-0.0029744846488441
0.0221078214880673,-0.0718897400964494,-0.00638653484562131,0.0176070609804859,-0.00533964662369696
0.0214393909404201,-0.0684978792676709,-0.0143254372814121,0.019240206750521,-0.0073636735068234
0.0287285484950777,-0.0605675192569887,-0.0159759381653541,0.0201438184819182,-0.0132151994967264
0.0244948995073955,-0.0451748419498384,-0.0261829213774656,0.0166166501356938,-0.0160190776335444
0.0225991067516398,-0.0358553395484276,-0.0263189542682998,0.01451760726469,-0.0158496151461275
0.0223227691058114,-0.0300936321793499,-0.0266305023984428,0.0117416337198998,-0.015700603841148
0.0165872325716765,-0.0269603185766855,-0.0300717026515923,0.0163108659788819,-0.0137520432486669
0.0164177243349967,-0.0217661647116,-0.0326587356294807,0.0193986341229926,-0.0134926091114785
0.0143179948235396,-0.0182781025743908,-0.0312345112873665,0.0271774577074527,-0.00662821368929092
0.0208856276661941,-0.0106794931842927,-0.0334469357259464,0.0228117596253339,-0.00972809295177614
0.0229989907592626,-0.00284932096727277,-0.02955677595112,0.0215816934835764,-0.00990303441486783
0.0211025184613213,0.00313601165516163,-0.0288377579064819,0.0244623116483951,-0.0090229289948323
0.0208315349075529,0.00777817669808371,-0.0274257401144668,0.024669970340423,-0.0126050111240725
0.0226873851650891,0.0119610027851563,-0.031935690185578,0.0260887811259732,-0.0131995439253486
0.0171053732017396,0.0248911638532535,-0.0261088791630785,0.0303023600558221,-0.00113800818068727
0.0146223340144303,0.0382643114645893,-0.0135125990539915,0.0355012076962225,0.00681521258543713
0.0106857189356905,0.0452648412283094,-0.00780971381010795,0.0351743662377029,0.0137651512366495
0.0177900062947788,0.0492602915504737,-0.0126427226186249,0.0375387770659547,0.00919618551990438
0.024035613702092,0.044960317121687,-0.0206999133451382,0.0364393886152908,0.00207601477300671
0.0282564855018363,0.0454765899071009,-0.0289264249681722,0.0381809812437588,-0.00205979314640309
0.0271880965921939,0.0441106443620977,-0.030413283125185,0.0399645321599946,-0.00300846068636264
0.0364271825578446,0.0490438747431978,-0.0280805625046335,0.0428529159022688,-0.00163574794041315
0.0386328717839593,0.0472767104497492,-0.0238895117034759,0.0445949972060482,0.000294172167992538
0.0383636374040325,0.0441816284810513,-0.0203625522475836,0.0428833790127133,0.00101434422409435
0.0228800627408018,-0.0701773437622769,0.00598572671666908,0.0184862067116134,-0.0121586918666998
0.0237709723247218,-0.0698440409790324,0.00372605337085855,0.0150167427198683,-0.0159163788220709
0.0251484589220646,-0.0690352937572308,0.000106146920739623,0.0144944376383042,-0.0134220799677059
0.0304846751610456,-0.0641172352056499,-0.000684439350762641,0.0213535751278617,-0.0124592232339108
0.0323281953222047,-0.0633178289069165,-0.0100688130259903,0.0202357381775336,-0.0166238823957451
0.0317390600393159,-0.0584323745170419,-0.0141761104923259,0.0183453796063198,-0.0193843871798601
0.0321321095220914,-0.0446869704146509,-0.0274582918516986,0.00797407199101225,-0.0323231212589769
0.0308006968492295,-0.039383269829246,-0.0278462243262132,0.0055811660620944,-0.029648946708215
0.0270659592925593,-0.0314432192304809,-0.0278880360482067,0.00913554521250549,-0.0258987537150784
0.0249531758541054,-0.0292481308302679,-0.0354614928358831,0.0122562483459938,-0.0267217710770343
0.027211980972892,-0.0250159806090149,-0.0357253324001627,0.0182081067513731,-0.0265847081370543
0.0272926370322636,-0.0180534861338559,-0.0335692482532963,0.021416979185445,-0.0247742335220319
0.0286228001816813,-0.0133935584661844,-0.0356128192081877,0.0170520394685253,-0.0241044177869875
0.0325566999880918,-0.00393745843995968,-0.0360888845406738,0.0210692907885262,-0.0227593694305765
0.0311659596724079,-0.00169609691804836,-0.0390067550647061,0.0200324255997373,-0.0282304368886908
0.0286758739345221,0.00493183280314985,-0.0370673038692079,0.0222828459095319,-0.0267651445992
0.0247618971878672,0.0137079535378629,-0.0336471813524795,0.024795287374503,-0.0195327596405903
0.0220941314028619,0.0241634827847872,-0.0281841633753993,0.0289636739926651,-0.0133690083968856
0.0130570520156649,0.0339901933886229,-0.0166459621953139,0.0299279324655103,-0.00317824077627889
0.0101329122237076,0.03909747690969,-0.0156674699505208,0.0303485106540329,0.000613440229536633
0.019119480241167,0.0442037744908824,-0.0213619600733182,0.0301220689116903,-0.00601656660525223
0.020706064016158,0.049349613414813,-0.0232241201710059,0.0270829563620129,-0.00850342687894817
0.0269098118134916,0.0487842806849969,-0.0355027888692021,0.0267230398647872,-0.0150927973725741
0.0314579781293501,0.0478540821201029,-0.0337581570474945,0.0304717052941227,-0.0155772298527165
0.0366313593734568,0.0447964844009869,-0.0346486491481243,0.0350355562912246,-0.0146068509593515
0.0418407508792176,0.0443683786117741,-0.0275643707381694,0.0342593632086989,-0.0139610269845635
0.0404649377670966,0.039796615921817,-0.0248240227194237,0.0359456952861069,-0.0142420025817832
0.0302080208797262,-0.0710222173825474,0.0078997336093011,0.0195206285302546,-0.0229527687142455
0.0311634570455368,-0.0684749206468767,0.00487246047843075,0.0200343639542084,-0.0250056667366502
0.0289598292384226,-0.068775038408259,0.00213840470531357,0.0172774364298581,-0.0263172421600491
0.0354066993234601,-0.0625927911705793,0.00650301161485337,0.023480545838349,-0.0196966563794907
0.0382994882810928,-0.0583581731467075,-0.00336030603024612,0.0223468504879124,-0.0251127820175518
0.0414341233508949,-0.0547836407146568,-0.00840947687225434,0.0177502000858323,-0.0284353668497616
0.0392448746918763,-0.0439933187500498,-0.021023714846349,0.00591743037292524,-0.0416405117559877
0.0449564151620752,-0.0346751135144034,-0.0235555180965353,0.00245657046990884,-0.0460506656558593
0.0446647071011933,-0.02599987242227,-0.0292933058785003,0.00421184969840505,-0.0479601646812834
0.0418403090307223,-0.0255456033509119,-0.0327127534745669,0.0095329344826535,-0.040442079263118
0.0396932643995827,-0.0224103127621077,-0.0344828199657897,0.0114918931061043,-0.0396812599257013
0.0356300151373294,-0.0180473903182285,-0.0377582104804445,0.0143868702115501,-0.0375148227529037
0.0370065256256352,-0.0102766420176079,-0.0374165877815181,0.0130692605923036,-0.035997444341023
0.0356109734711122,-0.00570240332025439,-0.040023864050839,0.0164648353618488,-0.0343011920743049
0.0337066456568459,0.0014221536726645,-0.040739331187815,0.0170576529743137,-0.0374426797890077
0.0332226930926058,0.006500642074648,-0.0425538997339404,0.0166023589386328,-0.0389711953824158
0.0315863530509016,0.0114846960692263,-0.0425912523804455,0.0132198259290114,-0.0379896804803712
0.0293155147152939,0.0223464992054187,-0.0427630460532768,0.0169157294853722,-0.0324873120378698
0.0241248727802354,0.0305718107947594,-0.0398887463914653,0.0224805314670542,-0.0260449500501397
0.0253195915991998,0.0318731976944934,-0.0365048669760115,0.0221473973946522,-0.0241682339745007
0.0263943028692558,0.0366308394074685,-0.0381773398726274,0.0215670974755375,-0.0253053190493524
0.0265393401189118,0.0423747937741494,-0.0395088030695273,0.0223966062054676,-0.0257959322292847
0.0279694756339133,0.045126148237975,-0.0442423809765396,0.0230573428331635,-0.0266674110040446
0.0293335126813122,0.0451827332486755,-0.041455599784304,0.0281845250464466,-0.0250814173988504
0.0356030080302409,0.043967855984669,-0.0385029751448346,0.0290609850581651,-0.0254923029599949
0.0409388443397741,0.0450134324954854,-0.0347806234935184,0.0283307741413251,-0.0233745887402051
0.0366369936813144,0.0371534002327884,-0.033179352598152,0.0290930998723396,-0.024813554092623
0.0252235513853903,-0.075095411979293,0.0132784096429023,0.01896715557503,-0.0256953231490284
0.0240461156803054,-0.0688509286577513,0.00920004243744992,0.0187947452246732,-0.0302344671049955
0.0304151896945144,-0.0707304227841657,0.00478541739792296,0.0182268192670795,-0.0324231793064571
0.0378411920705181,-0.0659429872184264,0.0041993708979561,0.0231880746787034,-0.031315324179167
0.0420695478258728,-0.0570345290929253,0.00172051203656554,0.0216720914710566,-0.0314152345783879
0.0399575071628993,-0.0522955052086189,-0.0053500797453212,0.01514284235246,-0.0348969704776943
0.0442231113997746,-0.0432502176205382,-0.0105370740675772,0.00813067997331339,-0.0418060059805566
0.049032028616888,-0.0332358478290346,-0.01616061406716,0.00322625500671888,-0.0528946641754552
0.0499132050368403,-0.0272181970058255,-0.019954765985576,0.00816183012870766,-0.0482215908511617
0.0459605970625642,-0.024251422059412,-0.0227852064121152,0.00826479446705312,-0.0457251064876604
0.0447713316909599,-0.0214840779496777,-0.0269877341381154,0.00832935866132902,-0.0483914061306052
0.0424479258432679,-0.0135848188115916,-0.0326466689863621,0.0105421112327453,-0.0485969153871808
0.0405458301445988,-0.00931497307667068,-0.0403289695231533,0.00811725528687986,-0.0488816774924894
0.0308507273900392,-0.00238644793619748,-0.0431789986340678,0.00789367692333836,-0.0467296857642504
0.027989933023459,0.00336324073509894,-0.0427779017219466,0.00993019830187561,-0.0460214121982932
0.0264671645316785,0.00802374777092777,-0.0443872020938854,0.00774860983124808,-0.0491143369617063
0.0240790082839531,0.0154084320040245,-0.048412415497532,0.00316746099000785,-0.0544285198240591
0.0203504545581705,0.0223811926899274,-0.0520709588926274,0.00765602750385501,-0.050196650121553
0.0210000021278314,0.0269323826154297,-0.0467420448100808,0.0167540763412572,-0.040852367321697
0.0231444725202562,0.0317056750295902,-0.0466526229031321,0.0180839236623564,-0.0345510741666114
0.0229425909585139,0.0389162939522946,-0.0456787285908984,0.019186126194563,-0.0340246890690021
0.0192944376104005,0.04002216820913,-0.0457541985130297,0.0207519766985093,-0.0334672307192472
0.0232817835359203,0.0439746360470704,-0.0463910796980662,0.0207470622527667,-0.0333471263044488
0.0260174482442071,0.0444340541880167,-0.0455544773193866,0.0253518422395443,-0.0311345318477184
0.0261213663100058,0.0429247523953536,-0.040919369722465,0.0255837691375122,-0.0316019127838675
0.0298472008275062,0.0407478333870656,-0.0399003908345018,0.0258252675231037,-0.0329581808176583
0.0316837151496074,0.0370760191675995,-0.0371500975598389,0.0256971450788635,-0.0331034712802856
0.0183094647246861,-0.0704868337825172,0.0259237952354766,0.0173045693396164,-0.0236169117430232
0.0272497906702877,-0.0671643572313594,0.0215958266511731,0.0154959893232251,-0.0324361078448945
0.0321523618686024,-0.0629090340899275,0.018143542083199,0.0167899302174406,-0.0347136979699529
0.0347306796417639,-0.0580682457148609,0.015189607811049,0.0178510197737791,-0.0369770907108093
0.0381377011795035,-0.0517410997353815,0.00798135918249007,0.0142327439213008,-0.0397483436174602
0.0340230677941991,-0.0471397161007008,0.00272827040834652,0.00981157101308775,-0.0372495250057055
0.0352348385703125,-0.037692215656104,-0.00508519492854731,0.0044576400993069,-0.044914451163105
0.0458785914126782,-0.0306464628277604,-0.00539188854918618,0.000666160705872001,-0.0534732105166641
0.0485283428155939,-0.0239148509081335,-0.00917062458882064,0.0046590551991391,-0.0508148276813002
0.0435108529890804,-0.0190195925879529,-0.0144557821145678,0.00488860091729511,-0.0518458155852921
0.0365753537800483,-0.0148974246203893,-0.0156571456380183,0.00535350256015874,-0.0491089224395649
0.0396899859782848,-0.00960358581894723,-0.0230470423179595,0.00716518480640145,-0.0512328609733832
0.0345902442329644,-0.00339434945805162,-0.0352900567708191,0.00387944730793599,-0.0555074546160189
0.0265214945658054,0.00366358034387011,-0.0415270973574683,0.00135316016804962,-0.0549029199319876
0.0221346180814083,0.00461272043961344,-0.0412420429920212,0.00327459566789101,-0.053385469748146
0.0180358557679272,0.0104953134570901,-0.0469459404317026,0.00323110410640304,-0.0532800690953814
0.0133230892800099,0.0178066828239881,-0.0509446237973444,-0.00158197009168786,-0.0584001807551696
0.0122484436958253,0.0214079279210346,-0.0562305449932743,-0.00277121928457048,-0.0630236699174474
0.0149430707729824,0.0248392149011358,-0.0525135308691895,0.0104360260798867,-0.0502101914358435
0.0165591586998831,0.0290367982335867,-0.0513012806128623,0.0106756090796782,-0.0431928592688127
0.0161778313000498,0.0349477358699556,-0.0486363387559964,0.0136174281683673,-0.0404684821948738
0.0101248900271412,0.0395672005559396,-0.0445052856556733,0.0162359375723882,-0.0333726921997714
0.0105714524913625,0.0416605775011889,-0.0419089909353016,0.0167817836425052,-0.0320892735905323
0.0106639055361973,0.0369563363603956,-0.0377795286974507,0.0211939237643414,-0.0289495696377057
0.0117147695249777,0.0382858115885075,-0.0383413608284787,0.0199431871946181,-0.0290598333598055
0.0181096593011677,0.0370198578596194,-0.0353153282245512,0.0201906670910452,-0.0328987697080907
0.0190988732113865,0.0317049829049501,-0.0350546299169601,0.0197416129789881,-0.0338894798785691
0.0193906957031168,-0.0581709780771545,0.0418633665751176,0.0164145193343145,-0.0225146163609957
0.0193044152643202,-0.0535732054135634,0.0381845162522934,0.0142800765252208,-0.0285958264991302
0.0221855477619617,-0.0557082888674008,0.0305119213039368,0.0122523380742142,-0.0335616265208594
0.0254284471349748,-0.0486617742675002,0.0267375645062535,0.00934297505789291,-0.0351501421022674
0.0313390510189183,-0.0407813671364314,0.0171502973523934,0.0104933663359774,-0.038527044205
0.0269170102048011,-0.0366346745216374,0.010846014582969,0.00677197740301738,-0.0377762947494802
0.0271766672904484,-0.0330936640212485,0.00556072495998445,0.00209484757956924,-0.0441925178917211
0.0295940931274961,-0.0264653412274333,0.00653299281130312,-0.000108758744842901,-0.0469633239840802
0.0364067268179492,-0.0180839479136297,0.00279362058712498,0.00180551141137198,-0.0481498566820612
0.0364520402792504,-0.0147534227494546,-0.00295203951882621,0.00323682938337847,-0.0488803990527288
0.0309660968807936,-0.00915099208075566,-0.00516211021540534,0.00764097521808759,-0.0460275379591236
0.0305574798787334,-0.00512683632523578,-0.0121895051027462,0.00978415375061326,-0.0486045769740617
0.0238295178641749,0.000136012936360131,-0.0209393988393569,0.00724124277243648,-0.0493186902296631
0.0183488058892758,0.00771754642328296,-0.0280354448241282,0.00235713450277113,-0.0531659979893983
0.0121909376687104,0.0106070848460315,-0.0320570580861654,0.000180782889430279,-0.0555071118752629
0.00857346623278489,0.0150619336981129,-0.035761110538088,-0.00375679567693761,-0.0576603889080392
-0.00420411922017658,0.0212896010445195,-0.0453722518327559,-0.00636421599414025,-0.0589155986748109
-0.00651153888395396,0.0288329895228236,-0.0485716648785801,-0.00627389106263381,-0.0600008596070789
-0.00677493200703512,0.0272520482574494,-0.0459975982572838,0.00657767838487738,-0.0467721029806443
-0.00415413740520518,0.0315938164462973,-0.0411510721831886,0.00825723987653872,-0.0383292412644273
-0.00573511346447483,0.0352612885347603,-0.0425857176089616,0.0124295777579665,-0.034048941404213
-0.00444521036893241,0.0397690239061379,-0.0381044490448247,0.0124937138856855,-0.0335522615235783
-0.00414319333512567,0.0393613358555857,-0.035373442375126,0.0149562091615546,-0.0304304652635611
-0.00334324977887547,0.0377509985966801,-0.0337904200376045,0.0176553204883329,-0.0263210717127628
-0.0115522168781577,0.0332268495157944,-0.0326428210587381,0.020815236283457,-0.018602022797087
0.00141627924519094,0.0308361983497794,-0.0312163033162385,0.0183135401869524,-0.0235301251916602
0.00132081829885674,0.0214897525117872,-0.0317467221498369,0.0159906126984868,-0.0267494413988653
0.0180212713085039,-0.0517505128373447,0.0588719289750405,0.0179330622022578,-0.0201186400108102
0.016407528868259,-0.045211054794371,0.0494274472582359,0.0118084279752014,-0.030099614579878
0.0220078491356977,-0.0434527899411072,0.0431503776751022,0.0108250001731516,-0.0342742718563839
0.0261150532026906,-0.0390516052215281,0.0337108358116939,0.00894404645925394,-0.0392011677739597
0.028601872288633,-0.032592912870164,0.024699603409032,0.00734252868570151,-0.0409662941711495
0.021112662391855,-0.0292079120389609,0.0174234679072086,0.00468600889829499,-0.0404483334632626
0.0233764161020696,-0.0238075736469751,0.0179656518617861,0.00259887937471042,-0.0414118555013194
0.0280794122547056,-0.01946114659069,0.0177890768561938,0.000531505301315536,-0.0467458278841431
0.0296124402163604,-0.0158200157427954,0.0153809926030586,-0.00256512315012248,-0.0489945836374033
0.0311104826784469,-0.00722575014725062,0.0121273530336793,-0.00297378360601916,-0.0508461074109235
0.0218226411028622,-0.0050219093787866,0.00350897229009472,-0.000569277512018023,-0.0509881062163484
0.0168575934999674,-0.000284944552996081,-0.00223548726392011,0.00236448196303084,-0.0497324625127501
0.0145250335060735,0.00502688522269695,-0.00733828456251401,0.00106778899275931,-0.0527651100550775
0.00859944234095405,0.01349821450891,-0.0199796526838689,-0.00446558462968729,-0.0590557919634521
0.00598799146005638,0.0168220272755474,-0.0256381285911647,-0.00361473128725035,-0.0596841253158849
-0.000160980942110946,0.0208889118761507,-0.0308401061389502,-0.00812187056654551,-0.0630083384102157
-0.00862073887066823,0.0250108321028622,-0.0371227554328348,-0.0106162723691084,-0.0634071892118885
-0.0164715053382452,0.0287279140137025,-0.0397646860868498,-0.0090232879033756,-0.0599542532280539
-0.0219777698793229,0.0272491754973976,-0.0403513725361992,-0.00345986732234589,-0.0522267872585663
-0.0185870310282442,0.0303354350514794,-0.0330095436621588,0.00499806148887592,-0.0401004908404246
-0.0221307852212143,0.035772212149329,-0.0312305161598861,0.00842529758039927,-0.0333585557387526
-0.0254602736360464,0.0342189258238972,-0.0310927569314744,0.00581577642950154,-0.0307037652876389
-0.026258360988482,0.0330698703306388,-0.029894959500023,0.00830094189123579,-0.0267374303260349
-0.0279212050430797,0.0306199893734793,-0.0282613134444351,0.0123169740398857,-0.0222707210745737
-0.028454334453278,0.0256850226866024,-0.0294359360124103,0.0199121413024394,-0.0171321322724502
-0.0224232178379747,0.0202250192090385,-0.0315405786954883,0.0193078273283569,-0.0207443730166416
-0.0203052529350878,0.0149329374677211,-0.0301122763640663,0.0179038737510578,-0.020125355516755
0.0128283371338182,-0.0369219298757515,0.0681502938080281,0.0184139982706063,-0.0171696799168964
0.0149207729120195,-0.0339442249495404,0.0606975435038023,0.0153608124719886,-0.0260014350957939
0.0205896851867477,-0.0376191263699374,0.0569760371799437,0.00956622620564384,-0.0327509730886549
0.0231482260708214,-0.0342583095222975,0.0499274243973343,0.00688229805134064,-0.0350153081703074
0.0218161644329202,-0.0263411796628031,0.0335443444177445,0.0033788921340111,-0.0414416332510948
0.0208906152062587,-0.0197398777330303,0.0333170214768458,0.00130320344882478,-0.0400900579121293
0.0225160259915307,-0.020852394478157,0.0326714059329807,0.00164979057858963,-0.039371434079302
0.0258323776603248,-0.0153835335577364,0.0352981124515599,-0.0028262857291206,-0.0452587574672882
0.0257621854877091,-0.0145984539015165,0.0348253297409918,-0.00211404061180847,-0.0424897766695281
0.0258239879875372,-0.0086900982677217,0.0254338966317183,-0.00421755665551369,-0.0490079368684539
0.0170471697149078,-0.00514087427195465,0.0144370234664462,-0.00442980418365006,-0.0537347853961118
0.0102540291922741,0.00181532867823054,0.00729156997196421,-0.00208666462304965,-0.0533926272205043
0.0125029317208524,0.0095250247063275,0.00425644168643882,0.00198947810501456,-0.0522815716250688
0.0046276071742035,0.0159056577723997,-0.00702470037478405,-0.00378076752432545,-0.0559825536315477
-0.000597200034029087,0.0201968430681444,-0.0127914569900508,-0.00181602747697507,-0.0580244611002329
-0.00619254986054817,0.0242973442979473,-0.0198528759464664,-0.0056075140452218,-0.0590090412365172
-0.0163939886872279,0.0312533324246076,-0.0309639731441761,-0.0113292672535867,-0.0612545438472108
-0.0183611959803817,0.031134721197193,-0.0354307718330022,-0.0120155493465226,-0.0613515151974997
-0.0306363303852508,0.0297415856416261,-0.0363024356791693,-0.00705434171891975,-0.0555280025087715
-0.0308887279355305,0.0309426771341745,-0.0303882003232,-0.00518783298542722,-0.0475266693298495
-0.0372598013085645,0.0327542009482489,-0.0297087716786663,-0.000270457659675721,-0.036402831754619
-0.0382916058380906,0.0321398053857753,-0.0259472378629585,0.0036276877048176,-0.0289888173590361
-0.0417736336803392,0.029792789869186,-0.02664074275664,0.00434123552446732,-0.0272393941937144
-0.0443955790073751,0.0232196136458008,-0.0296835071362786,0.00751281839231743,-0.0238419843695515
-0.0541441604317229,0.0138580265381609,-0.0306633633758055,0.0108043022198159,-0.0148798650182235
-0.0539716482399953,0.0098405525891352,-0.0291460806064975,0.0142988127462079,-0.00954723264364406
-0.0518043435377705,0.00300136257380541,-0.0300122201163558,0.0133135681852766,-0.013743916445896
0.00516392757857161,-0.0339579976227095,0.0727110145449004,0.0228556348195033,-0.0116387174188214
0.0139116934173008,-0.0274123178242689,0.0735164948070237,0.0215710067759263,-0.0224849057700336
0.025472589856635,-0.0270735754338087,0.0705629122987873,0.01159663189672,-0.0311023421169135
0.0327454412640871,-0.028431374698519,0.0744399775971392,0.0100372356012796,-0.029204636437494
0.0295230836121271,-0.0229886948718766,0.0587324129403088,0.0131951124704765,-0.0320385730663707
0.0266943282272065,-0.0201210280550336,0.0554247458468353,0.00709131558937206,-0.0334915681671581
0.0237582157958813,-0.0181901832304428,0.0535292080950496,0.00156139472958677,-0.0347229572070392
0.0208812675947341,-0.014092691841874,0.0446291926854483,-0.00741062187144156,-0.0445497494915336
0.021320576442575,-0.00650003845272371,0.0384079346816765,-0.00330611897210824,-0.0452817246903131
0.0183768219467915,-0.00176937101487886,0.0320268690917829,-0.00469929146160831,-0.0484007174493315
0.0107755780864545,0.00269638221366939,0.0206875162609981,-0.00659914840602186,-0.055413931272489
0.00567088119396768,0.0093719229099834,0.0136285037576194,-0.0110233537269609,-0.0590218131150775
0.00412181594736337,0.0119032537368414,0.0104077208395095,-0.00875428496166418,-0.0566258937679166
-0.000923951293745394,0.0151220393944344,0.00563628355208183,1.55798897333893e-05,-0.0544442453188852
-0.00588246041842612,0.0209058896676526,-0.00381516365264491,-0.00130904093322426,-0.0577875324203791
-0.014673835753538,0.0255220157096335,-0.0109446663536916,-0.0032218776834872,-0.0583102746530186
-0.0247676440591161,0.0278673248397712,-0.0175921461162472,-0.00571560959440228,-0.0541616518497411
-0.0266198248492766,0.0281101161412451,-0.025359714162988,-0.00757660100805433,-0.057459225632565
-0.0411389359292411,0.0303545117047578,-0.0299984751484105,-0.00896672797631936,-0.0536706070789228
-0.0430763759925155,0.0333520445239954,-0.0298492884778119,-0.0102273413290895,-0.0538981276617965
-0.0500544903438142,0.0319748525168951,-0.0273302775278685,-0.00437146235913854,-0.0391344537930078
-0.0525906515689417,0.0267035069503708,-0.0241613549916587,-0.000177049834800325,-0.0265326072231748
-0.0563840059406678,0.0223034889122752,-0.0252866450769297,0.0057664255937963,-0.0199869975788831
-0.0649838842264746,0.0123276619382647,-0.026728181604846,0.00910839729261228,-0.0135311207688184
-0.0721567773099597,0.0113362848445342,-0.032107668195119,0.0116800676760646,-0.0106151652377079
-0.0695972029827794,0.00917310849472102,-0.0295364835432148,0.0140620844105801,-0.00731986574910364
-0.0718907154596842,0.000238244207521859,-0.0287448546748218,0.0145200119013511,-0.00559492683203847
0.00267860586364284,-0.0221277530976537,0.0790259520041802,0.0195741232382569,-0.0109485256646498
0.00698242274913338,-0.0218098613881675,0.0799908521314755,0.0202355839158495,-0.0196495302749492
0.019345245173422,-0.0254681591003917,0.0819856234491404,0.0140423863102868,-0.0249311709241288
0.0289803657531019,-0.0254416053561525,0.0838072444442282,0.0118211509649433,-0.0243320648206499
0.0302507013156313,-0.0218898785672909,0.074664106739662,0.0134935463761686,-0.0284076552972314
0.0272714346823499,-0.0186323213659022,0.0736508287097177,0.0102358908213115,-0.0279947482837876
0.0208572010599705,-0.0138259639221087,0.0683430435403203,0.00496648497137316,-0.0302552703055198
0.0170194705153959,-0.0121167954996674,0.0552019760323257,-0.00469844253389307,-0.039288279686851
0.0161986000152121,-0.00374548475135283,0.0502616763954311,-0.00490133991086955,-0.0408734052543535
0.0115773294365936,0.00139333539142179,0.0424854062822674,-0.00808251176267645,-0.0464078084565313
0.00485357571592384,0.0108775745539682,0.0269626225624802,-0.0245426191743734,-0.0612850324990734
-0.00625682028051375,0.0144796803887858,0.0191183654600538,-0.0245524989626682,-0.0622371981815922
-0.00869315428970586,0.0202935498227119,0.0123816999152514,-0.0255278458246176,-0.0662899711875758
-0.017404752692846,0.0213603703161365,0.013594005922813,-0.00724293905129998,-0.0524530642165344
-0.0167061607860943,0.0277705605463374,-0.000326541172384398,-0.0100568780306294,-0.0587932707166136
-0.0283099030382727,0.0295231889787548,-0.0138119567418272,-0.0224692556729148,-0.0646556354992616
-0.0275004800438075,0.030748105108945,-0.011096131352511,-0.00677045058776946,-0.0528480343376969
-0.0399231084403238,0.0291971496285909,-0.017781146753414,-0.00574227487064408,-0.0510884214636999
-0.0534267032358764,0.026264178291168,-0.023146386960033,-0.0049570798233329,-0.048241324599919
-0.0631748053811767,0.0282148723857117,-0.0310315852617286,-0.0112098720914706,-0.0504285532224312
-0.0641055707316428,0.026344181934012,-0.0278729557700468,-0.00881828280710943,-0.0386280451456473
-0.0668235988024983,0.023581903095634,-0.0261211194316708,-0.00361944595468464,-0.026430124542396
-0.0797836902173698,0.0144064445352816,-0.0262979722389878,0.000856543865636274,-0.0138277709655612
-0.0884883271852637,0.00580771906779038,-0.0302463701170924,0.00443052974361792,-0.00786717562755151
-0.09521963089602,-0.00183994009113837,-0.0362098700387921,0.0108358870862343,-0.00398033883624963
-0.0933842636533876,-0.00389095717289577,-0.0313326732330044,0.0119476763282735,0.00166196811197921
-0.0885173008054825,-0.00849291849760198,-0.0276855778298984,0.0165941770979853,0.00471350541013909
0.000714006832331093,-0.0170560054646359,0.0898071724698068,0.021611985637882,-0.00375265335737014
0.00267989612316561,-0.0170209429794039,0.0900331627857302,0.0204246708732856,-0.0138584564399679
0.0157249471343921,-0.0172339066760557,0.0883825101367894,0.0174489569521824,-0.0210045220702167
0.0136596470633068,-0.0154424069669459,0.0785691208235648,0.0112158795608215,-0.0261254774703147
0.0197031253381924,-0.0139075500296649,0.080192032259307,0.0101389141273366,-0.02761265497098
0.0120050453155831,-0.0119740938952606,0.0693196850646739,0.00900116339740103,-0.0290273007058794
0.00991380115477989,-0.0100995877444578,0.069551861114837,0.00785270803594267,-0.0282414935645052
0.00681540800445901,-0.00742973744835865,0.0692496555332164,0.00272500913103755,-0.0304403093347869
0.00713941562484322,-0.0026447029981795,0.0662590468961206,-0.00316311908317154,-0.0296261133163291
0.00640520956832431,0.00379456158906569,0.0528045531347986,-0.0065703934305166,-0.0394115334658979
-0.00133024781152912,0.0107654643110235,0.0418571501364865,-0.0185059469174709,-0.0494464701102774
-0.0092502130539047,0.020538861062999,0.0300613275428754,-0.0281171581385919,-0.0583446792741253
-0.0173111087953435,0.0237592555422232,0.0306231484280517,-0.023287274256135,-0.0520642107879002
-0.0291788595835245,0.0259824407941381,0.0207435948599006,-0.021463148001041,-0.0520394751983226
-0.0309919359765099,0.0299590776685628,0.00990137320359765,-0.0181406034609593,-0.0536194363321211
-0.038229955422993,0.0319320435821148,-0.00120767504756148,-0.0224002463504781,-0.0573712363315602
-0.0410521096256905,0.0341832321497664,-0.00737802261924537,-0.0180977448063406,-0.0518434089547158
-0.0487929528878635,0.0319531600659251,-0.0123486505281364,-0.0039567207522518,-0.0458209921764408
-0.0645295813607669,0.0278404743307001,-0.0142002129547578,-0.00235307161084684,-0.0401919940468289
-0.0658776634275646,0.0270722743362374,-0.0183031167247843,-0.00364083238946371,-0.0381350620280464
-0.0800498160960895,0.022412558913435,-0.0300967291720719,-0.00873272287641143,-0.036920358715651
-0.0816886467340584,0.0162658881328937,-0.0245698101345815,0.00623928825821947,-0.0151079548240016
-0.0965625829407313,0.00880412267877047,-0.0350034687041667,0.000176013399287093,-0.0166817535799167
-0.106725094341026,-0.00160171743308758,-0.0353268905011253,0.00515038901408126,-0.0051817614924795
-0.108295875430084,-0.00667345548653556,-0.0311893777531619,0.0142922677226466,0.00516247897973749
-0.102894885189875,-0.00936164198809026,-0.027463034990953,0.0173879918322253,0.0117479746692852
-0.0990489684813987,-0.0129611438351211,-0.0231165112807257,0.02175913758775,0.0159920232274758
-0.00429630993563121,-0.00945882060216395,0.0986515237763954,0.024702947316921,0.00608662319772307
-0.00150218684891595,-0.0134788337016796,0.0930996457424,0.0202105380682774,-0.00906817883985471
0.00673397792991333,-0.0126953688845078,0.0900224909783746,0.0168538344741353,-0.0172438026945285
0.00553641906991552,-0.0113126575120194,0.0849142196056872,0.00631542947713371,-0.0217522570884209
0.00523015316855994,-0.0051157055041956,0.0828756895666567,0.00711519463585532,-0.0258241354874772
0.00269408382004121,-0.00603599193255013,0.0812467135065149,0.00480101877411264,-0.0261218524143746
0.0035962311654517,-0.00720105805562232,0.0860675705410253,0.00796038897793715,-0.0171523690905316
0.00228890576949889,-0.00604775506012165,0.081449613013219,0.00564112273234365,-0.0181091683562863
-0.000499167546229223,0.000466649726338723,0.0783147958091736,0.00261885153391635,-0.021926549391232
-0.00211295138896492,0.00655780435202107,0.0680832414072742,-0.00694794720316332,-0.0313204970428528
-0.00850739478384509,0.0126635566541748,0.0567147209934632,-0.0120653080297198,-0.0396026892163207
-0.0201047002758201,0.0189112122369925,0.0405618535284616,-0.0226368226091111,-0.0481040499738589
-0.023197917519675,0.0251753838407519,0.0362804460560684,-0.0261679616773078,-0.0504229790802164
-0.0414232176812027,0.0255827968667961,0.0292687702152581,-0.0231239740467791,-0.0430834652256424
-0.0455023686709681,0.0278407002747203,0.0163985752904524,-0.0213950825336384,-0.0455527676199179
-0.0506519127707313,0.0340017199304128,0.00308190990482091,-0.0273194769306203,-0.0487320526070151
-0.0543509554332768,0.035112023355396,-0.00274917161411247,-0.0215085054488559,-0.0497386332821536
-0.0593002563386817,0.0324204659964134,-0.00210779171159507,-0.00702036643571308,-0.0432248229500831
-0.0693760775891904,0.0274046445365861,-0.00426828610123403,0.00296308895571319,-0.0319860707385427
-0.0774775560844628,0.023743909432153,-0.0112171481850411,0.00480209728792652,-0.0282808249970318
-0.0875953934922175,0.0170231732969392,-0.0177619946876874,0.00508561560077747,-0.0209438161226338
-0.089070880476503,0.015142627939481,-0.0168434348128983,0.0124421999889793,-0.00828597089116346
-0.104023919544314,0.00872778606616498,-0.0226161090163299,0.00704555442748086,-0.00761953395617674
-0.118124182043622,-0.00693947390859584,-0.0259231302754258,0.00957285210927981,0.00526416383123249
-0.117412783436395,-0.0112580496639704,-0.0188938970408149,0.0200905539650842,0.013862091494097
-0.109437690872735,-0.0126611065804549,-0.0198641759006778,0.0232122427552725,0.0167164296180785
-0.103427259521902,-0.0149708166899897,-0.0130468961670334,0.0252105666065164,0.0199735146760882
-0.00371462970571502,-0.00726816126254236,0.112758400725766,0.0288998726744444,0.016887497758006
-0.0048932286161091,-0.00721550226499319,0.106232000402759,0.0218131659625756,0.00290250161107345
0.000443557704835322,-0.00308344230561386,0.107150397982544,0.0167828208447171,-0.00649620283881682
0.00619170906501227,-0.00313344565913682,0.0993766179573157,0.00231073177071977,-0.0184342819485346
0.0050991993572659,-0.00125606079268895,0.0944105309785488,0.000966810917649857,-0.0222569745823759
0.00567017005019692,-0.00501503164220015,0.0968917747826404,0.00291198148639955,-0.018078823731817
0.00403426589413038,-0.00913318101572613,0.103398549213548,0.011933097983041,-0.00745232194377729
0.00165020831388554,-0.00737521655401043,0.100914355332531,0.00594530637596179,-0.0114774149781684
-0.0063220167452093,0.00174764330921049,0.086344734405824,-0.00290852418502351,-0.0195167904742956
-0.0138501685051391,0.00777560467669563,0.0705041691651893,-0.0115777485335509,-0.0257545271499975
-0.0190530567287932,0.0116983464587525,0.059687460626608,-0.0186404976271175,-0.0348183871374495
-0.0318828194934806,0.016731357269421,0.0481682189031532,-0.0155145098577782,-0.0366373055687931
-0.0389138635604536,0.0210121144913989,0.047144853490413,-0.0159607717323619,-0.0363141450054195
-0.0493263675567206,0.0210278773383379,0.0446693825216733,-0.00914858519557411,-0.0293366981348287
-0.0545285320251396,0.0255474437085717,0.0290410644968105,-0.00512652469337131,-0.031731947179178
-0.0603342754217464,0.0314779728349443,0.0114960702110143,-0.0211963636133894,-0.0398950716537222
-0.0622830179864477,0.0275884007451172,0.0148442807296222,-0.00277693395130387,-0.0341549864184583
-0.0664050745165239,0.0274445944162894,0.0146415820517427,0.0053670107468076,-0.0278646530159993
-0.0796131808639437,0.0194419362833875,0.00728666456774617,0.00832197038679872,-0.0219208768578064
-0.0865231519806362,0.0213818023868929,0.00313491879117119,0.0111578617452979,-0.0131833408268113
-0.0944260397828639,0.0134115388547602,-0.00715954131257147,0.0165431235015334,-0.00627484689650324
-0.101215747199236,0.0126514796049957,-0.0117637471742946,0.0117707394898264,-0.00115294770644426
-0.106875619637637,0.00844099431726035,-0.016639423805168,0.0125493041221431,0.00186712396472191
-0.120651518318594,-0.00716935258195348,-0.0210018713306884,0.015412442810419,0.0106212106872499
-0.12143358322785,-0.0053979215137655,-0.012520160935862,0.0211327783549147,0.0169682330486665
-0.117962023946088,-0.0106048730542823,-0.0104387509847511,0.0235305013624075,0.0209646449322003
-0.115366545817151,-0.0164636105647354,-0.0101549414624503,0.0206166791442467,0.0188389424766129
-0.00202742614839358,-0.00402289899657967,0.120206060408685,0.0303318708947703,0.0190938376103233
-0.000269088104933652,-0.00100061588013487,0.121676990460912,0.0253816434385553,0.00975477539123086
0.00566066174970704,0.000935720682204265,0.123695293713626,0.0186557202296679,0.00298880961604381
0.0107940137695704,0.00254521805120523,0.117441212301184,0.00672264347258004,-0.00931783909661582
0.0134839214313055,-0.00131943017895224,0.116410459503313,0.00829723471312955,-0.0114037088149329
0.0149455313978205,-0.00304080816913111,0.122994462992733,0.00919578076427234,-0.00720228570460534
0.00508291136552755,-0.00658081789668927,0.111190481740944,0.0147303186173035,-0.00522275523878648
-0.00542148800022093,-0.00193995160689759,0.113448703993324,0.011075597717163,-0.00467333434236423
-0.0180259918156314,0.00373447485077012,0.0941339785063915,-0.00191945805543376,-0.0154174876735775
-0.0197079863399242,0.0106584260563185,0.0800130127105297,-0.00956661653940762,-0.0193087726597991
-0.0302466531851094,0.014146280715315,0.0663456907512367,-0.0123887612976286,-0.0250454072779418
-0.0432495236631852,0.0169897597046455,0.0564622584174922,-0.0181224935333084,-0.0299443454678955
-0.044828055895277,0.0171999635266022,0.0568945354707327,-0.00797698503686715,-0.0260954022054286
-0.0595211350047144,0.0213437842336514,0.0456184341454407,-0.00959281253693751,-0.0246441266304781
-0.0678396912555273,0.0246188826642766,0.0300789941076588,-0.00394089369789946,-0.0244311451796631
-0.0756729974835516,0.0200392078635468,0.0243042420794066,-0.00178801809050044,-0.0198151758663375
-0.0839718976465647,0.0244343599137515,0.0222639485644356,0.000135603365932321,-0.0198010014696531
-0.08216472503882,0.0181112188471316,0.0189178543799975,0.0105079768453004,-0.0160040919975235
-0.0907155756417598,0.0146476484525908,0.0170920377111289,0.00828785029030192,-0.010607728205432
-0.0910453502564886,0.018447921692966,0.0145878118023154,0.0117997093070079,-0.00543445746928512
-0.101517662532863,0.0111968295674162,0.0103949654406416,0.0169840645585893,0.00518418708564532
-0.107375966096559,0.0113446136243737,0.00667359512569513,0.0173536430280443,0.0130342296489785
-0.111288926032329,0.00453756535976238,0.00148315753088836,0.0186707242859441,0.0173260461952355
-0.120476314746117,-0.00145315199961184,-0.000672569190514323,0.0211256917502869,0.0232288427675006
-0.128499909784889,-0.00907353958749052,-0.00527842976243426,0.0238811823106339,0.0250315446926485
-0.130221782631098,-0.0138935224246347,-0.00558708853773575,0.0214173905852373,0.0276101674332219
-0.12779896451801,-0.0168317072835683,-0.00683203240814868,0.017201059087087,0.0198887595958443
0.0113987321035357,-0.00145576540686154,0.143092416051639,0.0351036422973814,0.0292724894214036
0.00321604572522531,0.000777067213782393,0.137528285298901,0.0240042280520718,0.0187267726578031
0.0105286474350083,0.00369839171838874,0.137695434065952,0.0156727905296269,0.00855476945931711
0.0172623392006152,0.00418299631736511,0.135951861267287,0.0127169197917239,0.00193518600968095
0.0174306846821065,0.00284513190622031,0.139611289470614,0.0131739221403748,-0.000761114491005331
0.0137545260826766,-0.00176547078317927,0.136318613086822,0.0165111256512183,0.000702653713495041
0.00386563723951007,-0.0078733418540173,0.12099767938083,0.0190135742491536,0.00269818567107348
-0.0124375167158371,-0.00220388600032679,0.113144752071826,0.00893450413302427,-0.0012527804025704
-0.0227398093868517,0.0050766292343314,0.0969315283135429,-0.00517270835631707,-0.0105390846281918
-0.031370765380716,0.0123499214479665,0.0855680445307572,-0.00799585690051775,-0.0121500949713608
-0.0348933069654616,0.0177158618321724,0.069424884394269,-0.0113147981343984,-0.0190508943058471
-0.0555207588976862,0.0114114824109715,0.0616734845455921,-0.0130995583696771,-0.019087127387095
-0.067863969385779,0.00976214575053212,0.0526867996400077,-0.0112122916459225,-0.0201597539673318
-0.0746248035284686,0.0145625229406345,0.0445819528680032,-0.0152127245550841,-0.0237879110867898
-0.0828154197157805,0.0174693612608867,0.0353976553347059,-0.00328521678581296,-0.0159308971941093
-0.0912332056920626,0.0139375831805181,0.0249743687082443,-0.00337303101150188,-0.0143394326979951
-0.0980226225365961,0.0163182625034755,0.0267773563029451,-0.000796211253906539,-0.0109866523994441
-0.0961990886246864,0.0109820013165643,0.0279633296188621,0.00511350061816661,-0.00160964815115321
-0.0973059736629778,0.010780229282431,0.0285717585427842,0.0112685909047556,0.00135434507625998
-0.0976115659086397,0.0106167888880979,0.025084490938409,0.0185855911917459,0.00887944665442493
-0.104417612166476,0.0110198472709258,0.0202935859325315,0.0209402378516681,0.013720123348464
-0.108011456706922,0.0138610336170531,0.0231988568275234,0.024169900655276,0.0207516077401024
-0.112863833154977,0.00601705959247908,0.0173864592025727,0.0243451479735885,0.0263147736146628
-0.122226394487218,-0.00444797614627486,0.0142199159269405,0.0237750238030142,0.0297531655708866
-0.130749448437918,-0.00804565902668071,0.00803408912093347,0.0242880280561068,0.0300942818914154
-0.130144140059898,-0.0152481935612978,0.00550717764269773,0.0265491085203056,0.0323575454404198
-0.131017624099556,-0.0220720768994413,0.0046356725103846,0.0229438250484503,0.0298574383784808
