-0.0732253356413816,0.101809179079091,-0.000629522367335665,0.0120583262631637,0.220244410231787,-0.0367652125375901,-0.0496075567680925,-0.0313033770400988,-0.00334776487917672,0.00526123774165731,-0.0122739189969742
-0.0631654687912642,0.0957439247477329,0.00370453088092072,0.0117669438587912,0.231045056421933,-0.0417338050490363,-0.0560203872968888,-0.0345611236438521,0.00153501096166142,0.00518242240137081,-0.0136784428391326
-0.0395204045026261,0.0668073799511203,0.00646662741422617,0.0139508126990728,0.228296653245588,-0.0472076694350177,-0.0464961020830455,-0.024835435052372,0.00106442077125248,0.00726144443199658,-0.0173317950210086
-0.0167655083587418,0.0247249679702577,0.00308327197678881,0.0151732631844708,0.233881217701825,-0.0460126197776714,-0.0319955130375783,-0.0138406338107409,-0.00338129415138603,0.00935208442110645,-0.016411511149355
0.0194204653152815,-0.0421442931540443,-0.000465317758577419,0.0182741617577812,0.222163856285148,-0.0561142887214843,-0.0140251039978881,0.00963678910897147,-0.000619585695807094,0.0125443922781503,-0.0146186780617889
0.027004904364977,-0.0690047973653373,0.00517445117703039,0.017829180660354,0.220839371955083,-0.0561233404206119,-0.00095358830706783,0.0186365911837902,0.00849768148431428,0.0180410792553858,-0.00732395235302479
0.0156426605225121,-0.103920356272328,0.00101257142951146,0.0119527621485587,0.19913538384686,-0.054687330640452,0.0197465493400864,0.0265012845801389,0.00935081191582643,0.0169809917729814,0.00615979160764282
-0.00192852811087323,-0.118546897826683,-0.00263180735428646,0.00440402852380236,0.192289612193664,-0.0537645269783388,0.0320210111137066,0.0256675098813047,0.00655520455447175,0.0134005474024322,0.00731896999459489
-0.0202093432561151,-0.143101382398636,-0.0119523295098224,-0.0016455291114642,0.155710847230628,-0.0589787422734397,0.0511310327715957,0.0365207467184344,0.00516890493425998,0.0110279832574486,0.0112918355466769
-0.0448779810815904,-0.139302405012612,-0.0193952210798423,-0.00183576742814973,0.132933288035976,-0.0569018369935999,0.0603412883883642,0.0338834281350391,0.00390474980271486,0.0114724958166151,0.0073451659610078
-0.0848230070072756,-0.117382115151248,-0.0282498857239583,-0.000346315946398296,0.106288024239205,-0.0558890008786729,0.055427848213049,0.0249138851360652,0.000424768270350147,0.00607747251627493,0.00212525792663589
-0.139836207006981,-0.0865773759993192,-0.0418901492053952,-0.00339912562236949,0.0732507024477939,-0.0504355753222544,0.0611151745667916,0.0194997403802061,0.00132918208082658,0.00426685007580586,-0.00209642792349251
-0.170203928721258,-0.0728254242081352,-0.0345367322191782,-0.00593225030193896,0.0685470858682001,-0.0465326040036387,0.0520001803399675,0.0146073115268711,0.00351756458237803,0.005078960419602,0.00551694950974108
-0.197891306754803,-0.0509401166853325,-0.0236226915419512,-0.00504816382845403,0.078339760158541,-0.0413142460036904,0.0281442026057478,-0.00163788326139946,0.00182279349735085,0.0102387636407714,0.0121266816676642
-0.209253505948504,-0.0436825233005549,-0.0134971205259902,0.00114322259143537,0.0769398019835488,-0.0404993602545582,0.0152279459003955,0.000532166227369624,0.000275062550908595,0.0127379289121483,0.0183582956254945
-0.218931710762455,-0.042182709092157,-0.00740730584729278,0.00360647255619539,0.0896063872556013,-0.0349914922095572,0.00170652061812997,-0.00696023870116102,-0.00239715872386084,0.00648512047444911,0.020083426704723
-0.223985337368989,-0.0361823569073456,-0.00324214934869361,0.00180905450351843,0.0914451731251222,-0.0338760388325535,1.29433092456682e-05,-0.00716084837435745,-0.00166595327002483,0.00732276997091438,0.0183165793989767
-0.0355675632266138,0.147663968502612,-0.00876532527880152,0.0141614404963336,0.154579946055345,-0.0392335509441061,-0.0370158703806572,-0.00806944380191157,-0.0114724880891592,0.00780873289395586,-0.0331361714849456
-0.0246459027599288,0.128193028467208,-0.00131839906271307,0.0143966999563994,0.162215746380414,-0.0440179163648527,-0.0380129219806272,-0.010387367470436,-0.00805099338381433,0.00815211013969587,-0.0292831896360262
-0.0128527534590544,0.111767588365512,-0.00387475435733754,0.0157186364086367,0.157128441136556,-0.0505081992380543,-0.0372494837327398,-0.00502363425850288,-0.0098280907334727,0.0100204353322571,-0.0347088012577167
0.00869531173886514,0.0797980589323591,-0.00557654730749713,0.0160450501411533,0.15605928088566,-0.0553837637186487,-0.0290915627363884,0.00179195588374029,-0.012243521231952,0.00905667897054892,-0.0344538234560786
0.0478433382719072,0.00496054842554405,-0.0111759552646856,0.0207735660436783,0.141924345717568,-0.0688502595782665,-0.00917667558174251,0.0271250221617144,-0.0129726585998182,0.0116403568844623,-0.0355198069238108
0.0908838371515269,-0.0557790411848915,-0.00663024993218924,0.0223533014972611,0.142017979258624,-0.0752643893046827,0.00689596939552096,0.0476090111530753,-0.0075933937105348,0.017766151926815,-0.0281949388193592
0.0766638194315866,-0.0961642891738884,-0.00973173425374787,0.0155106703455024,0.112251131340621,-0.0749215415496524,0.029467700823278,0.0559890495856036,-0.00070126265185411,0.0148307680980799,-0.010341012326302
0.0588046911863735,-0.113192100127674,-0.0129481015301997,0.00800233896295745,0.0971667498770244,-0.074143996701152,0.0428690953866616,0.0606091247232294,0.00147511775878281,0.0185410971467439,-0.00475756170225447
0.0331978765134217,-0.128324089733479,-0.0300198704098182,0.00114113079284352,0.0509047464042568,-0.075272167720751,0.0730213708265313,0.0769099950416428,0.00534004308014141,0.019739527904787,-0.00828114369151663
0.00261576401971189,-0.126053007297173,-0.0378508285154974,0.00162837831075872,0.0353138454744007,-0.0733751865053119,0.0724921651192198,0.0646908240517204,0.00325029246873664,0.0146694324834051,-0.013455513730193
-0.0544675270658129,-0.0967952334987287,-0.0514526848830454,0.00271654354672477,0.00338290638418869,-0.0697757443639433,0.0701549968597232,0.0537415968456371,0.00355351377702012,0.00604213686328683,-0.0177607950696806
-0.113029887031659,-0.0593960132300451,-0.0582092064748308,0.00107936113014004,-0.0155920232057883,-0.0655354490401231,0.0571788238299327,0.0368962080930482,0.000793677629320397,0.00196502423605522,-0.0179632647010105
-0.156268779412468,-0.0423081696680314,-0.053320699056117,0.00285696895182465,-0.0253031983105145,-0.0588775296035657,0.0516824895020971,0.0358487059656009,0.000581122034400882,0.00664112302804758,-0.00886645284781012
-0.197235501696458,-0.023341018586459,-0.0423115229673002,0.00212950309431537,-0.0272079933888018,-0.0514794845666439,0.0442788869314955,0.0376577784710714,0.00415410636126916,0.0147204629884475,-0.0046784222603967
-0.208446099863503,-0.015617031877192,-0.0358635873695602,0.00395467540268865,-0.0305620402255738,-0.0507031228452465,0.0361221311933873,0.0374536837265056,-0.00017436506549275,0.0146488806075526,-0.000656658920657294
-0.222493262494731,-0.00471461662984247,-0.0335379779927123,0.00139248152564041,-0.0302443736555242,-0.0466051277009509,0.032304652290885,0.039534849340097,-0.00132933937352456,0.0157758752782748,-0.00435382262564836
-0.211546271682558,0.00406253583956692,-0.0211470003416591,0.00171596115585301,-0.00571519728047088,-0.0449337646552494,0.0161743496992812,0.0246732158973508,0.00111916484299307,0.0147175654878979,-0.00381144225397146
-0.0161513554461755,0.1989888446872,-0.0275418848237218,0.00736239143234945,0.0751675665884716,-0.0438734302047553,-0.007966247527583,0.0239353353109339,-0.0114941789175372,0.0134201680766311,-0.0417617135659903
-0.000770030593682163,0.178317054876397,-0.0204550635919368,0.0111036727447258,0.0756956976849549,-0.0491053457149345,-0.00568628136134319,0.0225550867444495,-0.0106930650353613,0.0140361202463859,-0.0427052191614224
0.0255795728813288,0.150611953739989,-0.0194952540055225,0.01385539828594,0.0753816658525007,-0.0604629743375887,-0.00895052620348116,0.0240733140094111,-0.0124465102367355,0.00793449944418712,-0.0439363721084974
0.0428890199160813,0.113497632371701,-0.0184704243557332,0.0130532032563099,0.0788516532355689,-0.0638273183747218,-0.00177895855300504,0.0279287119631005,-0.0143826387975396,0.00885141046586382,-0.0459850654464848
0.0833807130459125,0.0338416330322554,-0.0249002643632243,0.0181197076672922,0.0731230385804687,-0.0778439791471686,0.0110133208459977,0.0418696140933698,-0.0176782949999352,0.00604818506920437,-0.0428560973373851
0.126612636932686,-0.0213811357044565,-0.0207129769417505,0.0231572135775363,0.0729738340827157,-0.0871551146660164,0.0195008275873008,0.0615918355684313,-0.0153603954565489,0.0123391835939286,-0.0378709674243784
0.119278137947139,-0.0636001194614705,-0.0241306346198773,0.0165943908058879,0.0504253556920636,-0.0873127503536831,0.0402853436225993,0.0622655429983864,-0.00355390787892058,0.0141113848291584,-0.0219837488350687
0.104521728256078,-0.0886414138080906,-0.0304762293651051,0.0128060561434949,0.0135757353898465,-0.0898321444168175,0.0611215664464208,0.0828644899677684,0.0036589855486258,0.0223302933235973,-0.0220964086564956
0.0793531618549775,-0.10461114592605,-0.032776082880376,0.0100329492863927,-0.00519611278065227,-0.0829425187351435,0.0724791211508193,0.0809152169240042,0.00310802796233769,0.023224979225388,-0.0238125683442184
0.0461731300582303,-0.0962020337153104,-0.0378002469215527,0.0117337622744046,-0.0215718964776581,-0.08074232482576,0.0659860390651686,0.070719519855374,0.00476273621102337,0.0210545969908351,-0.0282079270408618
-0.00124385441139891,-0.0817935751475142,-0.0429117746259811,0.00869206492248473,-0.042799135487244,-0.0794886386345743,0.0614421179482997,0.0579626763037822,0.00486135304286474,0.0115392395259136,-0.0260887920243862
-0.0588257739609261,-0.0457779197550308,-0.0506455698170154,0.00928614924108652,-0.062363298187277,-0.0757884887063246,0.0459243217260162,0.0404839035445667,0.000628384779012436,0.00519784241465809,-0.0292397056510358
-0.0957517482697179,-0.0241330209943297,-0.0481557868784926,0.00865255664853522,-0.0723477300975443,-0.0730757746728392,0.0355691538339437,0.0360351074820091,-0.00319405891089624,0.00213086596304653,-0.0271500177950911
-0.126362167077477,-0.0104741937888064,-0.0409681794428017,0.0133776662884824,-0.0782064678728503,-0.0678329038579296,0.0284587316138571,0.0415228313535705,-0.00156397029615416,0.006897910257044,-0.0202386538000979
-0.157043760101637,0.00360752331189927,-0.0309989251282321,0.0132628934928351,-0.076434157924498,-0.0630075171692662,0.0180811342525283,0.0453793229950919,-0.00345259092817127,0.0156905831913595,-0.0147275261975763
-0.162907411222077,0.0115704633890783,-0.0210327113543371,0.0160735485607475,-0.0630283267977901,-0.061654032112834,-0.00502797580630228,0.0378267192782608,-0.0104038111671798,0.0138448757864159,-0.0136790443071397
-0.156813386959274,0.0124990796188851,-0.00900714268868296,0.0151568031507818,-0.0414345503706254,-0.0541376768087095,-0.00471721120059888,0.0279928526881725,-0.00171413613622304,0.0169599790267858,-0.0115928193598901
0.00195627318920999,0.228835486541319,-0.0245307261678581,0.00346603752571434,0.0270103542238244,-0.0423006671971796,0.00536733010133916,0.0335833855425249,-0.00201813010936825,0.0191825142867257,-0.0124671916873297
0.0151325312070195,0.211951729263097,-0.0189493648102907,0.00181729760600183,0.0281178690603257,-0.0457644755756615,0.0125179344679619,0.0306027953552745,-0.00512208463929287,0.0142959025911119,-0.020206866020652
0.0366857824375273,0.188309422802214,-0.0224692978783182,0.00484724179809011,0.0299804288444548,-0.0532464907227287,0.014199732275699,0.0255296361345425,-0.00542283252763394,0.00961173155168326,-0.0298558451160254
0.0579919941884389,0.136666169367093,-0.0222125163821602,0.010572557869464,0.0298592262382859,-0.0579896522318935,0.0218998545245338,0.0285204751313397,-0.00862489583191348,0.00839233921009415,-0.028629494339086
0.102943287514,0.0547346297678941,-0.0255240746715916,0.0106138321096388,0.0284570216517268,-0.071222136921385,0.0321289591947898,0.030848603198587,-0.0143842509515558,0.00201637845179907,-0.0246972321806086
0.142483119469712,0.0054572084989123,-0.0210517571682683,0.0170288731273468,0.0297150735385151,-0.0805666075279991,0.0327718147149352,0.0474096303736571,-0.0115076634833227,0.00688918886934282,-0.0202359167681117
0.13879750319034,-0.0276175745743817,-0.0277184364210653,0.0132726173225528,0.00908995535359183,-0.0822638854561765,0.046749302114612,0.0492431268256796,-0.0055392846113877,0.013036960540449,-0.01707621239654
0.139617315235387,-0.0546832064295479,-0.0309562607390368,0.0150824332609865,-0.0186971523105877,-0.0924521764994034,0.0541378519174333,0.0641345826032913,0.00766381702407627,0.026467632161756,-0.0224870637270629
0.102230276322728,-0.0796399146697645,-0.0268010478596582,0.0167762149941227,-0.0322638465381152,-0.0828286881827962,0.0570562463531294,0.0604244256853084,0.0109831200658534,0.0312474668080998,-0.0188501523999998
0.0447604270969892,-0.0598844999400959,-0.0351042024643748,0.0137306671150678,-0.0682995508198008,-0.0844566576489436,0.0500821109738671,0.0484520230331625,0.0100871515018506,0.0260357689200089,-0.0244590376513971
0.0239493445406332,-0.0618476969731883,-0.0375851736187686,0.0116206899833263,-0.0813226573511914,-0.0840419696829061,0.0523085592252965,0.0403987260087917,0.00147090898600666,0.0182723131711927,-0.0342343664849785
-0.01924554711249,-0.0285660781450382,-0.0358613910714143,0.0102733516744482,-0.0957519496112003,-0.0844460400105716,0.0392973383960713,0.0305537808308746,0.00213127732844697,0.00917768550954578,-0.0317117472998268
-0.0488483561094401,-0.0121057446624345,-0.0360825543801103,0.0133066797816369,-0.107644797468575,-0.0860023784963042,0.0235490424932824,0.0267138950473237,-0.000387811375592885,0.00731190479358229,-0.0304125142317966
-0.0769515446130273,-0.0034082955613136,-0.0257081980755724,0.0127856402985694,-0.111884478503439,-0.0836314850763934,0.0144551877740059,0.0312243525636298,-0.00357397496252241,0.00596619433996746,-0.0195762646346209
-0.101803367418815,0.0123398402832926,-0.0153620743392282,0.0148804455605914,-0.10453763662433,-0.0788418161133073,-0.00404565449300935,0.0277356637003475,-0.0104316765672463,0.0134485663673496,-0.0172227630133152
-0.11635823035139,0.0168741707769357,-0.00775737807769407,0.0227031447984791,-0.0962903084328459,-0.0703921370503486,-0.0190659411899489,0.0402456535505181,-0.0149016902740372,0.0210696360269459,-0.0254446819623999
-0.115909461406932,0.0217310927117522,0.00370950309733754,0.0244382406337219,-0.0723244844179469,-0.0655970918773828,-0.033348722772877,0.0320881291359093,-0.0102744012039612,0.0216334467048838,-0.022934414678561
0.00983537845462239,0.230222584866361,-0.0288091475712018,-0.00265043170423493,-0.00728556298478536,-0.0332831770298755,0.0163466695621418,0.0364629378972613,0.0048006278319546,0.021422190074677,0.00878818772706517
0.0261280602415024,0.233993635835569,-0.029861300070448,0.00208532743783915,-0.00701984753032099,-0.0375597173935134,0.0192896686450235,0.0388127350289655,-0.00244746525072447,0.0148664211957976,0.000255969635112034
0.0444793732591201,0.195453938122787,-0.0257992159960702,-0.00135540756549175,-0.00799215442917845,-0.0424812379939393,0.0354375843845712,0.0271690509265144,-0.00292419960688756,0.00376037640799591,4.31724994048449e-05
0.0662944463381944,0.152981197411114,-0.0268943588938454,0.00209140269113645,-0.00401337955945487,-0.0487353105399678,0.0411318423503081,0.0183070810619448,-0.0106588229823211,-0.00263799875468276,-0.00174039729895951
0.102234321802909,0.0664077412682501,-0.0283944161384158,0.00674149570437828,-0.00605422082529255,-0.0599343645343426,0.0479547379336249,0.0198672800525643,-0.00906603935510715,-0.000907106453671318,0.00166534723115787
0.138679889086045,0.00572586499931205,-0.0303098996946219,0.0137297865321741,-0.00881471685784493,-0.0709108271017743,0.05226331032226,0.0364685267702184,-0.0035155326320243,0.00527880322687013,0.0030489436519047
0.14374869673365,-0.035155475122162,-0.031111238108966,0.01311302629181,-0.0257302594965733,-0.0740261350703562,0.0572636201195521,0.0398585171986352,0.000416782954922889,0.0099515661758921,0.004303433888049
0.146338242123525,-0.0514142968692312,-0.0251167545835539,0.0119790596252636,-0.031717405015756,-0.0834979225042937,0.047677091227924,0.0270924779696432,0.0101810810193506,0.0217243542942494,-0.00224553463934733
0.0975730501127648,-0.0439120994991913,-0.0197967397878263,0.0102583384591815,-0.0548898093760871,-0.0812432232256957,0.0344652146095508,0.00925376419181479,0.0033322747613238,0.0176443638454747,-0.00722209081941786
0.0619911380174432,-0.0480854284497015,-0.0408146570571753,0.0107580389678859,-0.0904879956109118,-0.0812045627286142,0.0478193446632749,0.0116502499855202,0.00422110000536918,0.0200689344369478,-0.0259784822247832
0.0273136557925188,-0.034105405635031,-0.0359579666783461,0.00962974063168348,-0.106327238530681,-0.0824458273021405,0.040983457587977,0.00606729016965819,0.000141570898840091,0.0129074685478997,-0.0338098060387746
-0.00204027983446782,-0.0108628976892217,-0.0308627218849974,0.0089186784879699,-0.119822066490818,-0.08698726002556,0.02632899860695,-0.000359323279991817,-0.0032737919883408,0.00200887549034484,-0.0349572831669239
-0.0213283353166969,-0.000720192378621587,-0.0219172214423178,0.015162216091645,-0.127655155361993,-0.0895300204684527,0.00773414487353332,0.00732735206677252,-0.00703947254408513,0.00314026010202108,-0.0312151364869986
-0.0365230702743153,0.00393091687384407,-0.00807245470909103,0.017299896302469,-0.129081301045261,-0.0909274735519383,-0.00637568100292921,0.0204721448143901,-0.0149917547844371,0.00312336234398461,-0.0246730123448403
-0.0452583332264747,0.0167632786073208,0.0173943165898105,0.0201828709485641,-0.112262992336761,-0.089702854758413,-0.0356344193542213,0.00969322112625618,-0.0137565707098184,0.0101129921040307,-0.0159456163037439
-0.0554727572596295,0.0227942527115687,0.035272694654053,0.0235912320190401,-0.109447780962479,-0.0858570753182218,-0.0478483167922368,0.0224964836652524,-0.0143739277037002,0.0230458213824304,-0.0164736607218829
-0.0695942982806349,0.0275188805273819,0.0423427126522741,0.0286723094619146,-0.0947805479458165,-0.0815817610119838,-0.063067077291294,0.0123317527590861,-0.00850188568686904,0.0296836472487042,-0.0173461113654438
-0.00841577856934163,0.193241985759609,-0.0239080919960238,-0.000444128252883692,-0.037186437211364,-0.0125742149493493,0.0386959243548545,0.045112455084029,0.0145451968660564,0.0192063026992439,0.0647443253568256
0.0116027433314949,0.18228977730071,-0.0256247847702818,0.00173910500277957,-0.0406739443410975,-0.016962698677782,0.0521233066729409,0.0356524441279087,0.00480639075689009,0.0173972866013148,0.0566761317121371
0.0278205662647862,0.152932272490573,-0.0287681860464236,-0.00161176954384672,-0.0463161064192022,-0.0264534269803083,0.0559958302783933,0.0290164603590114,0.0103863299023184,0.00485804575302643,0.0583576093076357
0.0492930564347398,0.0987514968922782,-0.0278631259509208,-0.0041773821773997,-0.0412153904719108,-0.0298837648732731,0.0727866029579813,0.0197553695752499,0.00532915488721222,4.77655393768955e-05,0.0571832573077556
0.0770531969562695,0.0481980280474003,-0.0324064218443125,0.00394946239740741,-0.0399617105190063,-0.0409976654147014,0.0678776603398478,0.0057108129300508,0.00418477207021442,-0.00189611036786962,0.0429526454689312
0.0889892776881504,0.00683781069915392,-0.0267923278492679,0.00333596263242384,-0.0334148289537766,-0.0453170147898639,0.0664759630196009,-0.00858360030250821,-0.00152141682999354,-0.0061065180139569,0.0378516412225834
0.096911204755037,-0.010830549000005,-0.0242335747498174,0.00397469082578311,-0.035409325377914,-0.045855692963383,0.0671769307731956,-0.0120005599006025,-0.00430999460438045,0.00270323965808725,0.0209471319084312
0.0990378542926444,-0.0291845731454279,-0.0137848584153279,0.00264505021325988,-0.034841250467771,-0.0590725837912,0.0438854888481058,-0.0359155929847539,0.00775753814768926,0.0121885283961898,0.0170304617703564
0.0876424072127413,-0.0471261312741885,-0.0152888820349939,0.00561528396592522,-0.0503621807855164,-0.0686814254371881,0.0277739190903738,-0.0464838053870869,0.00226645608777843,0.0150498448545452,0.00293363527982178
0.0573896420107051,-0.0209785720701709,-0.0248538848730845,0.00830258712090182,-0.0706262458972302,-0.0757031778020003,0.00962968657972043,-0.0638354110999859,-0.00755771320004208,0.00420425041272974,-0.0194721522522996
0.0396420550029423,-0.0194576954367755,-0.0223423470265284,0.00926827813968923,-0.0764948250852896,-0.0724072461696331,0.012619354948143,-0.063944552044207,-0.00542620349099257,0.00427906544378757,-0.0287203901880566
0.0144968943540019,-0.00357773751939702,-0.00625596671904503,0.0137795533862722,-0.0871718320990759,-0.080184965810961,-0.0152974451669881,-0.0587881647754236,-0.010230145971379,-0.00163332958719821,-0.0301394193519482
0.000877512509527487,0.00618150363142623,0.0142847121559207,0.0197415926913547,-0.0971939977066002,-0.087929096900559,-0.0401155231977938,-0.0373202757657583,-0.0178850419219197,0.00127296946660964,-0.025373799812242
-0.0109635707330978,0.0155366832968897,0.0265020720625689,0.0220240642470239,-0.100832854799507,-0.0868690417795918,-0.0420528312157622,-0.019262470516619,-0.0194923985757346,0.00431731664051957,-0.0243450551583019
-0.0162974597907362,0.0140090829067594,0.0693699245841799,0.0290505448207489,-0.0934445424283379,-0.0929293624798836,-0.0816990864902346,-0.00403245770299008,-0.0153058888214324,0.0187279599686022,-0.0081567965233921
-0.0217311196346375,0.0258686479761191,0.0716577300739116,0.0310644562498984,-0.0935143953048258,-0.0883232030147674,-0.0801016730485059,0.00546788488705463,-0.00910537894783786,0.0254987031783929,-0.0130915026263187
-0.0242216290471534,0.0168546579365778,0.0835796536088303,0.0316384493055873,-0.0904330990052062,-0.090058326132555,-0.0883946445021384,0.00895920901810776,-0.00460253085743854,0.0294966805884825,-0.00835605869202561
-0.0175072799475746,0.131501460621601,-0.0071392339188471,-0.0007568694901784,-0.0338957182578249,0.00565361459946091,0.0353253637237044,0.03359593735744,0.0249960224743804,0.0264670770078409,0.119264720611565
-0.000627417894777578,0.12605505432407,-0.0124915515074399,0.000707135123901704,-0.0391804466550809,0.00376448946550438,0.053810506995605,0.0261500300285519,0.0230567742053034,0.0223463400342929,0.122425848230448
0.0166255023524845,0.0900900519000795,-0.018805933713467,-0.00127053260923577,-0.032340569528019,-0.000161062318533019,0.0626149590153736,0.00946466123124884,0.0162765465035561,0.00608848790313786,0.119747497669661
0.0367820972148216,0.0608446183148993,-0.0203271192014832,-0.000396249486016487,-0.0287833199154127,-0.00239744062722962,0.0713630249585306,-0.00891913602423834,0.01479545810782,0.00720968464259861,0.108329391517139
0.0473905534793332,0.0211221108790218,-0.0176293629416469,0.000313247432980389,-0.0243545875043344,-0.00995538050685755,0.0688925467770395,-0.0350535355527249,0.0104922146771137,0.00132656425797763,0.0804699875123643
0.0524682838592276,0.0035185714325229,-0.0218917768066373,-0.00510156148847377,-0.0219824854802218,-0.011153194667391,0.0770583269562154,-0.0486157742175864,-7.18790075594665e-05,-0.00561572639562558,0.0662528109771525
0.0523659365298423,-0.0172518331243734,-0.0211809028946214,-0.00871791633518754,-0.00732061663085285,-0.0115128586779176,0.0681719861786164,-0.0852409557526233,0.00183211527305324,0.000733137341113878,0.0526870442412151
0.0540261249451667,-0.024034884861155,-0.0175601305949732,-0.0139507368045251,0.00257313877705767,-0.0305151874039965,0.0349909211674704,-0.145755800829536,0.00568794363338897,-0.000602550302273099,0.034737521620304
0.0427527689313482,-0.0276207994836908,-0.0314926953407669,-0.00472665124428695,-0.000906585000955602,-0.033614369693194,0.0157967121742417,-0.173345636223252,-0.00170798102714847,-0.00128138898679361,-0.00569724126781954
0.027915214269969,-0.0176969611281516,-0.0190948111786565,-0.00389869742194123,-0.00927888106483253,-0.0403461663705868,-0.00323041079841135,-0.174559901790344,0.00277451545502707,-0.001664395406953,-0.0169620529561163
0.0149772355334294,-0.0135971190895826,-0.0134528270842917,0.000159159174001965,-0.0262235456257927,-0.0449907337613601,-0.0057963542719638,-0.171747597620345,-0.00098895846911775,0.00355254956699881,-0.0262883382661652
0.0087979746236052,-0.00282452923167254,4.13202054999687e-05,0.00990065592343848,-0.0372146299833897,-0.0619527829427329,-0.0450460176269005,-0.158774405664119,-0.0138984821681002,-0.0081823303656486,-0.0308528727106856
0.00304384561527509,0.000859258703481325,0.0337817893232542,0.0103889619265403,-0.0457657710319067,-0.0728990355036896,-0.0672616316151087,-0.133138473883145,-0.0142302108146157,-0.000231736075182722,-0.0238780133961495
-0.00128902563350189,-0.00400440168723155,0.0874768066000998,0.0117408693320034,-0.0395725837654662,-0.0809809382151472,-0.103493987416849,-0.100389762416546,-0.00921647833185783,0.0191939199113527,-0.00787329500143178
-0.00738430602335149,-0.00405943551130986,0.126057058843604,0.0225452055220932,-0.0248137203937192,-0.0733342302083922,-0.116354308525749,-0.0617559562934573,-0.00309539536522849,0.0278638046204077,0.00930731077975087
0.00455677796071938,-0.0189243695529394,0.155427649101692,0.0332018726074861,-0.027447467295216,-0.0821874041114903,-0.130371512787779,-0.0159914996050686,0.0166001855120209,0.025470840528824,0.0317312341345177
-0.000589332649373842,-0.02789457762363,0.160640606062585,0.0310442131129609,-0.0285723745010606,-0.0820273453397803,-0.125569125383813,-0.00294886903565038,0.0192388742812818,0.0205157548845493,0.0384104927002668
-0.0271907093776255,0.0585113029326856,0.0098611139814873,-0.000838320177736657,-0.0115416888372431,0.0285027093604715,0.0370616647510144,0.0241131796547857,0.0307826109026212,0.0255971829976254,0.183442552060249
-0.0220316719546819,0.0512683110242357,0.000628727421434339,-0.00120371326837934,-0.0172906394049567,0.0237613724109244,0.0415603511796188,0.0177835951073132,0.0392054089500573,0.0172785408789062,0.20004912686495
-0.00744057748222909,0.0355853265090175,-0.00365015357471379,0.000192229329873533,-0.0120935403493715,0.0218997152765648,0.0483054757456327,0.00480344639523118,0.0353395991517557,0.00755929496849809,0.201699762546005
0.0128704309440713,0.0169394451851697,-0.00966489327466552,0.00761928161020488,-0.0138657411960152,0.0253204197453235,0.0632600489280302,-0.00645486606189598,0.0240255519276822,0.0149415582021052,0.162554899728037
0.0212770396260666,0.0014962974951512,-0.0151681416920317,0.00794718093206923,-0.0129535792655711,0.0223542107438342,0.0669467983934851,-0.0284372481158437,0.00856496827334745,0.00833379104797459,0.121836224986413
0.026742549322231,-0.018939500619752,-0.0198564654006079,-0.0103544317500689,0.00730128061564303,0.0106523633964501,0.0559615398808107,-0.114013712691022,0.00271853879802682,-0.00356751752263616,0.0979471978573489
0.0245767568511962,-0.0385590729863815,-0.0249179764324979,-0.0168232710033103,0.0217354742410004,0.00872493835856689,0.0504580486534881,-0.146526210158437,0.0131144081509027,-0.00373832081593163,0.0887844185628615
0.0187841540859822,-0.0435599190037778,-0.0209724668108758,-0.0184139920192832,0.0248305374287853,0.00361993135256349,0.0403239287536597,-0.17951134983781,0.0235100489511426,0.00260950080606263,0.0707279422066106
0.0162363962771327,-0.0263284815421011,-0.038100591324318,0.000456442146416635,0.0146445991133342,0.000208803079323961,0.0246396175372418,-0.197384833261589,0.00118447740063617,0.00159477771036354,-0.0116255738942985
0.00999236229489068,-0.0215240106719888,-0.0420023039059012,0.00552605658493548,0.0117413102486751,-0.0079298617286538,0.00187153065620279,-0.214494193379841,0.000608978789983138,-0.00450586892235276,-0.0377579028816064
0.00536877127788294,-0.0122169999809401,-0.0234319120350436,0.00974409378973518,0.00110005729836205,-0.0195570407463174,-0.0183813862226235,-0.209686625602555,-0.00638546885524423,-0.00431763720474702,-0.0490750326855021
0.00209300192125218,-0.00217905911279704,0.00326701866003033,0.0105310493185323,-0.00231181023228825,-0.0281693440928678,-0.0423032246125525,-0.196846569565955,-0.00721957676757762,-0.00485390086260101,-0.0439817851135588
0.00276206225109144,-0.00106823614341231,0.0598189369676192,0.00852185056605984,-0.00570782207563393,-0.0395921730253924,-0.0649389276941745,-0.155293796597681,-0.00642688499598682,0.00500459022261507,-0.023391483042114
0.00285076771150585,-0.00844755889051981,0.116480773264855,0.014602762899927,-0.00254261404924307,-0.0515228899706789,-0.105342415077213,-0.117149502394499,-0.00270490286720175,0.0229745167182459,-0.00816044575740948
-0.00377895105532446,-0.00469853685756735,0.148667428717381,0.00677196889481437,-0.00130331763671846,-0.0510644349687523,-0.0953551168697012,-0.0922064125010267,0.00460500113280555,0.0305835528154186,0.00373443678964353
0.00527427205254755,-0.0104835456289432,0.18032522314441,0.0221332990339396,-0.0169785930785654,-0.0561853724327084,-0.103690259836145,-0.0169753347034275,0.0182037637467324,0.0364474344614791,0.0224238430745968
0.00846882929960245,-0.0213187417107882,0.18545765530676,0.0206768258783933,-0.0178281701205089,-0.057952503655761,-0.0969556869337737,0.00539421214443118,0.0250200586848292,0.0228988296925105,0.0324194783765615
-0.0301398678665343,0.022285704050658,0.0197719842447583,-0.0045143758077209,-0.00131706840977555,0.0308308010966636,0.00503856138290892,0.0248037550763309,0.0231158382708424,0.0123606284717662,0.233121516423073
-0.020038446118037,-0.00377833053661022,0.0143095239538684,0.0135360675638247,0.000725007275686123,0.0378887176540088,0.00367687035369331,0.0275328627905082,0.0205233011194302,0.0224685950860416,0.244481365258631
-0.00737443688320044,-0.0244139661929263,0.00942423210574549,0.0169616770005837,0.00355783035765338,0.0390853516346584,0.0155904906210243,0.0207809497333486,0.0170963182512471,0.0172323296137943,0.241764726664615
0.00460667151497929,-0.0331650558500468,-0.0123999421066857,0.0389567434637647,7.46746971498798e-07,0.0446332510369282,0.0196268300183095,0.00154380290778101,0.00220937594593675,0.0159149240008997,0.192079308191486
0.0167100599105132,-0.0259774902047015,-0.015756171482535,0.0269530058911334,-0.00563615067343758,0.0444256041002777,0.0476186565008019,-0.0191436216225692,-0.00863765240977175,0.0143913726880313,0.127748700551043
0.0133806710004947,-0.0222566880039536,-0.0243678892797433,0.0134216528499587,0.00116047329281251,0.0457729795000156,0.0657768915073164,-0.0547451061978422,-0.0100292458657957,0.00978957065972702,0.0935102509678974
0.00627229782960594,-0.0375856460708262,-0.0264278084551653,0.000556411101356223,0.0151993411233254,0.0383169091114367,0.054538407937811,-0.116548626121301,0.00890768529616283,0.0115682606737427,0.0809209766709484
-0.00342324076032554,-0.0274450411225887,-0.0406664525037001,-0.000911055248835241,0.0179661004420981,0.0404871475237794,0.0594831515404116,-0.155295497283473,0.0104459144127029,0.0134393530508416,0.0409806641972996
-0.003797168645429,-0.0131886915336892,-0.0435860609040157,-0.000394537372399473,0.0107383411763765,0.0403931177768659,0.0643927395721034,-0.167118551444191,0.00582264017952381,0.0189983529892345,-0.0164495348481674
0.000307001639831637,-0.0151991572466457,-0.0472103525885524,0.0100837247841656,0.00881669697451088,0.0272085938605523,0.0309429767705818,-0.195299897131792,0.00274213434226376,0.0147811658554874,-0.0473186307418345
-0.00386615138137107,-0.00322495095183979,-0.0236137639716565,0.0066853306853181,0.00148260393048124,0.0116044675749017,0.0132729903634613,-0.20273491931416,0.0039561079599359,0.00318451398582703,-0.0590622695312575
0.00144444736050174,0.00800070562874407,0.0198712601664057,0.0100530448265101,-0.00275771407706298,-0.00334721877061493,-0.0222873344079625,-0.178517359812897,0.000432247024500537,0.00556978741265157,-0.0550085335907722
0.00999100675192512,-0.000503763476451313,0.104602546792675,0.00662414305415095,0.00462152865143289,-0.0069515759883119,-0.0343524136975256,-0.117217239115577,-1.25732142903234e-05,0.0255539920780631,-0.0318568228837314
0.00594595110705182,-0.00268447855128335,0.149935491201603,0.00442553815632285,0.00292367572219234,-0.0121153400885443,-0.0407480139021421,-0.0822145338315977,0.00294883347135393,0.0378601037908328,-0.0159119177575098
0.00655577458985437,-0.00771583013310025,0.191596271542412,-0.00450462585904234,0.00583455402371628,-0.0160419432452103,-0.0325464195837558,-0.0549479750660614,0.00256771654014641,0.034742449553203,-0.00539045248779222
0.0163841165784409,-0.0147332317128703,0.227920011735341,0.00155509379789192,-0.00148796590608334,-0.0196133447939089,-0.0331183341035578,0.0135750393442363,0.00791210290659222,0.0293939897605737,0.0151969881273446
0.0173203858892498,-0.0243356316281189,0.216256894896654,0.0154799133954074,-0.00467571345411434,-0.0356396553328013,-0.0701114776385134,0.0164521506417551,0.0203919369944204,0.0232139611967383,0.0283476087988187
-0.0307829719432098,0.0211778233066715,0.00828861291464466,0.00749430854504871,-0.00243486932484501,0.0377587573778654,-0.0255479897491754,0.0268507026353577,-0.0282072624680381,-0.00143585617485488,0.189741616006246
-0.0137360030324863,-0.015250937818531,0.00485165479895784,0.0274417474440688,2.06851988814294e-05,0.0403115622304628,-0.0323577793114791,0.0285044406108363,-0.0232789487268285,0.0119566366719066,0.208489150849135
-0.00331321451128669,-0.0306096927523727,-0.00522329278631935,0.0376014993977404,-0.000294710979438812,0.0477608400416645,-0.0168931745335497,0.0215471531802795,-0.0196225232746647,0.01798486759509,0.203112922171907
0.0123898079372159,-0.0506804569596414,-0.0131177319367907,0.0540522697301633,-0.000225238696595903,0.0518656985595951,-0.0108770496895437,0.013334451271358,-0.0338952509320981,0.0235095616430196,0.158493873855906
0.016454193972361,-0.0447827441546343,-0.0163327893058401,0.0536693145710877,-0.00574868034493893,0.0554073020971748,0.0114054977660735,-0.000221157162309614,-0.0403578344237877,0.0255666892911676,0.112147303521155
0.0148291510338758,-0.0274293813929728,-0.0296577235765691,0.0426856667111186,-0.00850096995944267,0.0617667707704723,0.0400563452400321,-0.0317785223975021,-0.0396584820500022,0.0232893503336948,0.0546612228438108
0.00446488705117682,-0.023261801372447,-0.0283139490475845,0.0390994658259199,-0.00576553452898207,0.0716685419729761,0.0560946396590719,-0.0471706006251508,-0.0237887450705074,0.0351764270601776,0.0321649471416274
-0.00457856101311147,-0.0139098820788423,-0.0311377259495192,0.0248452296928095,-0.0073189656128706,0.0723120714979232,0.0745321082798349,-0.0777107761986994,-0.002183603669092,0.0360869885057327,0.0116232837760887
-0.00943701516236486,-0.00635937819505054,-0.0307718096239524,0.0273718248574401,-0.00532826918419564,0.0763557648542122,0.081141142098664,-0.0903831325345281,0.00327403093594448,0.0421479872554201,-0.0222156437206302
-0.012271714048691,0.000565137807290523,-0.0322366078581892,0.0234481908206812,-0.00554623592731802,0.0682363754736635,0.0696721391262363,-0.109695114907375,0.00619686339847621,0.0364397930850646,-0.0522520581339024
-0.0138892775477954,0.00736761274006368,-0.00330535156499777,0.0195453136349489,-0.00455982307488686,0.0582655182030238,0.0609431015338609,-0.108818349090384,0.007848877513709,0.0322154623842483,-0.0604611588624136
-0.00791365591946484,0.0218637960956737,0.0376702912501967,0.0114355208121128,-0.00773203500562683,0.0518819976328215,0.0608449538779034,-0.0916058286904212,0.000509280938886922,0.028501125878964,-0.0634586290712102
-0.00301023517762208,0.0133672410528767,0.12296472147267,0.00292990233791795,0.00221482864633785,0.0471756107416028,0.0493546598033593,-0.0484448762869614,0.00327089851633794,0.0434721068560045,-0.0428454960246314
-0.00136089348587152,0.00287068215788268,0.168675461700227,0.000211043742494761,0.00278011848355454,0.0356717498118553,0.0364756840360524,-0.0199571305897808,0.00736766253284559,0.0413804202925921,-0.0217114358265516
0.00897645024592073,-0.00601214642997211,0.200584684150807,-0.00483865205712903,-0.00086654871577705,0.0206426511568129,0.0331847440166622,0.00515265142183403,0.00237761747887772,0.0272508580879966,-0.0119393431211707
0.0218489994009431,-0.0179559169112058,0.237680301070712,-0.00557510257341409,-0.00158958237834609,0.00534396624871994,0.0170101860637353,0.0395732233570451,-0.00179594120654724,0.00925067221905238,0.00938053997262081
0.0185375583289747,-0.0223867977464687,0.232794289603503,0.00514480790977272,0.00624931484400842,-0.00107001303496798,-0.0104517142246068,0.0384279965488055,-0.0025772759831791,0.00206854503152258,0.0079840080397087
-0.0171735234035398,0.0159447082659701,-0.00835637631599959,0.0142509076441157,0.00410372766503539,0.0362143310784804,-0.0618651939510584,0.020691316505948,-0.0906283790156369,-0.0151764398536645,0.111155456385536
-0.00689880044403447,-0.00988397567264356,-0.00654072823791094,0.0291851236421035,0.00966472469999458,0.0392346761784929,-0.0693874924520637,0.0235112408289762,-0.100112953442569,-0.01296429918912,0.116379176140157
0.00420967158720472,-0.0410196245265296,-0.0161573209893963,0.0547257365011622,0.0124337145960388,0.0495937358481794,-0.0716299301360994,0.0233432781020779,-0.0887166793230361,0.00399463472505331,0.130061994648224
0.0151286977399256,-0.0479516751676043,-0.020859470725549,0.0698632656452686,0.00599597549773277,0.0616633884456693,-0.0504966340636349,0.025226791544739,-0.0914086133204518,0.0201676438185575,0.0830490215803407
0.0137934747891079,-0.0487774121178429,-0.0199248454356142,0.070203159758556,0.00611794301231246,0.0685483850111137,-0.0360789791570143,0.0142699343018348,-0.0827508993373069,0.0274711675908837,0.0637066094162673
0.00934147401414827,-0.0348184891328623,-0.0334553039455803,0.0696370598821217,0.00276060932212397,0.0814896590286409,-0.000976227120367992,-0.00736181112698503,-0.0590497642514559,0.0377366051595723,0.0247970291843848
0.00299378539730055,-0.0285803057767681,-0.0289516057128919,0.0663408415748868,0.00580160668683653,0.0918149906651611,0.0245533185115497,-0.0158451730042851,-0.0426272246371173,0.0440057209138227,0.00552203873697038
-0.0133864915651515,-0.0192200078569424,-0.0373081927877576,0.0584324647431778,-0.00314319089891841,0.100729167454962,0.0514936956267161,-0.0297736572117199,-0.0218044054935228,0.0536125665923631,-0.0169421432864903
-0.0169522105056673,-0.000544169208411941,-0.0346360094534349,0.050291430883801,-0.00252103584894442,0.102737376410762,0.0731431616855995,-0.0391145363694354,-0.00454982126261633,0.0556530426902174,-0.0464345893044192
-0.0179290634297051,0.00766623137191992,-0.0173829644058149,0.0360066587237163,-0.00370504529153945,0.103435448809677,0.0962465907153506,-0.0414166744905764,0.010499170680981,0.0554068601062199,-0.0590360269330697
-0.0225089987593187,0.0218139302022381,0.00140114506801928,0.0249797632862686,-0.00796554734178779,0.097332937487494,0.105148423581389,-0.0414356361445963,0.0121325826136537,0.0422655398795011,-0.0718994476458463
-0.0217809389100558,0.0328988495317473,0.0482288052477854,0.0130901667480636,-0.00473783862276978,0.0943240602570035,0.114693092014256,-0.0199539990527164,0.00679334201608201,0.0304436590448177,-0.0720624953635114
-0.0147686789962092,0.014205038704853,0.102698783276589,0.0048095491263722,0.00340024756669468,0.0889504122672328,0.109203783178719,0.0019601712211489,-0.00141646777248955,0.0306293902250323,-0.0612061752736762
-0.0161772055861326,0.0111416735567844,0.128195735170503,0.00031442029248367,-0.0012912621162606,0.0780766753196205,0.107290682390861,0.0242098002703985,-0.00752689137650974,0.0129336475101958,-0.0508013387235374
-0.00349377493806562,-0.00224850271085198,0.160314669090051,-0.00501005682628277,0.00303985480294338,0.0618283953525884,0.0984848334472271,0.0438921385397687,-0.010661916412752,-0.010373231038381,-0.0306201284671597
0.0141735029905459,-0.0205017065519907,0.204448140894664,-0.00812872429810331,0.0101245987126546,0.039351289800007,0.0703838574732852,0.0718781567805114,-0.00792878309319719,-0.0322601928966259,-0.00524018285622941
0.0191093898890454,-0.030900362920885,0.218629780013175,0.00186590546829878,0.019605266238636,0.0231918034259642,0.0234641319291998,0.0644726791835486,-0.01486315517524,-0.0401752876471044,-0.00356102576158631
-0.00875781690231512,0.0119411990851426,-0.0276432251804048,0.0207564585883023,0.0028602747553086,0.0381298123064981,-0.0867265513613763,0.0150225519653175,-0.126528204911868,-0.0235214518318885,0.0559578864729606
0.00331407345214017,-0.00785548577866744,-0.0278211363576831,0.0210030941898927,0.00380582907060266,0.0347631970997827,-0.10789716579426,0.0236231282210765,-0.156327651622001,-0.0191689085900202,0.0483743002760205
0.0177716819454173,-0.0293711443551364,-0.0270005252605314,0.0316197862040004,0.00733523958749625,0.0403182375631242,-0.102682481589959,0.0251215027316404,-0.158943295614008,-0.013284083852431,0.0425136983566934
0.0201072329418525,-0.031487762682768,-0.0353136318235392,0.0414725148145623,0.00347352588268854,0.0534511403085161,-0.0819799365681342,0.0192907546592694,-0.147108254933627,0.00143287199820247,0.0195867006016125
0.0193468599493298,-0.0358337665286295,-0.031493065590324,0.049402509649318,0.00406389002402706,0.0635830585204286,-0.0657524471668168,0.0190187142391437,-0.121627373905996,0.0205129902673945,0.00748927300720209
0.0158093261618723,-0.0327388441304804,-0.0383928475432447,0.0786263865101412,0.00438988791918543,0.0818096841041066,-0.04138669133165,0.0167104550490362,-0.0741212092892466,0.0417068345687601,-0.005303074106727
0.00382703814904174,-0.0281390488911696,-0.033504237849553,0.0757080965497395,0.00237898290526593,0.0968439868271964,-0.00907328854068106,0.0104902688501087,-0.0467385697523085,0.0599084408029973,-0.018508985963256
-0.00679358407897059,-0.017127264034046,-0.0319149773697344,0.0748482542457067,-0.00167036586488148,0.103295777726177,0.0116610395190018,0.00838532582734147,-0.0183799946326082,0.066504936710048,-0.0408976310169705
-0.0151653439944935,-0.00171817756412289,-0.0348966894371915,0.0704949763958113,-0.00881213385059737,0.10842399783035,0.0401237488916635,-0.0024479053440963,0.00134340136405357,0.0678527548375098,-0.0613037587008496
-0.0176230861167838,0.0141392191236796,-0.0182220079683614,0.0522973861398106,-0.0110496765836734,0.108859511555777,0.0677300235744548,-0.00745969587262997,0.0119705967575591,0.0565602196902929,-0.0725587655430095
-0.022627128132511,0.0276929445078986,-0.00915370820081739,0.0425521136912173,-0.0130963145457071,0.104859681433601,0.0813438398360072,-0.0141215243259199,0.0183559950868448,0.0399010372737297,-0.0813857758395089
-0.0200407592553021,0.0337190197821154,0.0199497402005409,0.0342666812697301,-0.00918656157101432,0.0992212279100863,0.08280032100279,0.000114066475986687,0.0165341188838373,0.0164314020568186,-0.0787339214678667
-0.021923250923341,0.0256697393766748,0.0697242303614297,0.0136957519677281,-0.00136999034717511,0.101498518435552,0.112307604328114,0.0179695158875247,0.00193938877699287,0.00347560524255104,-0.0707518005213343
-0.0227673579084158,0.0160231163311394,0.103370229054609,0.00696167284403063,0.000147902520695845,0.0932050843868957,0.107968439780223,0.0419701640424241,-0.00823621262165075,-0.01052587169966,-0.0585120581196116
-0.0116630208221183,-0.000371791683334705,0.131632868335011,-0.00329646321231041,0.0047122815183497,0.0790916123712233,0.112025407508718,0.0585096700609106,-0.0152188567719035,-0.044695604547591,-0.0391634910683632
0.00658062423491084,-0.0141242972816243,0.16363983518354,-0.0150749706655986,0.0122537303501361,0.0595178923797558,0.109857871637357,0.0851908221619696,-0.00872168578464543,-0.0825783158618799,-0.017548516551898
0.011143949599038,-0.016092416758341,0.176697124994964,-0.00484613037346496,0.0131452308944453,0.0468312327739674,0.0708393454744265,0.089254223658465,-0.00482640763223357,-0.0790588580618941,-0.00997776564688745
-0.00189174324596387,0.00919738326389587,-0.0400796030537988,-0.0154960761893435,-0.00547226483609055,0.0311295980467036,-0.104706743097907,0.0143747517995137,-0.174370368505506,-0.0294215945062875,0.00863399846927095
0.00584292726620756,-0.00608905616039554,-0.0408829933402177,-0.00704490029070299,-0.00426772371572137,0.0333188484087649,-0.113607896332464,0.0226381276703653,-0.177672289336103,-0.0244107148102601,0.0106495611795627
0.0215118269791584,-0.0157703189551771,-0.0349734897895358,-0.00652948573105022,-0.00500499605976983,0.0350209041074109,-0.113193302353732,0.0260353454415578,-0.17642053892033,-0.00848665758715602,-0.0037170833085606
0.0260627379670746,-0.0219119991807972,-0.0308698748358904,0.00522146986652696,-0.0039793511566572,0.0463225640716084,-0.0997070712683494,0.030788136300889,-0.1529529889218,0.00996682907007976,-0.0139875489791566
0.025931377972792,-0.0268355492119828,-0.0337549053227858,0.0168821168855471,-0.00487192462803942,0.0606590078483578,-0.0792936196557201,0.0302541557070385,-0.130351458615663,0.0259751154075543,-0.0308367430032544
0.0227718724065525,-0.0217449392566251,-0.0390814079208588,0.0553888555394237,-0.0070554403194523,0.0737306953654991,-0.0643226688307264,0.0337883957661768,-0.0815300938517401,0.0404676616340814,-0.0424634385192241
0.0127554645459632,-0.017355254598606,-0.0302417756300675,0.0601599398510756,-0.00639021749723556,0.0854594057315879,-0.0366258961799669,0.0406437620059316,-0.0404831895730842,0.0533589836839011,-0.0513827314761953
0.00706178725663198,-0.00482540498128658,-0.0277979116733097,0.0702704571265877,-0.0104695137858984,0.0910208870516543,-0.0219449252094559,0.0377796642499487,-0.00781514596309615,0.0617910498086628,-0.0618283578156667
-0.00303108967278583,0.00218543622447694,-0.0283589868204682,0.0669740757069993,-0.0117960801168409,0.101813212427761,0.00904934611969849,0.0282091275578762,0.024632620653113,0.06397188853935,-0.0738712858301998
-0.00886916661381927,0.0129285690629468,-0.0245257092681483,0.0655321396861538,-0.0116144824368275,0.1018646254136,0.0210122323986551,0.0133497427877735,0.0348650503585395,0.0550045905433774,-0.075592052932857
-0.011222353410212,0.0210838314982887,-0.0265524306995711,0.0629614929270145,-0.014610393607541,0.0977598313577421,0.0267411307515813,0.00216123261359251,0.0420175951550417,0.0308582384472686,-0.078134848952957
-0.0118214475199501,0.028469320509313,-0.0133164915309149,0.0515534406641107,-0.0109064939928774,0.0860041364809001,0.0299876560500739,0.0027758096405465,0.0280267868593791,-0.0110715228454162,-0.0834196090510659
-0.0218830654735275,0.0259730682350051,0.0193841036793425,0.0297816558387875,-0.00651249647507022,0.0856443632463269,0.0613272205626577,0.0138853899158444,0.00735898888984764,-0.045053871417535,-0.0772312924850443
-0.0251707898957432,0.0188348112367499,0.0276227852759614,0.0211479899249571,-0.0109876914675173,0.0788177687609323,0.0738802120447782,0.0191265492060285,-0.0123392029573946,-0.0776993619043718,-0.0672860027752285
-0.0130662570005354,0.00679193864141708,0.0599659954390388,0.00226895924230858,-0.00607926596697254,0.0685024057557203,0.0912310421861903,0.0410709315870539,-0.0219991653067347,-0.105460682778231,-0.0521777450799064
0.0063968477091816,-0.00989580772961885,0.090096650899215,-0.00477814611299563,-0.0027938057096426,0.0488195897139988,0.0863044808488824,0.0632590225545342,-0.030850369293587,-0.150819459677527,-0.025130625319259
0.00944675362931911,-0.00901026790421707,0.100614127999073,-0.00704052297296665,-0.00494124763872082,0.0471646688133982,0.0897291707914861,0.0747565750138627,-0.0197358038244161,-0.150279329910276,-0.0179643899865427
-0.00768826700046031,0.00304743634070953,-0.0373719786118355,-0.0920509039441492,-0.00323061195774774,0.0240427887904406,-0.074552684350339,0.00174064888592952,-0.165707862607283,-0.0436039715438224,0.00670510597568901
0.00621392647039955,0.00519861531611162,-0.0366633857158623,-0.107023258666018,-0.00872096129281696,0.0218204154585013,-0.0816148526008237,0.00370890179052131,-0.16473563527153,-0.0303931725445246,-0.0195597575628798
0.0221064822499841,-0.0126140537408367,-0.0309820462926447,-0.0786153088402023,-0.00954953362551748,0.0303278029242748,-0.097845247447226,0.0212143187205404,-0.167526151476826,0.00156428752824943,-0.0323313727820681
0.031822286873319,-0.0194901869242019,-0.0296253035071957,-0.0545364170928573,-0.0104890039293592,0.0399147298845307,-0.0982977574821361,0.0347336546090735,-0.142707941259362,0.0265499275189306,-0.0444674176941939
0.030319434395046,-0.0230006382431728,-0.0316586061770424,-0.0280291182766707,-0.0153999059610999,0.0547789037318434,-0.0832477780993612,0.0439196255098518,-0.119681379071117,0.0450464507555725,-0.0617274257852696
0.0338801124373184,-0.0142917759917389,-0.0369203107004815,-0.00935120333311074,-0.0210144634319587,0.0564480085827397,-0.0851198860289921,0.0501694556953099,-0.0952061894169264,0.050463740183719,-0.0808697196801796
0.0193949691624733,-0.011197272531416,-0.0416927019616279,0.0480324461379868,-0.0164941260246399,0.0722240787414701,-0.0724312700499055,0.048004599634861,-0.017517356528872,0.0588180699009246,-0.0621230968707534
0.0143819411844998,-0.00564063371287291,-0.0376138740530016,0.05743236445199,-0.0185216756452771,0.0794107339460906,-0.0560236800396204,0.0490069725233235,0.0143667010343025,0.0644072835445734,-0.0644069880490879
0.00811380240534445,0.00194583589419979,-0.033039551333449,0.0756514288653908,-0.0202949295762215,0.0850936491861567,-0.0506079116973528,0.0489944160851989,0.0585562116903172,0.075391047377456,-0.0668218286517661
0.00843604364359334,0.00562663868343608,-0.022160108205666,0.0779170363664867,-0.0142996656225611,0.0866059099053766,-0.039294169093529,0.0489185466790096,0.0771563739715565,0.0579919079712393,-0.0599739637345306
0.00522422376173043,0.0077765600478451,-0.0221582929482843,0.0680556312820886,-0.0140597769917447,0.0779892439919788,-0.0319362199919553,0.0337622707981196,0.090248831014371,0.0306341026285536,-0.0562570728518073
-0.00241593904609819,0.0172781972644726,-0.0227340889035021,0.0570423740933684,-0.0137061957852195,0.0660942075507795,-0.0305902374357591,0.0174310146902221,0.0787019646353718,-0.0141107133254967,-0.0603743845310702
-0.0139316077104924,0.0285720276619095,-0.0225045713638591,0.0377744815528369,-0.0129764052438625,0.0610121796537396,-0.00255891822394159,0.00414502452153309,0.0393380625462393,-0.0732832760700581,-0.0685884504657411
-0.0147416749464545,0.0166314565764966,-0.012881082582902,0.0347892913946904,-0.0151036895715982,0.0509524568989669,0.0167229237546288,0.00686532371017785,-0.0132940770601423,-0.142840552434782,-0.0569895251053554
-0.00780801935638025,0.00684142517891454,0.00412898722864373,0.0133026578532584,-0.0143273980681672,0.0460348285758945,0.0509008748163009,0.0199824542660082,-0.0310120548755458,-0.176023166168262,-0.0456630017911252
0.00396106297844181,-0.00475095111129212,0.0256740250598338,0.00782816484645928,-0.0127784087335084,0.0340642350116153,0.056887761471815,0.0330609337623072,-0.0325859046913296,-0.203039152975772,-0.0274383388875315
0.00803250797872122,-0.00948327230838607,0.0408409790546905,0.00355965057206604,-0.0138414206221299,0.0350982080141457,0.0611160419817064,0.0506237629515075,-0.0379269859766471,-0.200789257763402,-0.0172987413516848
-0.0124780757442072,0.00109334037615201,-0.0248922300229515,-0.183987543413754,-0.00409157246224619,0.0259700068698092,-0.016502275254415,-0.0105108987562839,-0.087101986326555,-0.0177290076277512,0.000997913727898087
-0.00654432495147064,0.00528431032590428,-0.0293256646448193,-0.191629742546072,-0.00870893559697567,0.0250902973420087,-0.0240652168497087,-0.0125515308895349,-0.0870586864762624,-0.00998613460783518,-0.0155906187722645
0.00469673951689703,-0.00257424639501121,-0.022836631227597,-0.162969303460188,-0.00836700695382483,0.0349798854491242,-0.0355247283828946,0.00291388677269037,-0.0748558857554568,0.016183483791581,-0.0230709418477135
0.0260668801283493,-0.0163113644868511,-0.0231458848815559,-0.135054609063281,-0.00825313198635332,0.0367919551848289,-0.054213453327211,0.0236242202038171,-0.0715910754590424,0.0365964535012096,-0.0384714235540967
0.0225386832902981,-0.0214631796519907,-0.019706923488039,-0.118207713240186,-0.0129912917739976,0.048002948746051,-0.0513735765698789,0.034493373554145,-0.0428532206840891,0.0623482621055535,-0.04960857820077
0.0275157813292632,-0.0132640659974038,-0.0252045582409496,-0.0827602224973325,-0.0167072709482839,0.0471284884422868,-0.0742889035278492,0.044755230760289,-0.0167935799476947,0.0693651788860287,-0.0609587023902001
0.0192141564133221,-0.0134264955046415,-0.0354047948937616,-0.0073675318635093,-0.0198448269341144,0.0579708444742614,-0.0894658828045497,0.048101280202114,0.0305286029274497,0.0704236730077217,-0.0430103158856251
0.0254930338842263,-0.0183566263661491,-0.0355426566273844,0.037041618326026,-0.0223118347460265,0.0661455694177328,-0.0941571925635478,0.0657547160285554,0.0500980123886532,0.0804283888316671,-0.0443711298339283
0.0223912867773702,-0.0150819812415666,-0.0329335995437534,0.0635130489502383,-0.0196453562242703,0.0712239637953411,-0.0832802018617891,0.064203630581685,0.104811214283584,0.0770048061777898,-0.0390996896153134
0.0155886565970109,-0.00541824900822806,-0.0288681584619495,0.0589770472245466,-0.0169530756437187,0.0683387554854248,-0.075294412936041,0.0518320933024581,0.119633100668795,0.0528210605527493,-0.0372282945010016
0.00845134800366852,-0.00486183242810589,-0.0301734580037791,0.0299792550669683,-0.00669807546329716,0.056509483754976,-0.0650100124522331,0.0240336394049885,0.152215225104517,0.0187470358880148,-0.0212601901457334
-0.00477155024147004,0.00759206463911714,-0.0364748627970322,0.0276869145000174,-0.00272976353158626,0.0415551134074561,-0.0742220981386035,-0.00169043380640099,0.122530128251552,-0.0429900030754681,-0.0262224232884084
-0.0125457347393313,0.0114515552272029,-0.0357728074010125,0.0132283721199882,-0.00326903561431784,0.0359008067107417,-0.0526629017323,-0.013440661874972,0.0942078078562902,-0.0896869102189574,-0.0294522023405821
-0.005642608474193,0.00420881763027855,-0.0427360150434799,0.0387219997910366,-0.00875289652764501,0.0278501503913647,-0.0374616746619008,-0.00874564834362616,0.0291495161056644,-0.16982770595009,-0.0243838169432643
0.000410986597142561,0.0056418213969565,-0.0284249317908598,0.0248628048954338,-0.011486268102685,0.0248773575089024,-0.00703915803973072,-0.00240925563297569,-0.019678685665439,-0.206866036231855,-0.0346638745776174
0.00983955413415891,-0.00727563727951078,-0.00705352620826383,0.0142789196105192,-0.0132919428553486,0.0187171336551318,0.00901404353053373,0.0122383614310223,-0.0300015449502776,-0.226900598087912,-0.0244581033999175
0.0222294960258761,-0.0161085564364045,0.0104587400959906,0.0089320777433244,-0.0138539207844404,0.0119031485039931,0.0155365311230585,0.0195044671569659,-0.0354213383029624,-0.2396855037497,-0.0136751769194869
-0.0115808088452805,-0.0042217694666786,-0.00855937579140229,-0.251716467287013,-0.000255659312228941,0.0217131591425197,0.014865401756551,-0.0104302688323578,-0.0359151155070562,-0.0114560203208686,0.000773508199527686
-0.0116203701416855,0.00372482260317359,-0.0108246171290201,-0.248187077728614,-0.00447682385158669,0.0302076229948424,0.0237623201522564,-0.00848809812781555,-0.0253539891370143,0.000814061098076357,-0.00953399741513251
-0.00434884954139007,-0.0011102168217485,-0.010817502579624,-0.227777764877708,-0.00503850686662231,0.0369482931988141,0.0139855526020033,-0.000356370528864437,-0.011006895212669,0.0272343150224157,-0.0126947048910349
0.0095353734151561,-0.00494763887797779,-0.00677892541468844,-0.195177357797745,-0.0066119269425236,0.0393848836550699,-0.00458384132409309,0.0154210153610286,0.00299421883149709,0.0472608877365868,-0.0256441287259641
0.0113483687679426,-0.017947063882109,-0.00127796086053427,-0.165615217757802,-0.00552144686515324,0.0434517789919555,-0.0216427189286758,0.0317210366830116,0.026632952176948,0.0585681058237847,-0.0225046182845488
0.0178666000162488,-0.0206232903916373,-0.0136926995955794,-0.124732281220346,-0.00950943223601318,0.0435033258161359,-0.0534291608843462,0.0372431437952529,0.051202801529617,0.0660205395241279,-0.0198967912669729
0.0220595853799482,-0.0166454783013988,-0.0222945807273064,-0.0712574665210185,-0.01497330653435,0.0443379958444207,-0.0795422709215059,0.04339099278045,0.0933052927303247,0.0772839682120434,-0.0181757973762512
0.036285022966903,-0.0255750950936065,-0.0231154280551532,0.000339486048602157,-0.0136724070119943,0.0495169263816488,-0.101835682255099,0.0661547518532564,0.0941193544543004,0.0651030522569813,-0.0165684110354239
0.0289746891852083,-0.0304771473230251,-0.0217318188234492,0.0311449122820429,-0.00979754034075473,0.0554985894019426,-0.0959344667338924,0.0671382462479057,0.142252464361404,0.0570042575735741,0.000687385794962796
0.0199393940709394,-0.0238213112874542,-0.0224503594558887,0.0242067297097499,-0.00241886004581976,0.051305764677032,-0.0868127869003657,0.0466905870526024,0.165468116069841,0.0326811118024577,0.000272086005282911
0.0102575438134776,-0.0158507490740286,-0.0299243952969727,0.0080007458192419,0.00526166742010163,0.0357796183406964,-0.0926692400345493,0.0132105768443224,0.175810802115092,-0.0154463060397605,0.00831727166163617
0.00241388514823332,-0.00883311227815569,-0.0375247047143147,0.00973686615248213,0.00577332423863662,0.0250918547034755,-0.0953805614151764,-0.00536044096240854,0.153712690255039,-0.0650494342062128,0.00344020215961801
-0.00248165950718327,-0.0141228333017082,-0.0396934551162531,0.00685756370189917,0.00912615154077223,0.0182241626945556,-0.0903980212239962,-0.0146945309833924,0.133045472567485,-0.104314940107171,0.00508832230837231
0.000153556193847847,-0.0101735699549643,-0.0449400983767256,0.0175878663955802,0.00511562400042858,0.016208490539211,-0.0709827636209841,-0.0160459150674226,0.071470295957878,-0.162540976595788,-0.00221673082173543
0.00509342236147507,-0.00272401713509803,-0.0451227165956294,0.0289830414194583,-0.00301697592938557,0.0146492084721969,-0.0569894457124774,-0.00879406683507454,0.0200965408429365,-0.199647297689266,-0.0160074249460482
0.0117316972806343,-0.0125818271488603,-0.0347074749043591,0.0138311620960805,-0.00747543989619495,0.00849029042141098,-0.0308227549236141,-0.00294658660098941,-0.00780839738142402,-0.233308937244337,-0.0165547703764665
0.0209460595136217,-0.0188805099535249,-0.0151999509774278,0.00963110098949242,-0.0127957340477314,0.00310168056818624,-0.0265809117618942,0.00625847507042483,-0.00995576318508326,-0.227155473666594,-0.0105190003209631
-0.0115505979378381,0.00305671113965335,5.78836651752603e-06,-0.270702020982849,-0.000364583609285128,0.0210510268444927,0.0315085915632673,-0.00711127789139209,-0.00777442702864251,-0.0145729575752391,-0.00485366726997028
-0.0147773977070439,0.00851861707703176,-4.9138428839645e-06,-0.299130874481353,-0.00172020054183354,0.0211819088097501,0.0476893511052508,-0.0111133011040323,0.0236217113512407,-0.0031104354668795,-0.00449009822156306
-0.00794711780216818,0.00399133184569909,0.000791203158154275,-0.283095865440452,-0.00349103310832838,0.0266496478312164,0.0384566156955985,-0.000653901794502199,0.044769899588413,0.0191407932439008,-0.000987754641130414
0.00283223963316334,-0.00656886082787017,0.00140251862594353,-0.252741668016562,-0.00475286516422481,0.0278657103671752,0.0192274490243706,0.0125294080422366,0.0610781410336007,0.0349605241536965,-0.00230255080729614
0.0104671729914443,-0.0150781058082081,0.0036414565581459,-0.211399153094416,-0.00646360207181793,0.0283294476476196,-0.00982199900966709,0.0271080395346401,0.065157965813348,0.0439667801685907,-0.00578238337765827
0.0163905637465654,-0.0178094538645549,-0.00944301323497287,-0.159326763219017,-0.0104144664584025,0.0311888315995951,-0.0345792975570958,0.0306150471297557,0.10345692252599,0.0505579127822686,-0.00332919596538759
0.0244213800126179,-0.0231521747285796,-0.0197524288301128,-0.0857962241078205,-0.0181315812193408,0.0334741867505867,-0.0753658908465979,0.0501349808021709,0.113492654322586,0.0508639147835672,-0.000271835397386186
0.0284585610335774,-0.021530800703325,-0.0207686105556881,-0.0297315209100617,-0.00757712879306,0.0392900008049901,-0.0843611212999595,0.0524957415818823,0.147450415478908,0.0415047487829573,0.00590013344451055
0.0231030024484983,-0.030550311270651,-0.0160058256669675,-0.0197432790474567,0.00135238540508314,0.0395147732354081,-0.0838693844274013,0.0479774507163668,0.169618860871023,0.0253913298045637,0.0217311718921582
0.013873538845448,-0.0232090301577959,-0.0160034158883506,-0.0470262139936838,0.00969329763426247,0.0318542854669201,-0.0774829970801066,0.0230072632112693,0.218940348000869,0.0114350614619138,0.0324553714705948
0.00700529999989747,-0.0186597249349386,-0.0240750246658358,-0.0351494841686839,0.0112942578189378,0.0219740370845433,-0.0872869436668107,0.00923652554042109,0.211691678698671,-0.0330144856144276,0.033776591387503
0.00545051108947237,-0.0135911834353848,-0.035887461575636,-0.0284577822825786,0.00900170897788819,0.00840453937856603,-0.0945824522064924,-0.0062526492471394,0.187428736723732,-0.0804814848845746,0.0308540743230797
0.00299364269574441,-0.0184730072149664,-0.0413799540553748,-0.017590518396465,0.0103771223106079,0.00271233979700293,-0.100704561116236,-0.01802485526053,0.158370605645261,-0.121659572834189,0.0309650547885045
0.000363110989695888,-0.0149473553647669,-0.045049049299713,-0.0173002480524896,0.00415771476031164,0.0027752015906427,-0.0783326046021942,-0.0210363021300826,0.113275700684821,-0.163506409903292,0.0219569697235587
0.00196681574845359,-0.0110845540087079,-0.0448166455535903,0.00476750017880914,-0.000646180848200834,0.0040113959025107,-0.0709828250382557,-0.0100083044669809,0.0641841775494399,-0.207922493785816,0.015488049604021
0.00696367731603731,-0.0103529177294725,-0.0449363097706266,0.000395672129943051,-0.00691781311923402,-0.000700003619001235,-0.0571537048746839,-0.00804350066451547,0.041396105967007,-0.227516224955239,0.0105738969949297
0.0154865083143728,-0.0127168691723202,-0.0353922875471691,0.0117695588411637,-0.0138468642583846,-0.000938177136399427,-0.050076005570256,0.00868770699282321,0.00825227726485929,-0.236932430388817,0.00108409321504436
