0.148848920267484,-0.00791150654140711,0.0152531018867478,-0.00129157921234265,0.0767455273038192,-0.0175967584582974,0.0325890340826617,-0.0378832879250649,-0.190286268907271,0.00720195029756761
0.145944716733944,-0.0143470952691246,0.0181904717792372,-0.000360418812891474,0.0676427217147802,-0.016556611368037,0.035945140055818,-0.0396353936814235,-0.201743025611957,0.0142436583642285
0.116742542914797,-0.0108338981110544,0.021306507658271,-0.00331445240756714,0.0440754714845464,-0.0112838961767324,0.0302902480072414,-0.028934881664854,-0.20707451476971,0.0170452644893125
0.0752686231371839,-0.0043491085159963,0.0189321941960626,-0.00456998641330235,0.021048994760489,-0.0101789550390503,0.0237172521664397,-0.0198163035371836,-0.222005052526103,0.0107011583667369
0.00715707655122461,-0.0034244094226879,0.0156704251671676,-0.00916179642616995,-0.0145635288871859,0.00380669349944722,0.0121149319990654,0.00505971192115015,-0.228764330430666,0.00959611444942072
-0.0213388148607878,-0.00499435732748244,0.00856091465972983,-0.0132214910487187,-0.0238284551417669,0.00765211728637164,0.00850955515818352,0.00920002263805639,-0.235540769175614,0.0140080465829857
-0.0621919113253535,0.00130622640978522,-0.00444146649677023,-0.0113908146178503,-0.0143318740219679,0.0187789194975828,0.00212526529347,0.0123811485368809,-0.223729518100315,0.0071222766453437
-0.0792822519725071,0.00826973470005223,-0.0046187106765119,-0.00599715135134391,0.0019984441925903,0.0246956756874114,-0.000689672111840528,0.00878932963673049,-0.220452080396406,0.000189123979818696
-0.111518422238233,0.0160078687038653,-0.00880770872884304,-0.0036842943153912,0.0191042697259653,0.0419978993148887,-0.008727244297244,0.0204589957731198,-0.193626469360996,-0.00904457650397269
-0.113101909140142,0.0219577896638224,-0.00494903896267891,-0.00607959844069538,0.0425506515785504,0.0465825077547989,-0.00742196229609402,0.0212324319059564,-0.171564452643663,-0.0180857018964932
-0.0957129031508097,0.0237397128972053,0.0006492555336011,-0.00702547321680838,0.082866773081394,0.0498315051846492,-0.00414491430049026,0.0179594287335796,-0.140190740755571,-0.0258088345299499
-0.0726900448660405,0.0271462649443631,0.00444914531939776,-0.00772781409493738,0.136045477289913,0.0543878659834673,-0.0019457954158099,0.0151170693242354,-0.102541231116956,-0.040910387865482
-0.0598149424384992,0.0238660776978593,-0.00248801298987066,-0.00546191405702484,0.166158995761883,0.0493367811554715,0.000937271871839299,0.00754075268940241,-0.0942115267089738,-0.0326982283626693
-0.034687989683227,0.0187526029750942,-0.0078608411379131,-0.00275330164021707,0.195150023494631,0.0343142046767645,0.0148229877203644,-0.00544240266247461,-0.0955629193988092,-0.0186474962859514
-0.0264667026466501,0.0163018908370674,-0.0150875149888115,-0.00655632857406181,0.207504661066377,0.0270159284192583,0.0143802868583879,-0.00422118704297985,-0.0921422830555734,-0.00601820416940757
-0.0215199597698407,0.0123252173342188,-0.016090198468381,-0.00533324638150493,0.218473055234058,0.0174609299382652,0.0146137934345136,-0.0153352365784379,-0.100429096502873,-0.00082275906816248
-0.0153539674489352,0.0121208629241411,-0.0143593950451538,-0.004073537328053,0.223196437251726,0.0148166685565221,0.0141550344411416,-0.0170371717201052,-0.101002982050308,0.00280279488387026
0.1810559201365,0.0041116847161604,0.0301484824530994,-0.00588509332412005,0.0380184244744641,-0.00852023282764598,0.0166241918859443,-0.00602738890947111,-0.122848745586439,-0.000622660282886644
0.163670655710412,0.00134435814760379,0.028216989029581,-0.00602689468146489,0.0276339636266674,-0.00586769493908542,0.0187522750814669,-0.0082901974834257,-0.134204658686757,0.00838709132374952
0.147619014447063,0.00206084246414519,0.0330875473207786,-0.00636791492447168,0.0169223209766394,-0.00139356008235375,0.0178033714316136,0.00245267366168218,-0.133937741089059,0.00866852946765103
0.115952769119497,0.00510397036446506,0.0328244286537169,-0.00620043655706223,-0.00406944454822383,0.00499765760246494,0.0134165126635675,0.010303252759327,-0.140474370148219,0.00722874721116547
0.0399709585841062,0.00920302950968654,0.0321574372488912,-0.0115646028636521,-0.0421498070720015,0.021820095773341,0.000595156698698421,0.0393961139495364,-0.146944338197977,0.00462455609000384
-0.0206470076525469,0.00857128250210343,0.0239465199930767,-0.0152840369872118,-0.0853112360308741,0.0300382407402864,-0.00856179357497095,0.0575227508461615,-0.163208164874068,0.0102502362442064
-0.0687063493123269,0.0106555892480715,0.00761912631209707,-0.0142139659901996,-0.0732640749867024,0.0460159914220835,-0.0159732276310315,0.0596320531646607,-0.145308993226502,0.00522410084228275
-0.0899337714282824,0.0146452985270252,0.00218428831429667,-0.0106926025842366,-0.0571001999541202,0.0523453489491495,-0.0171094356683836,0.0630757146231244,-0.136324386314546,0.000917585219549454
-0.116315739292055,0.0230073594949798,0.00392135375801007,-0.0118389583048942,-0.0345959441052934,0.0708924549698201,-0.027414263584359,0.0796830666272848,-0.100209373376814,-0.0185386983108071
-0.116786958653656,0.0248303630872513,0.0106547638798107,-0.0121847392899178,-0.00381339102937598,0.0737000060539068,-0.022081738805441,0.0724820560711073,-0.0828417965018877,-0.0268198197769208
-0.093798010457499,0.0245259593150675,0.0157136385041274,-0.0144377894589988,0.0528829879931673,0.0791744338085701,-0.0193675776300071,0.0649864506553112,-0.0447579391532203,-0.0404597387284624
-0.0595361386939481,0.0237648652012047,0.017108462618429,-0.0117633333751978,0.11174361320125,0.0770709508757484,-0.00989481212328679,0.052958978386943,-0.0162032716119315,-0.0456133505658375
-0.0448354457517062,0.0246696016077801,0.00701342011809298,-0.0143981576189083,0.154057457586515,0.0697287144426141,-0.0078140413749363,0.0491881549190096,-0.00308073708046495,-0.0408784190877474
-0.026847101008549,0.022773718872179,0.00144258225705112,-0.0156904146854572,0.193713860181617,0.0580839795305406,-0.00675518856134678,0.0463802888350436,0.00225200285755166,-0.0302474398069211
-0.0190468004200537,0.024065558234732,-0.00305389974406433,-0.0155054169056008,0.205554019183937,0.0536996354030159,-0.00744025142864061,0.0454861089971852,0.00783306728634173,-0.0228025264469341
-0.00816646625844272,0.0241364445913959,-0.000547962230930475,-0.0129951196727196,0.219293896618169,0.0475295154818781,-0.00955046147973799,0.0454335051106572,0.00996069167117552,-0.0214389617545852
0.00613871312693339,0.0170226940392501,0.00149943619083254,-0.0105781320155155,0.209525816643684,0.0378021365306989,-0.000866835119920219,0.0302260086394218,-0.00849670234181914,-0.00829925768709305
0.213878569093365,0.0162679665278276,0.0326036040428402,-0.00766166533553107,0.0149678640404029,0.0136303925899513,-0.00143347815439546,0.0305672686333248,-0.0450570722584547,-0.0189813444045028
0.193856943977377,0.017354112577528,0.0349509398318638,-0.0113140883261947,6.91183029407844e-05,0.0170310344966618,-0.000570760174738791,0.0314422843678419,-0.0500899227268335,-0.0110761986737952
0.168465037848254,0.015065467369859,0.0377007126650514,-0.0109046428807708,-0.0238771696910376,0.0263844622526614,-0.00286580492507886,0.037180778097944,-0.0554687364046913,-0.00604765519021224
0.132541557991713,0.0179892603126046,0.040174081167104,-0.0097956890627201,-0.04071660610062,0.0295941577841579,-0.00485059172140143,0.0425248689485145,-0.0669046133254396,-0.00528418916797071
0.0542484385285692,0.0202097656009739,0.0374900536474257,-0.0125130640433839,-0.078818005546479,0.0462838513427053,-0.0120344048921267,0.0619210074909108,-0.0797144480699951,-0.00788773370146266
0.000394185586504135,0.0189975116749384,0.0311778557192854,-0.0173179170107164,-0.120941645716051,0.0533431512735343,-0.0195375678808745,0.083025046731745,-0.094229462753797,-0.000133596459611291
-0.0480939326180904,0.0172055153095514,0.0181666553878017,-0.0172210736690263,-0.115724881540778,0.068122143111791,-0.0179200754231234,0.0819456263987582,-0.083230963144835,-0.00417149012678792
-0.0813619045171181,0.0198437336734142,0.01595711124148,-0.0202366032833087,-0.10313993691367,0.0801778309275178,-0.0265666386610372,0.103257669372462,-0.0585608298747773,-0.00971520993021295
-0.102305382228679,0.0255598511630909,0.0178835815198754,-0.0204874253357231,-0.0795420275640973,0.0804953598149984,-0.0270279582082466,0.101116053010902,-0.043592322758443,-0.0157595938827249
-0.0963236954157549,0.0224769376021432,0.0233157833366473,-0.0221199326141095,-0.0459140138543078,0.0804893424112384,-0.0208495752057936,0.0961920891452861,-0.0245570337500785,-0.019275743451957
-0.085760004263708,0.0214159810461587,0.023543160469111,-0.0193599164474392,0.0015555029017836,0.0859914742281829,-0.0177342064617254,0.0843160911605874,0.000744454189598299,-0.023984705209604
-0.0523888087887493,0.0202342291136452,0.0278072159227226,-0.0176986740587277,0.0600760680958847,0.0836295530040908,-0.00900902146496227,0.072763509528795,0.0301644993380701,-0.0297703418941959
-0.0320690755370293,0.0207692838184508,0.0255611660428288,-0.0156588132302642,0.0973301191301933,0.0796798690152202,-0.00869021680150937,0.0674040078897877,0.0455332375419192,-0.0265749009183668
-0.019567088566507,0.0188220988238248,0.0167000635020109,-0.0208194795144869,0.127431906960854,0.0714480599872193,-0.0108521328088074,0.0687711173178481,0.0535614522910269,-0.0188567899826149
-0.00484882270142138,0.019095271256658,0.00918133993080323,-0.0202392617228835,0.157833672490038,0.0593675452922295,-0.00968817928792493,0.0702581341646996,0.0545141495396854,-0.00777184885318653
0.00815328905043425,0.0156408777477786,0.00832939435634583,-0.0168526263810892,0.166259544926225,0.0470737584043829,-0.00581333530289928,0.0640685330244312,0.0467395382175048,0.00495942537775485
0.0114450146183878,0.0111149599200738,0.00832328732452234,-0.0184851852485076,0.158646962274123,0.0380277661627803,-0.000217273612945179,0.04849714460512,0.0277366279749036,0.0130946619009811
0.231068544069351,0.0159236803803797,0.00305428531001237,-0.0102137715606428,-0.00614132839894199,0.0265719262803672,-0.00394329202100311,0.0365780839184878,0.00336512412201717,-0.0144129016101568
0.214229089535884,0.0217701364648263,0.0124687273286694,-0.00886518496171016,-0.0194124081161406,0.0307764591722719,-0.00712403934863642,0.0332866092099881,-0.000882006722520243,-0.0114369499314535
0.19232197034727,0.0210788975411876,0.0240275292351304,-0.0104029911879876,-0.0394737320580668,0.0380899948116604,-0.00508199487680746,0.0345852497411699,-0.00692200755244725,-0.0134921429078078
0.141761906893217,0.0244145373926694,0.0236308458623919,-0.0145212143597749,-0.0595784650212033,0.0436009382629327,-0.00713167865415828,0.0405256427451619,-0.0172736894320042,-0.0129266717048426
0.0620007941829677,0.027749506451666,0.0225729396321581,-0.0110850945338265,-0.101791814728987,0.0598159029822975,-0.00924310959893953,0.049377339570416,-0.0325151954970615,-0.0132931560985062
0.0152080096722175,0.0227280896866938,0.0170478759525561,-0.0157812129280675,-0.139375798075089,0.0647946170805302,-0.0147300207668248,0.068588153500364,-0.0461767465407453,-0.00365101808811167
-0.0224306608203881,0.0230527798418197,0.0148643768235629,-0.0160237841658609,-0.136651626782139,0.0742973031522329,-0.0107154478668574,0.0757045289076845,-0.0351372549641789,-0.00906690843409214
-0.0537184043530512,0.0161808675608776,0.0191419169159724,-0.0227184564198407,-0.137632253310695,0.0855660760568022,-0.00948447273327113,0.100190754090064,-0.0194612438021556,-0.00522256841551911
-0.08186034261064,0.0161372872367715,0.0158772899563673,-0.0266824988299258,-0.101265637186316,0.0791352445096914,-0.00630356413832822,0.095853312930928,-0.0104082116229569,-0.00313722234897573
-0.067920223228356,0.0158958719506389,0.0230450489825996,-0.0240848041024542,-0.043330774508497,0.0859510298182737,-0.000303080633426965,0.0918817863164689,0.029208998173622,-0.00823444186107435
-0.0721246668166536,0.0241427095831645,0.0338890121778272,-0.0209303525427016,-0.0222838057183727,0.0883826782744223,-0.00147137634040698,0.0863789773264479,0.0430419259325846,-0.0131936708777427
-0.0408907285139868,0.020326597135412,0.0329731613426517,-0.0188013799294726,0.0213695276674596,0.0902376606612633,-0.000395673466012937,0.0751625534622139,0.0653593269402931,-0.0096643690314107
-0.0247285622660116,0.0167379182693842,0.0314648462584293,-0.0189155629425883,0.0525987882870771,0.0882772583211936,0.00253994842656379,0.0752618179195266,0.0813178990444386,-0.00551558875355969
-0.0163441437844481,0.0170097926380142,0.0197535701583173,-0.0170475455496476,0.0808687836923754,0.0830517744069084,-0.00279760096285048,0.0732378744399807,0.0875228865381244,0.00544112742128687
0.00219166634485266,0.0176946951268687,0.0159225518120228,-0.0154557796532094,0.106791283156461,0.0669961532192574,0.00290277679486561,0.0714613483961886,0.0855104204889708,0.0178184806632344
0.00987982522209382,0.0154901498658782,0.0192716796867367,-0.0200352530367133,0.122380682658363,0.0466360843874473,-0.00296461295001773,0.0820645252680518,0.0790507959212238,0.0257094985567558
0.019863439719309,0.00694277375752958,0.017962329737905,-0.0200155667802111,0.122598045142297,0.0346489681821684,0.00191316823829779,0.0702047147026581,0.0596126870140682,0.0372047572400916
0.223273157557049,0.0134965631858404,-0.018010054853837,-0.00826711286305613,-0.0160508220407254,0.032049051810085,-0.00394223384921509,0.0366999229503456,0.0359207342253136,-0.0195637756054438
0.227441216105237,0.0199544255392198,-0.0100452738660707,-0.0111157390973922,-0.0317439302101199,0.0355428450295448,-0.0104190697341212,0.0393604238501594,0.0364338984823302,-0.0221696241585882
0.187752210643876,0.026443292576711,-0.00484420512167797,-0.00924126867898893,-0.0505859859698632,0.04872902636499,-0.0111842225478701,0.026307902995469,0.0307429903670855,-0.0223204806411864
0.147205462359288,0.0330526065172485,-0.000251546009672927,-0.00960510639695712,-0.0707808297303055,0.0559512822461583,-0.00854003741031114,0.0228351544634954,0.0201756307137975,-0.0239314359743484
0.0629306669750738,0.0304365957227827,-0.00105347558088664,-0.0121946860779193,-0.104121386234547,0.0676433632314267,-0.00468223524724281,0.0340431333855094,0.00417599525871195,-0.0205178193612215
0.00419667908351387,0.0239890618640557,-0.00330916805916294,-0.0184073239082194,-0.138555022796344,0.0763497470589301,-0.00803414908674683,0.0567129161300989,-0.00855152232625084,-0.0162870695524522
-0.0389822679180461,0.0216405701750644,-0.00384316494058376,-0.0189365139383935,-0.143067451413144,0.0821046674687469,-0.00596066865077817,0.066005703045931,-0.00174116947615784,-0.0140934754697716
-0.0542933225517757,0.0129688381787933,0.00598783789533479,-0.0187782187361098,-0.14429508304992,0.0850114609739565,0.0124802244322259,0.068477671907477,0.000131261027957123,-0.000173991057553734
-0.0497355975164697,0.016125720363641,0.0132364943657586,-0.0147998107604738,-0.0944139347098981,0.0814700453529975,0.0203259962309622,0.0574088314426117,0.027326717099037,0.00646958151354015
-0.0609553251293582,0.0205671620007767,0.0304252462551907,-0.0191391106625053,-0.0598003108880566,0.0902272945478802,0.0212644005035747,0.0700575619120468,0.0585602675403171,-0.0145107917433173
-0.0491249591165017,0.0232746422189036,0.0390921020345873,-0.0172695610843057,-0.0246998902935313,0.0909427015623568,0.0186443041799133,0.0648752921715798,0.0776968090829418,-0.00966973279359358
-0.0267216444886789,0.0214211063611079,0.0416417259251348,-0.0139217564355843,0.00611251127179815,0.0939330394082186,0.0161725317182236,0.0581716658812044,0.0969349753199964,-0.00189855577488236
-0.0155211688536923,0.017859064265162,0.0358063463344161,-0.0162898972955226,0.0273806429602455,0.0877949893665875,0.0121502177981745,0.0661444525354025,0.106521402957783,0.012097805851364
-0.00923800166498048,0.0193281041497461,0.0265913762367275,-0.0145943890330747,0.0439648197140055,0.0802784178543814,0.00193104891405555,0.0738858311669544,0.108453089909708,0.0283888332382647
0.0090175739282366,0.0106640553899501,0.0192905042214482,-0.0132919459914152,0.0546339099115311,0.0632276868748456,0.0122884810657488,0.0637380953827702,0.0977512741219783,0.0587556177198503
0.016497783409645,0.00938414766162953,0.0162787294360596,-0.0160027003610223,0.0649614370477695,0.0470812311235285,0.00881624984761147,0.0742576163193826,0.0949452082552084,0.078476869636964
0.0250164691877441,0.000570827496744997,0.0179087933765808,-0.0199475859435478,0.079841903019399,0.0348241522841696,0.0198091408906282,0.0669591080794679,0.0838743892173714,0.0877296314597618
0.175709978655171,0.0123806334633007,-0.0733143919003462,-0.0162553316708377,-0.00169435933402348,0.0348869330008673,-0.0130411703139684,0.0243453559947545,0.0576496425253859,-0.0215577290744081
0.16326208953479,0.0268687790782114,-0.0634978918979441,-0.0182386419166725,-0.0220550501931441,0.0415620178624642,-0.00943207987519417,0.0212374983536401,0.0592332837252169,-0.0265614186797852
0.133832522946919,0.0211647039840024,-0.0608929963230152,-0.0149199883312798,-0.0370674603401897,0.0580954568007228,-0.0101121123842458,0.0158328095592149,0.0592562217763842,-0.0277073242456528
0.0801451778553754,0.0307386487072354,-0.0560357224765888,-0.0125351385552277,-0.0585832653382297,0.0666473697114537,-0.00803739000533549,0.00867683632900488,0.0445934106003281,-0.0306694177859131
0.0333029644312659,0.0274835847826623,-0.0383232432898189,-0.0164785413182443,-0.0828230261535848,0.0736566207822562,0.00369887321307723,0.011347868697019,0.0352509758838992,-0.0300500669649436
-0.00520065673656378,0.0309929026481354,-0.0295057589865483,-0.0128096968020611,-0.0929608403414112,0.0754801965581277,0.0103540561310898,0.00335299323197569,0.0234090668407533,-0.0243077647379748
-0.022457915983442,0.0350028284582969,-0.0128330833069487,-0.013355846496494,-0.100447800053935,0.0703795907825741,0.0167717356080999,0.00970111521405312,0.0217171997562476,-0.0213140285521278
-0.036853845014476,0.0190974400114275,-0.00306291675409152,-0.0104133668913464,-0.0994353812276838,0.0728446102183724,0.043119482883925,0.00476131258787203,0.018899302571317,0.000989794711272016
-0.0536618695325134,0.0175341718108443,0.0124197479364478,-0.00882029650770183,-0.0845764511157269,0.0743342640298429,0.0548398765300329,0.0121617458550353,0.0315377193420056,0.00737380682759533
-0.0280696203837158,0.018633718864511,0.0362670776024105,-0.00629465626264179,-0.051254371001292,0.0778608203957807,0.0616348428486932,0.00913228712201508,0.0594143755902469,0.00223596217617001
-0.0282219541125685,0.0197506085649811,0.0452094797057439,-0.0093595811432419,-0.0344325545129698,0.0753103423585779,0.0593318519887956,0.00785438829773121,0.0651889423307268,0.00236667251198324
-0.0103403934323631,0.0139150980830667,0.0457785895193382,-0.0082702035734575,-0.00608382131373961,0.0712559039041357,0.0522219294514332,0.0129994080275039,0.0793629915908079,0.0253560468852995
0.00137635455501206,0.0116805634122716,0.0369548152446237,-0.00874288503950956,0.0103443130730238,0.0634870729718817,0.0390790424927992,0.0319305067504068,0.0891256528522967,0.0534064392864535
0.010011762351693,0.0139958524650553,0.032488976354345,-0.0116489427136156,0.021521412710891,0.0575559517290854,0.0258350687546739,0.0418562119531289,0.0921476759902555,0.0649453994301047
0.0144692604008468,-0.000576646355257972,0.014321968433661,-0.0135486136303479,0.0300710692308748,0.0383963055282802,0.0233505945585381,0.0537683555765663,0.0837111176344534,0.119054881250841
0.0254172707938083,-0.0036353897247227,0.0167849782984775,-0.0184173440993674,0.0341894109457605,0.032228712807463,0.019629575892673,0.0601633244199138,0.0843358057181444,0.120298202646661
0.0180336636785574,-0.00939996720341255,0.0122229352855352,-0.0187505639010218,0.0372658066157272,0.0285370095069068,0.0194890606008083,0.0620845479274122,0.0790674761213389,0.135053753157466
0.113157543886279,0.00115346036822754,-0.123797920204629,-0.0161779006118016,0.00679590310383038,0.0238919341899744,-0.0004792175544816,0.00277848096984886,0.0464384265428624,-0.00521510997659634
0.104499515687135,0.0105624152391883,-0.124769050760168,-0.0200245533919144,-0.011602125828477,0.0348376484320745,0.0012947279984639,-0.00414434872915246,0.0502310541717197,-0.0146777691969418
0.070130822824474,0.0163489497236583,-0.11737248653278,-0.0155430299740265,-0.0277034115951913,0.0458992167966295,0.00293835341504363,-0.0191826663806733,0.0398748206936484,-0.024455578562917
0.0413727722695421,0.0218355701206841,-0.102237111597179,-0.0167660523268853,-0.0476757976795199,0.049404790372483,0.0154221069084412,-0.0273266661197272,0.0324021195897914,-0.0277701301251483
0.00486201594461123,0.0251532093013728,-0.0689482467926614,-0.0148228392447212,-0.0559582388467876,0.0526722703127285,0.028462498131622,-0.0382685236215306,0.0238652901552894,-0.0249156884884359
-0.0123767985503156,0.0364651092807033,-0.052286971811933,-0.00806001364972145,-0.0607472689856358,0.0561335050347172,0.0316291586253916,-0.0467040126114323,0.0203143945391165,-0.0332186219509694
-0.0291226579706515,0.0338227412149803,-0.0326186093811183,-0.0030844227471161,-0.059250342365181,0.0510600708602866,0.0611081133775842,-0.065699352418515,0.0067095887146457,-0.0305040093191087
-0.0287522562310606,0.021348571348715,-0.00272287928920046,0.00812102738488559,-0.0556434275114492,0.0580104566067309,0.106916938828786,-0.0937136607556847,0.00273282974260133,-0.0143030922824694
-0.0288056669169407,0.0195463275341367,0.0395075796706551,0.00499669321541866,-0.0403767098518457,0.0514914850221199,0.127269907993691,-0.0953411514462939,0.0102928341110327,-0.0238653441759873
-0.017712627705192,0.0107038926251466,0.0514206012280035,0.00558043159097992,-0.023677385771793,0.049329253431937,0.127733705604219,-0.0923057528885009,0.0202993422907326,-0.00573961966600785
-0.0158257655381215,0.0157650706423432,0.0596685013691667,0.00154689945262631,-0.0103876138132523,0.0491742435888886,0.127783967877984,-0.0832392708037143,0.035967014199588,0.00216629000383239
-3.5624746856304e-05,0.00887323914328873,0.061987461992179,0.00321699003759959,0.00209194861508099,0.048390086570741,0.114662798137896,-0.0663691671476626,0.049492535805703,0.0274205650371001
0.00532181718386459,0.00416908224184911,0.0519059940739695,0.00501123410112152,0.00964257997280222,0.0420004906621535,0.10026604158712,-0.0464394892025404,0.0545296152250897,0.0693168219390673
0.00594931990671456,-0.00848524824819384,0.0316619807167864,0.00667531199720557,0.0162432056221779,0.0215373796844459,0.0869022103390822,-0.0233757591703091,0.0432891366531384,0.134118822412745
0.00891104285165989,-0.0157950847431047,0.00802263277290917,-0.00444724424119872,0.0214845052119135,-0.000439566971891634,0.0600101107712081,-0.00912619267577397,0.0256904092149319,0.171760147188624
-0.00411879903540147,-0.0384970018129407,-0.018538964689,-0.0161571295798075,0.0105671094570284,0.00131646750405833,0.0278917604753036,0.0143423442372435,0.0192404166055968,0.208167823039545
-0.0137923168057803,-0.0396715244714639,-0.0261167371836801,-0.015482338602279,0.0149814857292447,0.00413416333260828,0.0148150690939295,0.0169013725660265,0.0169779555858555,0.211692366554785
0.0420618198358709,-0.00641360271227821,-0.183929492986652,-0.0150006381166527,0.0154628743000876,0.0109384684608568,0.00446222234521002,-0.0275054967434342,0.0161088770771556,0.00642950566762317
0.0333473495575183,-0.0137895303374807,-0.197270234909082,-0.0158009711188634,0.0104154807548586,0.0259362000874873,0.00765993325828112,-0.035025995258778,0.0203641918772131,-0.000658017574876091
0.0182852106945248,-0.00943107316433088,-0.195707425482162,-0.0158693496623208,-0.0037784583378576,0.0331266799405952,0.0107084129762455,-0.04700108727207,0.0145614828686857,-0.0075768034515773
-0.00129632523138724,0.00773831389375753,-0.15724786434385,-0.0236194340869008,-0.0245623909241574,0.0263354716937534,0.018504474791064,-0.0426547620447902,0.0136462478213054,-0.0197837897150636
-0.0152682297008701,0.0224991934842057,-0.11412997497553,-0.0207651195124787,-0.0314905742374365,0.0254980157754325,0.0261744745286991,-0.0490764813105856,0.0132737582289494,-0.0294898057478065
-0.0299225460717854,0.0263554778545106,-0.0735254772877324,0.0017245091032726,-0.0338691530404758,0.0370585303530498,0.0788632999628225,-0.103156522192701,0.000484850807435044,-0.032390308479714
-0.0459922307432046,0.0162347188679193,-0.057603886417186,0.00750782094942449,-0.030756108623324,0.0397423635612036,0.103289973394423,-0.123513048583102,-0.0136054717615022,-0.0352039127223866
-0.0490960849742684,0.0081814492278468,-0.0333540317142093,0.00780254194145927,-0.0239976012290759,0.0397937049646215,0.130373032853554,-0.13881429406336,-0.014941242141325,-0.0270391419010246
-0.0289261419565344,0.0211952255293935,0.0458229678897356,-0.0030906122431501,-0.0171292262323588,0.0256112739729989,0.139359026601895,-0.124072827351488,0.00234601054779606,-0.0441660977945194
-0.0204572971962365,0.0122672835873053,0.0741531456369905,-0.00306335078849667,-0.00704122211167513,0.0250797874411232,0.149752631132938,-0.125570888229663,0.00924129598748727,-0.041669795276453
-0.00954543302078393,0.0129841734307535,0.0847003903204591,-0.00292582228770626,0.000309387685658524,0.0225483409991921,0.145422045147943,-0.11529577793267,0.0206900214961078,-0.016829427306376
0.00298493923228245,0.00648162960158099,0.0785420192170796,-6.76611950552637e-05,0.0058462506768629,0.0175606803276422,0.135207070102453,-0.107281042046889,0.0248756918685357,0.0163999236595108
0.00613222517705437,0.00278120070942191,0.0536409175045566,0.00308313199035624,0.00600642962807881,0.00739369338495035,0.107729880522768,-0.0845926417458151,0.0222800378079391,0.0800482405641618
0.00480349683845929,-0.0107692407891214,0.0334113638750116,0.00156468282746685,0.00915794524491808,-0.0120459994070939,0.0901989968131521,-0.0558508085584375,0.0129237067568908,0.149725256854462
0.00620556405842277,-0.00712483597044207,0.0195281896489009,0.00266661404491992,0.0121926757437205,-0.0155282272054391,0.0711681387332273,-0.0506508364819236,0.00715299308325965,0.178144510936129
-0.000718695060362255,-0.0224160840229545,-0.0101811034336444,-0.0146408833322372,0.00307926168937295,-0.0208044650874626,0.0217100752880203,-0.00322797226992688,0.011055798692325,0.215331415877021
-0.0122133427423491,-0.0283912297718871,-0.0214046724447044,-0.0150675951465522,-0.000796050708467466,-0.0124716528168069,-0.00254524858705236,0.000951283264733566,0.00731296946015177,0.218255735461848
0.0118638488616876,-0.0204488188044604,-0.231846916114106,-6.8975925862514e-05,0.023306223360511,0.005770007977131,0.00122103028412287,-0.0372837840133299,0.00453647326751383,0.0237980672446723
-0.0132402795208576,-0.0207501358674363,-0.24565047339462,-0.0151597756181989,0.0142047900804695,-0.00362251983970256,0.00747667993359799,-0.0294814291312579,-0.00152165337714746,0.0194767484459876
-0.0342609803182046,-0.0143720436314085,-0.241414080206582,-0.0186805620099758,0.00117596270740678,0.000460729887537223,0.00792595430469453,-0.0356429287848044,-0.00710494721879858,0.0104315840991811
-0.0423661238456564,-0.00168145891227022,-0.193173970404868,-0.0362329552288381,-0.00894799868804725,-0.00869923524357526,0.0184169465603283,-0.032614653936122,-0.00104662005611767,-0.0163668411329404
-0.039011901987394,0.0236736942393632,-0.126570644550921,-0.0299313296929224,-0.0239840367335966,-0.00666900529447076,0.0225238989706885,-0.039918563576049,0.00607351707774709,-0.031800132269637
-0.0365696644640938,0.0355642687228495,-0.0861899848525052,-0.0210349549411912,-0.0228630934851178,-0.00133171905222279,0.0398916088712128,-0.0646064891778862,0.00322628702138233,-0.0485823319748133
-0.0481901561792756,0.0198656150652229,-0.0604839906853049,-0.0105944974675556,-0.0145690806037069,0.00704642062643741,0.0866544659283328,-0.102858983218374,-0.0075528676315625,-0.0450134337992574
-0.0382079691734956,0.0240862307579158,-0.0157376125464747,-0.0114645597507079,-0.00539736048525226,0.00596318455514344,0.112718740642624,-0.121093588186494,-0.0043691269197171,-0.0626605335352005
-0.0251092897028795,0.0341480659051445,0.0410627013932222,-0.0141459267480382,-0.00550831288139568,-0.00104386185298511,0.1190673520531,-0.116176840834341,0.0056081093176645,-0.069550413100322
-0.021177486470954,0.0232288565235901,0.0756739614564452,-0.0160425759734306,-0.00359307435310831,-0.00231826102624813,0.140055540415858,-0.118049541009625,0.011918449485616,-0.0625213468792721
-0.0077352312832881,0.0191052986509778,0.0913441723573434,-0.0107549059252655,0.00269243553615679,0.00489346255769941,0.135982831936003,-0.12470059683462,0.0217230777063377,-0.0342314669760201
0.00776572358643446,0.0117889100523234,0.0846505655812145,-0.00816951670806803,0.00100626845151117,-0.00402812227258081,0.118687454762864,-0.106452018518904,0.02549334192399,0.0194821388565604
0.000889030362584999,0.0175358768240511,0.0540439429208261,-0.00737596427255677,-0.00965546929013501,-0.0280862935848992,0.0759808639148767,-0.0790622274956028,0.00783433052340167,0.104319598478633
-0.00136970322300866,0.0188081040953217,0.0342463633591352,-0.00774073798537226,-0.00691393974919298,-0.0370693440417901,0.0535771706769943,-0.0618317486765314,0.00301619758154015,0.151701985054283
-0.00753363187859348,0.0274085359058521,0.0225056986541655,-0.0028756618456487,-0.0101331691507398,-0.037817809723321,0.0243630927105004,-0.0594063894520093,-0.00530591545715522,0.188130563974721
-0.0155100885770221,0.0218093452045549,-0.00691957198721934,-0.0105904792930431,-0.020903054174369,-0.040397551619418,-0.0306160327591729,-0.0265039258647057,-0.00789754342448239,0.223993708488502
-0.0189180731178998,-0.0091614874520588,-0.019397435711329,-0.0166072558789404,-0.0154645302278967,-0.0314403699907293,-0.0243938349690167,-0.0133021832778549,-0.00596975423467121,0.230049571835643
0.0171434618149865,0.00216848640961407,-0.195951314187161,0.00758871970612891,0.0310986325598107,-0.0210838807892291,-0.0110255038266886,-0.0204054070429013,0.0133279866737046,0.0106506685666595
-0.0172369854519683,-0.00655147378416626,-0.215890502844539,-0.00943492480282439,0.0159021532845688,-0.0273768253406381,0.000573434696668998,-0.0108223181142028,0.00426512185181018,0.0129029916010068
-0.034675996925939,-0.00322530010107923,-0.210463742378478,-0.0224739726588386,0.00393393765380847,-0.0290483446834551,0.00833201363561253,-0.0128536462629931,0.00198083847889306,-0.00150677511029165
-0.053667294134293,0.0114917871891384,-0.168209692451641,-0.0360185248036251,-0.0106744615706457,-0.0409947601870521,0.0135450292132752,-0.00380791024297933,2.48601751960441e-05,-0.0142473033508925
-0.0513105629072258,0.0302169592913472,-0.121345417906466,-0.0403813695043573,-0.0173429861040345,-0.0431309529418042,0.0168707329874118,-0.00771243989847626,0.00663616529092695,-0.0273210755844304
-0.0385611247675972,0.0458790330955016,-0.0598548047529504,-0.0376603211090386,-0.0196393363071467,-0.0406568994345331,0.0298476780765279,-0.0266050953292925,0.0144368814453149,-0.0532924806393849
-0.0373933695067807,0.0447203575976488,-0.0352328186209578,-0.0432617886368104,-0.013162384029372,-0.0466502536988363,0.043084577495897,-0.0379459024635836,0.0121986227315051,-0.0582457921026383
-0.0319928150281572,0.0397793843405752,-0.00732666370078515,-0.0398229987432373,-0.00792593536921275,-0.0359336879472372,0.0620503778004072,-0.0626088275080851,0.0156711282337228,-0.0656755044188698
-0.0251782210048981,0.0421042441589566,0.027291186314898,-0.0465098674155712,-0.00460256020794875,-0.0424349825303464,0.070332229525942,-0.0670021794287722,0.0156378949127826,-0.0696039741235126
-0.0159704744137771,0.0364646954606235,0.0609240833219771,-0.041505513558763,0.000137136954792568,-0.0391953681997833,0.0804392643889832,-0.0736517412291402,0.0192405797804862,-0.0679951665315477
-0.00786545974602307,0.0367399202373229,0.0712700996753385,-0.0381754382907522,0.00204044399144607,-0.0381557835812023,0.0727453349269349,-0.0778057130119036,0.0185769057685112,-0.0380256318777974
0.00543407750276946,0.048918720650671,0.0734872132331783,-0.031482874646699,-0.00531667121930364,-0.040973708038669,0.0497274712193736,-0.0762868626418969,0.0215917740030007,-0.000833085375360877
-0.00139010898346543,0.0534677098188651,0.0495728309432108,-0.0266189909984009,-0.0125324668598721,-0.0606932150721704,0.0159606506230668,-0.0644168261540625,0.00350982801182852,0.0836301642762862
-0.0100964177026118,0.0488691232343677,0.0276643804579783,-0.0238379851419059,-0.0137336145018192,-0.0607590341553793,-0.00896396726150821,-0.0560297527572522,-0.00329176634991577,0.133237768303812
-0.0181934801590114,0.0528940241778154,0.0176663610349481,-0.0174455994896077,-0.0233255104545374,-0.0511067564839885,-0.0386444428991193,-0.0490544055303112,-0.00497709635066095,0.165981953457378
-0.0271028493085422,0.0488199571660583,-0.00514249235673592,-0.0120216604646046,-0.0337683086504551,-0.0446012526943485,-0.0754845144160691,-0.0382435038534833,-0.00960273491190033,0.207078633905474
-0.0252619134509153,0.0345874350145011,-0.00408083778109512,-0.0149370681091925,-0.0258208113066943,-0.0471317172123364,-0.0738672035575894,-0.0335474551946706,-0.0154648928124456,0.210454523587465
0.0223285652324284,0.031359459179652,-0.12457658441912,0.0241095505927072,0.0268678934156657,-0.0491052211497467,-0.0177001922110491,0.00299199325100943,0.0148318873366143,-0.00606077226126319
-0.000608466367378151,0.0340675818054773,-0.131740417635521,0.014874528480318,0.0187573244864621,-0.0583989431383277,-0.0178134379819108,0.00868288302788218,0.00636382864525514,-0.00334995897332426
-0.03093275089423,0.0221508440102825,-0.147486146617727,-0.0102276953001498,0.00828254867912032,-0.0695294593391488,-0.0033602866646343,0.0166520247584291,-0.00166487015269654,-0.00980155454023572
-0.0413424198630482,0.0365808266068524,-0.104885039646528,-0.0301117840786376,-0.00524660270561379,-0.0849491825880132,-0.00166814824946099,0.0298741015228955,0.00192891923712336,-0.0236273886315792
-0.0447461897255198,0.0390870870819125,-0.0841886806321216,-0.0366514108691323,-0.00665471134979549,-0.0887559885929601,0.00628498587213668,0.0225777990616505,0.00147088323726341,-0.028366153397983
-0.037575418098627,0.0395945837494933,-0.0424716634115489,-0.0507557162649394,-0.00844211259133505,-0.087779950927052,0.0219895038535855,0.00782097552512892,0.00623316185930354,-0.0532535121300326
-0.0357197625800729,0.041825370387115,-0.0213822191664809,-0.0585550093094817,-0.00728956708982035,-0.0898798749986459,0.0251043261097515,-0.00524362924760483,0.00304521269442146,-0.0587906745989784
-0.0329178913168121,0.0404888829504285,0.00363813182502327,-0.0633843887788118,0.00384731266926221,-0.0864118155721965,0.0369246572420082,-0.0158026224652227,0.0114887546320617,-0.0743393517973064
-0.0180087470739239,0.0406145390709414,0.0357844804284339,-0.0661254781817043,0.00300126420944981,-0.0816884996538828,0.0392139852824957,-0.0265026386555947,0.0122792937139042,-0.0790514247745999
-0.0143557423799689,0.0437005373758925,0.0516557984871758,-0.0628621419441906,-0.000888259511550888,-0.0750470550917722,0.0335450736312613,-0.0393017750917742,0.0119556533942712,-0.0698038523442533
-0.0025136745276799,0.0498937575055149,0.0672597786474571,-0.0560370511505357,0.00177098782413127,-0.0663367520508076,0.0193314365254542,-0.0501752408890712,0.0175522320214806,-0.0563976929484989
0.00682849319407186,0.0643072204036444,0.0671867274200413,-0.048071354643307,-0.00202265478401318,-0.0674190027752804,-0.0147040497774566,-0.0567003800170935,0.0135139202439362,-0.0189671172100675
-0.00991518799989401,0.074700628057301,0.0557401177828551,-0.0393312349056313,-0.00961174631429204,-0.0764622045396605,-0.0390674524580157,-0.0549782034297597,-0.000562107355441271,0.0329085855887101
-0.012913107298831,0.079284624323259,0.0449804833239232,-0.0333959180203615,-0.00775860865943877,-0.0674464672056288,-0.0689340692695572,-0.0522958266658704,0.00099865283369683,0.0574075394445591
-0.0234228487660651,0.0776176951509596,0.0266983820533443,-0.0247904831284381,-0.0187199289475274,-0.0543835769160822,-0.0990083774786689,-0.054881177529942,-0.00738982823070105,0.0911010501709527
-0.0353868046199804,0.0630670567619635,0.00279853728773281,-0.0156748996835231,-0.0323629969134717,-0.0440386489864745,-0.131808975989578,-0.0497933980611524,-0.0200166917450959,0.143868710382012
-0.036138835438543,0.0480046019692854,0.00293968622263505,-0.0128011793964876,-0.0298524753392677,-0.0482337822471848,-0.126403160812966,-0.0467492647190365,-0.0272666675306108,0.172154190424526
0.0242599150150561,0.0445349476895635,-0.0743587588125417,0.0323465318501186,0.0248137444742204,-0.0677840006606859,-0.0189544555311934,0.0200706441371549,0.0214505217338006,-0.0244444965476487
0.00954348104265699,0.0566200068095757,-0.0711775239653407,0.0441094681971999,0.0176057759441056,-0.0810523395121577,-0.0206025353181477,0.0405690639997304,0.0187334136764109,-0.0192806281455719
-0.0115613491856699,0.060685198309666,-0.0668136183210402,0.0340452024370788,0.00308094808438762,-0.0888019734590859,-0.0196974319824283,0.0448378576432773,0.0116166914332118,-0.021123513889074
-0.0178856004701663,0.0625028938773085,-0.0450989086071324,0.0164796010554137,-0.00278627695533396,-0.097018295258349,-0.0102162454996028,0.0455351757947681,0.0139406156690532,-0.0362956259914644
-0.025563774083595,0.053218648468019,-0.0332850699971667,-0.00207339657818933,-0.00609576254206238,-0.104184868899078,-0.00134880729345489,0.0462177518106545,0.00954965749334124,-0.036154857500257
-0.0278977224352684,0.0295792302847845,-0.0210632720416585,-0.0473616579661845,-0.00848877477033906,-0.111427481529128,0.0113172698892417,0.0431484618020269,0.00647037579298283,-0.048782478897003
-0.0303126374253554,0.0275666661540312,-0.00647503296319464,-0.0603582609320945,-0.00364817389862392,-0.115556722645742,0.0202331740928055,0.0326408663098493,0.00588868611248929,-0.0537910281492293
-0.0241081443534422,0.0176745196839939,0.0173155438163502,-0.0723826807902002,0.0021649921363769,-0.113350535056183,0.021610165049399,0.0267125152322292,0.00867721152263536,-0.0581283187249656
-0.0150621537463696,0.0180009822950147,0.0406999738712276,-0.0803260454209093,0.00531115014253089,-0.105241597155124,0.0251476493775055,0.0133891928789765,0.0163641267573466,-0.0696793906902315
-0.0047489903640989,0.0257819226683074,0.056391513425007,-0.0728804190423076,0.00250463019565881,-0.0933864971981353,0.0132498214264386,-0.00766092582186608,0.0195334673539211,-0.0643024970831872
0.00606479580426206,0.0285700406199482,0.0693272474033571,-0.0684433080551252,0.00514291828680977,-0.0804438366653865,0.00303964660225299,-0.0253187134979401,0.0237636536196804,-0.0616406647358852
0.0122989268262274,0.0317228635809907,0.0680359428043166,-0.0607683611205685,0.00180136279992706,-0.0738435172677263,-0.0277453221914494,-0.0355340538221711,0.0204156996107225,-0.0383134363013209
0.000521864343679616,0.0624795050562184,0.061083981258231,-0.0462648828435511,-0.00176724627679531,-0.0735180922195762,-0.0638926683047928,-0.0521959491980944,0.0085289593691101,-0.00571537719000887
-0.00779495425934922,0.0701484177993848,0.0479066752585703,-0.0371358196693403,-0.000468681108716213,-0.0713326760495753,-0.0943996166668156,-0.0495228755002302,0.00317939585321225,0.0260692355065906
-0.0229734214463786,0.0756801750381169,0.0317983476576907,-0.0248927493341434,-0.0110994502891387,-0.0521519457798091,-0.131015030805833,-0.0616161295999575,-0.00522423275955433,0.050057807115224
-0.0340410152450781,0.0665658397402734,0.0135716610865134,-0.0126543924125187,-0.0284171669264498,-0.0278013649073931,-0.174805688855599,-0.0692997874581979,-0.0178969998193997,0.081513416615987
-0.0297823175966394,0.047199267045006,0.00569953099962203,-0.0151483259649237,-0.0276670852284224,-0.0324512806762969,-0.169881259457711,-0.0568973587950799,-0.0185802972697464,0.109141646360078
0.0253919403415674,0.0707766774953799,-0.0302960062614874,0.081559288124273,0.0231497212161222,-0.0760633246450472,-0.0226994193959455,0.0398095926680775,0.0321993640818233,-0.0346719205078416
0.0121480478810377,0.0677239892463843,-0.0349900933096827,0.0767856272742113,0.017185322489635,-0.0840090159012759,-0.0237025496307517,0.0510109533737346,0.0283991521180981,-0.0326214124581795
0.00252616699702386,0.0691199092544736,-0.0223920032462117,0.07487628792144,0.00123348588434609,-0.0932826452234236,-0.0177918859603077,0.0626926063099012,0.0256926167152534,-0.025723033149803
-0.00639141901540989,0.0592666721376005,-0.0136867167704146,0.0540572733069829,-0.00681978828749041,-0.103012940339017,-0.0125363701181134,0.0671024665633555,0.0206990260107823,-0.0250370298611458
-0.0153988683343344,0.0526581022979224,0.00202548548582857,0.0322021051225369,-0.0109273608303912,-0.111550807347259,-0.0058967752259639,0.0673751581535575,0.018502728985436,-0.0343085839551564
-0.014359941355092,0.0229760000753461,0.0124637151688654,-0.0197596651190451,-0.0119845562501361,-0.116132701612632,0.000207517389906025,0.0686353157419201,0.0182177154471609,-0.0422121394220333
-0.0157490509083399,0.00678769292526308,0.0220239920585288,-0.0417579170910159,-0.00877940979164153,-0.116576356634087,-0.0016730064697846,0.0627889470130233,0.0132382185659802,-0.0409346664715312
-0.00747752464797431,-0.00902626818214032,0.0339504689491675,-0.0635669754676199,-0.00713917328558001,-0.114498546174718,0.00340564623657748,0.0570144030074383,0.016658145222993,-0.0414150528746558
-0.00688350497670221,-0.0184052716502167,0.0496728188675062,-0.0756814249144334,-0.00342145970118722,-0.10809578664611,0.00653536596021707,0.0383393357263969,0.0169674635057297,-0.0517620545921227
0.00129588940857514,-0.0190009456198399,0.0558589769353835,-0.0795131563064286,8.22859774060377e-05,-0.0990975861440097,0.00846550907525505,0.0181596177800765,0.0195459062276587,-0.052929611422119
0.00800148209487614,-0.0237817220455597,0.0631136332652234,-0.0787461399669385,0.00203185914447844,-0.083315890668474,0.00056292587531484,-0.00157178269933353,0.0258182365519536,-0.058636539283418
0.0165313290350154,-0.0133160412565875,0.072359246938468,-0.0639018279227009,0.00351080884279419,-0.0648379383305302,-0.0304769329851081,-0.0216647295963884,0.0258548494841754,-0.0526207960079465
0.0101484557660362,0.0186359560378764,0.0688629317753627,-0.0453697909699509,0.00927104000480393,-0.0526101894919392,-0.0727588716778069,-0.0473924985705161,0.020807757704023,-0.0389226365974621
0.00144243251947005,0.0371278852550839,0.0611254146415924,-0.0335910106420804,0.0125432605117601,-0.0358680628354465,-0.100695762032571,-0.0614351751498142,0.0250270538154325,-0.0387152105641558
-0.011609634762256,0.0523211474336656,0.0480749604314719,-0.0164221076141249,-0.00152516885576192,-0.0192294988549367,-0.140566338660753,-0.0716331847092158,0.0152649879596141,-0.0153012223476812
-0.0255879735883256,0.0531218017400015,0.0243820556323312,-0.00376689531132632,-0.0185952215314794,0.00516620567501723,-0.186075331458238,-0.0824464159683303,0.00859906608856728,0.0132547662182996
-0.0260220656982004,0.0466392222500122,0.0171012779938098,-0.00539320763207769,-0.0229746585577229,0.00854650627145924,-0.194585613984297,-0.0799288716944029,0.0081436847961087,0.023954108321449
0.0148808089615037,0.0756956438533652,-0.0188184532027601,0.14586543335647,0.0238296386627068,-0.0480398956782244,-0.0256358977039873,0.0131549003416376,0.0261122098245775,-0.0387215348314168
0.0174507431743602,0.0729272997193528,0.00619853373429085,0.160004265251668,0.0105915860462774,-0.0543744115151504,-0.0187714045847104,0.0277189768159437,0.0302705369802948,-0.033971194018309
0.00229720241782333,0.0702611365065617,0.0108271391228928,0.135677860386039,-0.00321796171368938,-0.0836173888265489,-0.0109445364891233,0.0608592396276479,0.026263832634629,-0.0226002809726262
-0.00523347216545228,0.0523963638368561,0.0184357431137239,0.105864092097801,-0.0142572104523012,-0.0993496288038568,-0.00461728042070308,0.0802125201486873,0.0225277963962068,-0.0187917529827112
-0.0125590101996599,0.043175946271407,0.0317411002833716,0.0707481400532016,-0.0161648852378767,-0.112413950037064,-0.00268003434046359,0.0904345850664167,0.0238115464641137,-0.0255321347389136
-0.00472043282197942,0.0232988884152456,0.049226974466626,0.0472148662478799,-0.0201887931933651,-0.114175589363759,-0.00232219700056947,0.100160717288281,0.0288181886692856,-0.0284572685333437
-0.00558002178944131,-0.0310414634563099,0.0327009816262371,-0.0276690383507755,-0.0107774195972271,-0.111669012960068,0.00747874138191951,0.084806194768408,0.02223692014672,-0.033782340026309
-0.00420144649885136,-0.0466293952999349,0.0363039199588269,-0.0484655969992004,-0.00996884139287493,-0.109272503192085,0.00796411884538888,0.0777035186655551,0.022412703573756,-0.0337320519962269
0.000584625626506459,-0.0761060695644381,0.040139368210901,-0.0784185291363617,-0.00694335688174835,-0.109098389559604,0.0150273787356366,0.0739821986954158,0.0224528515902433,-0.0280657901887768
0.00270337672333468,-0.0859405667227413,0.0367815401200169,-0.0867018296578332,-0.00975894904797572,-0.0992973590431014,0.00115393072353077,0.0547108118058648,0.0171637731551156,-0.023397185830517
0.00383150111907945,-0.0948011365564842,0.0404217486082546,-0.0803134058220247,-0.00721851317770235,-0.0760234664826479,-0.00500746005599122,0.0287421031241206,0.0187057497260989,-0.0259570993746512
0.0140875214303304,-0.0882658870775959,0.0511884287770277,-0.0652543141483082,0.00197697233667631,-0.052390364763529,-0.0229746273642447,-0.000319113802954086,0.0246057160714462,-0.0319473733211863
0.0226825795227074,-0.048463352744889,0.0648193367226087,-0.04136517918525,0.0124062039432256,-0.027437363737667,-0.059769379902501,-0.0390578942592481,0.0316471313940292,-0.0516529580014333
0.0100387708891436,-0.00450626383234509,0.0564182796670093,-0.0263057803749577,0.0149914736082831,-0.00159824716809327,-0.113248712425591,-0.0693273878554301,0.0374754441074257,-0.0599693986874623
-0.00380094894074794,0.0228401656281714,0.047743904623049,-0.00767352782634046,0.00455797498055219,0.0195116309125769,-0.151455562596256,-0.087447245840569,0.0334668948195853,-0.05822277384511
-0.0152851540074148,0.025395889244715,0.032472509103874,-0.00186957569378421,-0.00724148707714757,0.0376711171818529,-0.179960769802165,-0.0975336798536832,0.0285319656341134,-0.0399054515036343
-0.0210062586849028,0.0323940767206218,0.0199817234057581,0.00186465497093566,-0.012339436130893,0.034331628595076,-0.1938093578195,-0.0905634097735863,0.0264265671254566,-0.0269105948864565
0.000889797412722317,0.0445140585276588,4.28734425682968e-05,0.199088358489416,0.0146277094969898,-0.0174358096450976,-0.00499919907017077,-0.014415159642268,0.0144604365556742,-0.0320021610632524
0.00555634336202102,0.0412573422288995,0.0159002555706167,0.207274996639133,0.00966504158478684,-0.0216865599514301,0.00242487617976261,-0.00582195004239214,0.0195594629274221,-0.0328808557627263
-0.00104859846122371,0.0288312838505574,0.0172085913249475,0.178267690889775,-0.00107738027123464,-0.0450400631263206,0.00798847739473315,0.0174817062325273,0.0158988792126702,-0.0222931169902127
-0.0109865826741275,0.0176436626131838,0.0253954197975157,0.154684380045406,-0.0194301327043908,-0.0642608196764182,0.00901919378873046,0.0507748848732337,0.0113471561081864,-0.0149765163775242
-0.0184352857620885,-0.000861198492998385,0.0331046654156176,0.129438831952792,-0.0183557735037771,-0.0787139799170347,0.0166810257350447,0.0655599247931713,0.0112381265216986,-0.0100603584941748
-0.00754681834278218,-0.0322287250276704,0.0410737014964281,0.094592992741414,-0.0206720923755319,-0.0860219154357239,0.0192875338094814,0.0835427535218338,0.0153940279805655,-0.00606746182150567
-0.00737508299245823,-0.0778112703148354,0.0210214032183976,0.0167642004982117,-0.0112366346658703,-0.0922764986818324,0.0240716094616378,0.0844538988176445,0.0194272287754254,-0.0104140028150539
-0.0122484529367767,-0.0953079567317367,0.0170132629100872,-0.0289279496284662,-0.0172912567461328,-0.10457645229148,0.0190109369668529,0.101121754483042,0.0192437620967874,-0.00890987534303255
-0.0117851420401286,-0.132919418288788,0.0153685860504,-0.0687490270470698,-0.0178647040818044,-0.0951553734762573,0.0187894871765478,0.0863054774048412,0.0148253082895945,-0.00762963542414374
-0.00351239758719733,-0.141647309689039,0.019436277559606,-0.0687159533539994,-0.0126044255534395,-0.0790206349787388,0.0106192527850287,0.0600878274874699,0.0155096601741728,-0.00845554007423148
-0.00342598885739597,-0.165801431349598,0.0167482690244286,-0.0484627042728341,-0.00745972704885105,-0.0427928836493819,0.0115676507846337,0.0154281536577803,0.00709038790768181,-0.0110732920428117
0.0127322735981861,-0.151532966138605,0.0289867495114148,-0.0339076954567066,0.0103003925473137,-0.0179879607768189,-0.00969067483426541,-0.0214633965769766,0.0144015825556312,-0.0232747936564139
0.014456047555512,-0.122612614129334,0.037265843609714,-0.0160395051449023,0.0174050570794472,0.0040006072623983,-0.0370743492139617,-0.0526859956372269,0.0199214996313747,-0.0370975198335403
0.00753232081798487,-0.074100009899464,0.0320803449066171,-0.0225544996405279,0.0147696990611842,0.0275731973563744,-0.0966906796912362,-0.0768388046986449,0.0326476090908332,-0.0631522516539908
0.00562248170303817,-0.0225062828215539,0.0423679877378194,-0.00374465388099318,0.00708764118009307,0.0384203005970153,-0.136375422439255,-0.092358108221455,0.0376930983158923,-0.0682649468728871
-0.0092919768252931,-0.00743532714380895,0.033420305753925,0.00591428451659232,-0.00384584205149923,0.0505739288628504,-0.164831225423308,-0.0992194567310451,0.0352871173891726,-0.0544721362080842
-0.0187970830795021,0.000176889914464078,0.024331382500265,0.0113742059815096,-0.0166605195048366,0.0597175628465962,-0.180945303328124,-0.104789521291454,0.0332062437364796,-0.0399745351124202
-0.0101937200125065,0.0198106237135711,0.00945165743180611,0.243178930504665,0.00565778240507453,0.00690821619664185,-0.00352946853369742,-0.0327225367628819,0.00155144471753007,-0.0181954124098665
-0.00515697762029782,0.0170606703168712,0.0180878164762804,0.234225387046886,0.00334103933626579,5.70655507629355e-05,0.000896526340196387,-0.0286262264756267,0.00560652052500087,-0.0230288571745624
-0.00917061862621154,0.00338548538339853,0.0170587121956768,0.212415146333688,-0.00362627688337425,-0.0166952019232648,0.0138033068837567,-0.0094444157243438,0.00331353654495329,-0.0171678179585758
-0.0103791585778181,-0.0142968172186735,0.0243378881367905,0.181214878495489,-0.0154418726869805,-0.0342856677248135,0.0174262473954539,0.0166913478762835,0.00219831921326112,-0.0056207858309272
-0.0209396798625951,-0.0408062672668208,0.0175589427559354,0.151211604757115,-0.0157847532786958,-0.0461723637320514,0.0161598293885706,0.0328754111565357,-0.00294556719779159,0.00665904092144134
-0.019597906092001,-0.0771394040027576,0.0119290927377349,0.114635145387829,-0.0178323816767007,-0.0543448709652253,0.0260590005975892,0.0504427766516857,0.00123016503851777,0.00758252763200352
-0.0133112639134065,-0.122521357641235,0.00769934491779665,0.0601406252685026,-0.0192863969105059,-0.0606846808879243,0.0371572392864906,0.0661378280562614,0.00634224626888848,0.0117720711408654
-0.0177210053893958,-0.13665351490748,-0.00151637519124577,-0.00106095271681276,-0.0287224255016791,-0.0755258410739964,0.0157824315354396,0.0839625439907981,0.00605238397032282,0.0129187782755695
-0.0242810427859686,-0.17309844203568,-0.0157956489337692,-0.0415372106664619,-0.023853915304545,-0.0671284777003251,0.0121077185325671,0.0688969535782367,0.000186201798989585,0.0136261453491974
-0.0183154060615504,-0.188219044305208,-0.00730311436265495,-0.0410506689391139,-0.0166022385944672,-0.0471013590405097,0.01088163748082,0.037044797975136,-0.00402172279762846,0.00891870125429269
-0.00792178275288873,-0.203568884950845,-0.00324561974885102,-0.0234570765917544,-0.00496432245193989,-0.0134381160299026,0.00798791551831812,-0.00710187500322344,-0.00431788624462989,0.0014341331985409
0.00104874115854313,-0.191951910835776,0.00701853829167957,-0.0163223588637678,0.00607809763307237,0.00745618405819657,-0.0106856606495941,-0.0351787650810756,0.00313041666154485,-0.0120163502749221
-0.00304654148686198,-0.177472176868378,0.00925516205037656,-0.00719968554716778,0.0126322249297618,0.0239454787421654,-0.0306839487875464,-0.0574170729631847,0.00337331555202942,-0.0214268140775555
-0.000213303907242602,-0.125842294568549,0.0159418131996563,-0.00379989567938529,0.0120124715475575,0.0371012685479549,-0.0745381417074432,-0.0785250410147852,0.0153803094473248,-0.0460883411169364
0.0057890683805637,-0.0817749068714498,0.0265957352205125,-0.00408183056850897,0.00861873232624169,0.0416142504805568,-0.110552999373954,-0.0834332631358669,0.0288883198504898,-0.0606707447654092
-0.00719118835876772,-0.0500964806952097,0.0292239210706931,0.0127190459916084,0.000542457439169159,0.0594158932134166,-0.143174462098099,-0.0981863448407399,0.0319698467106384,-0.0637154892819249
-0.0149759704332765,-0.0430389277640508,0.0230544340517126,0.0151606716482085,-0.00960298736073888,0.0606721614713435,-0.148716337097334,-0.0926733024840485,0.0330704755456835,-0.0439865384798986
-0.00640487543033302,0.00606074670998254,0.018575045361145,0.250294868563717,0.00147820303341942,0.0185885735319293,-0.0102494932797898,-0.0423335076596365,-0.000747246298924671,-0.0131740238322174
-0.00490152542818231,-0.010041348238922,0.0223811397004671,0.265347739992129,0.00021946224483506,0.0293846999834122,0.000284088903467889,-0.0492709705084884,-0.0028254869218847,-0.0126821856577865
-0.00914260811432253,-0.0298455512281852,0.0157096747419678,0.246337289089751,-0.00664738599640354,0.0177503264508782,0.00989915977004729,-0.032684169279505,-0.00449840761578979,-0.00538193343333334
-0.0168899183028653,-0.0512734777586182,0.0128211597916991,0.217769222277433,-0.0150179360031624,0.00534918301702698,0.014773301901106,-0.0110950197727774,-0.00670064993116149,0.00402214046083811
-0.0207919357522943,-0.0677353945256339,0.0105610819737517,0.183940467894711,-0.0181568340681051,-0.0114937097172211,0.014022568545812,0.0124392850430978,-0.00604124269789089,0.0152845556790133
-0.0209264774310036,-0.111326034497784,0.00596383532541201,0.13219115150097,-0.0210002649907835,-0.017367925530607,0.0242639711138906,0.0248598261222257,-0.00238954127366297,0.0135307527790332
-0.0207720785635644,-0.141218755441321,-0.0051645038432166,0.0705543744913245,-0.0220356525477204,-0.0346171500135022,0.0190423758809988,0.053736159138146,0.0064448261768035,0.0155658405006958
-0.0167072053342524,-0.173174630193426,-0.0118997938616872,0.0129658677837956,-0.0253409866503029,-0.0375321717795959,0.0140012676244559,0.0474077296879631,-0.00201937843429482,0.0153013352488623
-0.024845134281798,-0.192170509759599,-0.0236614322474866,-0.00021501542627975,-0.0205504853176515,-0.0281804504960927,0.008063993932488,0.0286911316379194,-0.0113261159201727,0.0188604065938663
-0.0187035483808056,-0.228726146504631,-0.0225901466954798,0.0136589641083447,-0.014426049971633,-0.000628948349179138,0.0205377859501643,-0.00643423650447714,-0.0189278559017857,0.0215113807837502
-0.0113179767671218,-0.23247403232382,-0.0191691949734464,0.00938831912498056,-0.00395935734711766,0.0183888100434312,0.00446595078814851,-0.029714225664519,-0.0139310087936226,0.0117052144617043
-0.00363301981018102,-0.222063516888208,-0.0119186829291374,0.0137235438497824,0.00200675668935667,0.0398516896441532,-0.0127594538920797,-0.0503952073292951,-0.00444304449974697,-0.00278808460440099
-0.00578345479882236,-0.206613777732746,-0.00957789949031112,0.0145521813276899,0.0083740552881753,0.0504020827254078,-0.0311742779146515,-0.069593902181456,0.000143836602317709,-0.0137341832425651
-0.00500294415760684,-0.164471881528482,-0.000353208172216599,0.0220186221306376,0.0111123695702237,0.0617377486444644,-0.0630830944401144,-0.0879438853080139,0.0116821431628303,-0.0342105155022327
-0.00117069245375012,-0.127013715507166,0.00230041906202434,0.0133178097343957,0.0120564037824563,0.0639504352782487,-0.10548304465555,-0.0948999756098952,0.0226517301475401,-0.0483326716404883
-0.00236238536630658,-0.104224920769312,0.00747426014655007,0.0207486317879001,0.00697183336546753,0.0741043562084716,-0.122742891214712,-0.0998743532986966,0.0297495619099941,-0.0556971342696131
-0.0055955421584291,-0.0744603273747872,0.0119917195533518,0.0160139902930905,-0.000746781993499172,0.0683688861314256,-0.146420409415523,-0.0888716873240759,0.0363441711919454,-0.0535070482043667
