0.00746900566596039,-0.635284911482825,0.112649572790146,0.0349034553199357,-0.00171986190791486,-0.000954967980227346,0.0370520053114079,-0.0146372370814131,-0.123936862079789,0.0580804158072079
-0.00342997980543031,-0.480268404468081,-0.0905098398688466,0.0058613969347315,0.00231415642668614,-0.167993178767655,0.0800033403689599,0.0260464428932563,0.00371982292648294,-0.00916020113160163
-0.012321875130233,-0.224884868733539,-0.141937930475928,0.00328382429978599,0.0129528222631106,-0.291305759710246,0.102012418172913,0.0250090204161789,0.187652482658541,-0.0319251693157614
-0.0010191065083712,-0.0263061142599924,-0.00747749160684388,0.0467161668711904,0.0212708475751073,-0.359791114858824,0.0525828882156201,-0.0294292512513552,0.291998914465124,0.0144550541249826
0.00152595897221812,0.0380819814033743,0.157252196794638,0.0856403006193787,0.022714635081133,-0.282175033410959,-0.0135310925481867,-0.1888648715564,0.2411717564613,0.0850796858233472
-0.0341765048169422,0.00744381757923696,0.130211702166608,0.0861737280066009,0.0113379340262814,-0.153740278591912,-0.070873634434161,-0.394984974113448,0.095635746230026,0.101876069123226
-0.0756467216799572,-0.0541903872833166,-0.0455867023325977,0.0574350415485605,-0.000870831452872919,-0.0420584638744545,-0.0836970086277387,-0.559735053370345,-0.0572917540979051,0.053692342139293
-0.066729576047736,-0.294236409600001,0.146422111103181,-0.00624137097548916,0.0781817279736348,0.322534984833432,0.174885483056341,0.0302664043248647,0.0880140729179576,0.0258654688664236
-0.0911695419722256,-0.131618363322226,-0.117174195005259,-0.0518138107270147,0.0544273511488012,0.124083461627862,0.243575026706417,0.091503715965184,0.137953222078282,-0.0232682842461908
-0.0808434972773973,0.0459024575105566,-0.167605845495008,-0.0554474705291345,0.0277928642209553,-0.0619406085407009,0.266511277176432,0.122208460486416,0.187662576612804,-0.00511103866925036
-0.0402785555142231,0.187600188918747,0.0049310784302684,-0.0124777386915651,0.032303693561413,-0.164095072687721,0.237861096603338,0.112165760249361,0.212929231361736,0.0346826684332894
-0.00763722334137962,0.222791205254237,0.193701732418574,0.0233367095375332,0.0383329448645379,-0.111939109245097,0.197965076662273,-0.00631365868650992,0.125668904647683,0.0782713836060269
-0.0149912964204119,0.154385001007205,0.154494922246624,0.017384696190073,0.0400536178637911,0.000158700003157475,0.152330438489982,-0.218913785133869,-0.0357363805158691,0.044753421427827
-0.0593302186223311,0.0801194824447225,-0.0850349968469195,-0.0161951675572789,0.021862779778463,0.0982529014740834,0.128227653973238,-0.412039307683655,-0.170238120350568,-0.0459658251360691
-0.0919645265555069,-0.0365940821650993,0.100670890508613,0.114267642494605,0.04553935663335,0.416818312883972,0.101935748717165,0.0172812078161905,0.167671831930358,0.0955688807766987
-0.135458596575488,0.0490288389482586,-0.166983271854555,0.0638248566448178,0.0150919756592275,0.208894840951014,0.137496859181964,0.0741745171095551,0.101165414023243,0.0780763951148533
-0.125978270010418,0.100230081833082,-0.207108321890684,0.03157604814724,-0.0220222313193098,-0.00363856169413613,0.165876162794532,0.144590035527393,-0.0261585385842797,0.106773171210144
-0.0688293638948788,0.137085588344929,-0.00233531073399932,0.0395123601919014,-0.0268079339238614,-0.124645535794004,0.173864500993127,0.183906150953447,-0.138642717215872,0.149841876545611
-0.00937405005340662,0.131054646502721,0.228675507099916,0.046955362277413,0.0204363137476118,-0.0749265034525748,0.169210577351646,0.122349277020179,-0.192793095716995,0.102079376854382
0.0045013883784947,0.0981587955307215,0.165493335263634,0.0130880433898274,0.0549822823449339,0.0296103440222253,0.184002578259066,-0.0375988408434178,-0.237502504601231,-0.0470204298178215
-0.0158673493829085,0.0610249442750545,-0.0877096543810003,-0.0117289485749543,0.0479071898021736,0.0921906749890649,0.184177264941618,-0.188054904557349,-0.273562522333079,-0.202642661721047
-0.0101431613172627,0.0344309426508115,0.0370589239175283,0.257277075934523,0.0011731191757288,0.308525578458759,-0.0675556526704387,-0.00030574309374379,0.107613658016865,0.139277000989582
-0.087263569210307,0.0464054139140609,-0.205409728879729,0.208447057528338,-0.0158367829820061,0.114437213587196,-0.100941310452421,0.0362296332023418,-0.0253729400529126,0.152197430863524
-0.141529946060402,0.0317955703828695,-0.250251708340713,0.125317738703026,-0.0203274524249835,-0.0631019711881941,-0.110150137823991,0.094143848687472,-0.176549308523114,0.17213954203836
-0.119197480962647,0.0104835961193494,-0.0274787960939412,0.0590995161974253,0.0228033935841159,-0.144473491224742,-0.0911204202694005,0.152481388297721,-0.261954294955854,0.151567202397887
-0.0540584869137523,-0.0032169449001735,0.219292386687219,0.0441355105306995,0.0753841423531524,-0.108114288592176,-0.0429814519466669,0.161942805099837,-0.267888188253299,0.0383429863687548
-0.0188032026512794,0.00066146044827627,0.153113823862575,0.0368500265563986,0.0966615363688097,-0.0267782427556445,0.0137922614698067,0.0715436874717775,-0.20654900235148,-0.196677299159538
-0.0147091670301226,0.00837260822851636,-0.105398590008903,0.0261746227311764,0.0635128370999762,0.0310941280970223,0.085760794897887,-0.0353923149800999,-0.207917754568038,-0.377305616345918
0.185522299742152,0.0402810587815874,0.0554188336978245,0.304732691921665,0.0523309576786713,0.156080914137319,-0.17638944708758,0.0154474417384585,0.126444467535275,0.0545947666798818
0.0474411604870284,0.0421001231334179,-0.179781019331285,0.182305954541123,0.0820752816933119,0.0368058261073294,-0.231226235770699,-0.000417290621269612,0.0259433264627568,0.0648326140404454
-0.0852827628973226,0.00533338174025088,-0.228859722143482,0.0535087656783539,0.091029060155802,-0.0787327127408142,-0.26892262682847,0.0368356317853684,-0.092484592801325,0.0829662278673419
-0.12672659656368,-0.0159780754033875,0.00692285084180823,-0.0570643228336191,0.122941030591114,-0.0957031326598877,-0.243257991599848,0.088320698995205,-0.114090018235171,0.0626258588462529
-0.095494157187741,-0.012625118330611,0.255800889608963,-0.0297929399858843,0.138308689603472,-0.056084173139655,-0.212202640325777,0.135833954114953,-0.0169327435831337,-0.0857967963497768
-0.0544599792703267,0.0120136822818647,0.166889080338995,0.0337987312349022,0.0784481247238567,-0.0199884974428155,-0.137392245090885,0.105755903664287,0.0632046334019481,-0.319838950690295
-0.0271249706084486,0.0358025672416624,-0.104427196508334,0.0747602664020936,-0.0149870273320462,0.00357603792113454,-0.0422515049294808,0.0294400800296494,0.0598942661992661,-0.499255436545456
0.405864755379199,0.0418754366225583,0.0635366222665134,0.17699076312481,0.0660154139689587,0.0583734698087265,-0.088384039017563,0.0399595725148825,0.0876367679182779,0.00192377038952991
0.232731309838813,0.0468331517252925,-0.133870687118599,-0.0170617385468205,0.127316336654832,0.0183617096118233,-0.122198096213217,0.0012427247226805,0.0671444602633529,-0.0135354167501709
0.0336025449748273,0.0513479844020252,-0.198261784936072,-0.220903191445557,0.179492750779237,0.0238723829276772,-0.155370510634435,-0.0257524894291158,0.0583379343073279,-0.00619708860391031
-0.099109605066248,0.0312262705821904,-0.00841710048771115,-0.31061796408605,0.166176849725305,0.0489760037074406,-0.182544329074526,-0.00068243318575706,0.0702190984197807,0.00729030621265721
-0.110057354273524,0.024555046261243,0.221806321689063,-0.207962273292824,0.0231360896052527,0.0679401830482311,-0.18080580899993,0.0507252712061472,0.110905125191767,-0.0257756277587233
-0.0696758502386351,0.0345269409874189,0.175712480760623,-0.0544313373632551,-0.166487962181158,0.0465545165228985,-0.138456995910603,0.0639497046885003,0.152426580245934,-0.16999347198192
-0.0246220535020252,0.0611549589864844,-0.111899458707159,0.060831909251369,-0.292863394429772,0.0134610112795758,-0.0485758405663768,0.0316896856816209,0.129246625267234,-0.357088621737379
0.580365469638218,-0.0283349862140217,0.0659779469550863,0.0283572735003385,-0.0625537927709973,-0.0253461642749262,0.0772540285103046,0.0795072529209055,-0.107530927390488,0.047799681789367
0.420720265120632,0.00343483397702138,-0.101285293831188,-0.163252734503755,0.00988076477310615,-0.0169528621131904,0.0578651014698499,0.0299857482439781,-0.0738169168525308,0.0284567829100882
0.19668113324504,0.0340118340385168,-0.162255563651594,-0.379306520939988,0.0672973168473935,0.0574266407243989,0.0271550404620752,-0.0296117054300446,-0.00970321584124431,0.0376190473742348
-0.00298392238571842,0.0310678593315542,-0.0288960807944295,-0.434805771409114,-0.0233483694929976,0.109405549762896,-0.0417832137130355,-0.0423593233592518,0.0153930586629498,0.112773757879113
-0.0413615348220487,0.00246691385075572,0.145760293939404,-0.281234914010127,-0.252004805758862,0.0926982527338109,-0.0814094594914804,-0.000968203819710407,0.00418160693823214,0.151053755551426
-0.0146501178463564,0.00104575883535717,0.0926376484717137,-0.0859497931199517,-0.479963166849215,0.0327194142188399,-0.0785379469214966,0.00561702337673809,-0.017759509187343,0.0857977040089285
0.0158748809745095,-0.00059575791265851,-0.0884748605347365,0.0537404722825458,-0.631692575527309,-0.0383733286993338,-0.0408379828375539,0.00590833899220762,-0.0854236770529843,-0.00379671009985851
