0.0734645306977852,0.0348793468767907,-0.0714681078985135,-0.0707646192389224,0.0438505153816397
0.0792991328781721,0.0350714005896718,-0.0702200723472934,-0.0703167990318762,0.0457372006272149
0.0801984489173002,0.0335609075176077,-0.0685045564377215,-0.0705831436328565,0.0444001034592987
0.0803387355405208,0.034005677901222,-0.069380379061061,-0.0721842820661363,0.0418813669144197
0.0801565819962313,0.0356009626404006,-0.0698657221943881,-0.0760746314814099,0.0335864295945888
0.0763969514409581,0.0359618254225461,-0.0711130789605615,-0.0762672723926792,0.0298934211059925
0.0728897509660617,0.0394031156146509,-0.0743817684180917,-0.0786468533066966,0.0252325264559052
0.0687964106769176,0.0410951607066733,-0.0758613590540746,-0.080925355815921,0.0191798766976017
0.0654473341146806,0.041404065621681,-0.0779210218592363,-0.0846540748800117,0.0138858651034279
0.0630090524382031,0.0426094228586629,-0.0774031163696049,-0.0857801566737102,0.00313220060199735
0.0595044558413885,0.0461791530539251,-0.0796945581387039,-0.0902508887519049,-0.0113380459963505
0.0566481690637867,0.0481867342639652,-0.0794832424670945,-0.0933463906085561,-0.0240580573806488
0.0541796457203232,0.0490983944022242,-0.0783077632248402,-0.0961953299631012,-0.028777579956357
0.0491813809808321,0.0530962360312382,-0.0799360147327972,-0.103543700766562,-0.0375106019886755
0.0457761901915674,0.0506500586194404,-0.0791087533537584,-0.0978979116678875,-0.0403539230059882
0.0393664914173002,0.0530271635514468,-0.0818682895998171,-0.0951654302980123,-0.0469218245051024
0.0397418006664479,0.0528114513334291,-0.0822312935606767,-0.0934041283725034,-0.0465306462542086
0.0350906241343525,0.0512004286671893,-0.0810968665759341,-0.0912848306948083,-0.052215608143825
0.0315893367432795,0.0493803970007873,-0.0829896124068659,-0.0946523280393025,-0.0546607506364453
0.0280641248930908,0.0466463419614246,-0.0819708185767593,-0.091098151830499,-0.0553385830485646
0.0278498698126154,0.0457651627557566,-0.0810876536427785,-0.0881143623201496,-0.0591759375490032
0.0637012367177322,0.0175127952877354,-0.0574623580497778,-0.0351497994920645,0.0606975521726539
0.0675020190995462,0.0202883321930854,-0.0567481598032901,-0.0355901953049795,0.057816831915539
0.0718593520476993,0.0170483515663084,-0.0553957124423422,-0.0383744498496647,0.0559088566740475
0.0727654138397375,0.0180425171912911,-0.0546233516421141,-0.0371731824274308,0.0525211460556081
0.0720380721205545,0.0161766565941488,-0.0582296049153535,-0.0437862295048643,0.0449265934849295
0.0701901572481046,0.0177051346969207,-0.0589209392845397,-0.0453926467612839,0.040745989353544
0.0615514193833761,0.0219217071049635,-0.0632060719961234,-0.0465640270331694,0.0358037081453418
0.0570808746549869,0.0243572951560535,-0.0648060888993807,-0.0469836541741984,0.027972537843063
0.052363509492109,0.0274352008359313,-0.0655455454097572,-0.0502099248210046,0.0181784717286774
0.0508129291403458,0.0301760011340549,-0.0651630950275345,-0.051891170764571,0.00863690298786755
0.047667730480761,0.0322327606575362,-0.0680234767612808,-0.0553301019155403,-0.00667862740854891
0.0430153214277341,0.0297935623484358,-0.0697233862787741,-0.0562404550737848,-0.0192156436242164
0.0411223207247517,0.0310721540630432,-0.0680674322675526,-0.0580948052503541,-0.026858468700641
0.0377086009829552,0.0333733533766499,-0.071089678986872,-0.0642812760327036,-0.0348259159674503
0.032302274850112,0.0281620025566081,-0.0708160310988617,-0.0615567114540204,-0.0419882499999432
0.0260233814132853,0.0330555554644961,-0.0727015667751004,-0.059398045922843,-0.0470145784550424
0.0236070129824273,0.0354917147790186,-0.0749380592613037,-0.0597772370542884,-0.048266777809605
0.0168591275952554,0.0334295310494068,-0.0736851993012433,-0.0584479878104789,-0.0547145339866495
0.0156504815113418,0.0339731889572563,-0.0742318953721229,-0.0608987642505641,-0.0601022942075757
0.00916788354757618,0.0311843081704986,-0.0754067109032551,-0.0572443384642148,-0.0611637353013681
0.0079606046306722,0.0323733053069933,-0.0747081582501768,-0.0539262630423475,-0.0661414689050708
0.0568139561837924,0.00801019034850445,-0.0507951469586149,-0.016626105879038,0.0682492726083242
0.0612927485148112,0.010327721197554,-0.0504546194844663,-0.017116225597029,0.067760890985976
0.0637939671819655,0.00987828716465793,-0.0494592314704681,-0.015115820300868,0.0656879717620443
0.067214796755249,0.00458718136405903,-0.046627463724272,-0.0138779121175714,0.0620990936605661
0.0666413281370305,-0.00179216439115758,-0.0515178592320306,-0.0187770238700899,0.0513230125600771
0.0596721583990088,0.00269813100198776,-0.0513385512112624,-0.0187071334183291,0.0468756153932831
0.0537487294271414,0.00855188252125193,-0.0554075554103316,-0.0190828794091507,0.0369394333728173
0.0441224483556805,0.0132205894969513,-0.0600153587098869,-0.0196426506191488,0.0232299830627156
0.0400611287046698,0.0157350507006904,-0.0611215760648863,-0.0238634087043662,0.0172530429047697
0.0369428408718228,0.0141108722669128,-0.0624646871660774,-0.0241898445217378,0.00688488646690621
0.0332101416161079,0.0141477462079073,-0.0646814990512104,-0.02582694559387,-0.00856048315121371
0.0263388212401063,0.00979124435459755,-0.0698378397302429,-0.0272606610118844,-0.0233185237850989
0.0229663543367533,0.0169047250971882,-0.0686459097841558,-0.027376496036035,-0.027194275017944
0.0179656994093002,0.0178610783740453,-0.0693349861421476,-0.0298418252540035,-0.0343538340865357
0.00824683908457097,0.0140401769184617,-0.075849651611474,-0.0289554475938219,-0.0508802502130689
0.00274292954939712,0.0171255842036476,-0.0736548585163429,-0.0270930814106896,-0.0548545049745412
-0.00242597302741389,0.016613826294205,-0.0766934337603351,-0.0275778484997935,-0.063870022519194
-0.00810132825172563,0.0169837387353684,-0.0754279853495647,-0.0280592273559826,-0.0723727757877007
-0.0104874606673735,0.0189580823984263,-0.0744895946468551,-0.0291216674319845,-0.0792880617273589
-0.0260228862556774,0.0151414769553488,-0.0805829916351878,-0.0243646111395809,-0.0942379604738803
-0.026919662509528,0.01595117221346,-0.0805741026400463,-0.0223877346083988,-0.0979086814405809
0.0518348143359197,0.00188074345237844,-0.0392986650782959,0.00246011154132188,0.0696467375285147
0.0537646700434523,0.00456782191821697,-0.0397746838412744,0.00544806171181881,0.075188257730758
0.0552686754743038,0.00260394436217877,-0.041471237293061,0.00948213670128166,0.077262890488574
0.057466266291718,-0.00355388755133775,-0.0447609937646331,0.00886505969162729,0.0767698353203635
0.0571047288039975,-0.005225398334003,-0.04630632965517,0.00683676906597724,0.062985770732713
0.053855999773143,-0.0041185434545771,-0.0451706731295044,0.00874085619911114,0.056802614344366
0.0482303737708034,0.00253983788658937,-0.0459595293568244,0.00698644528357734,0.0470514090808965
0.0359792700355658,0.00443596314505364,-0.0508597185141681,0.00850798842639626,0.02716541893095
0.0307762737693653,0.00581948355595341,-0.0521092117055415,0.00606874120420861,0.0214507362903639
0.0277777949951004,0.00468568436367306,-0.0536901601172774,0.00287854584411199,0.00935859359530682
0.021719849575749,0.00566333604274476,-0.0570684223578743,-0.000824242383115027,-0.00387623842769612
0.0128516840666077,0.00283378400976459,-0.0634015761042947,-0.00169760699363877,-0.0228979121194004
0.00972833230060137,0.00777046874499638,-0.065282759465077,-0.00334863365179771,-0.0278390353700862
0.00610008564053666,0.0114731327321537,-0.0656855333020632,-0.00668559491534786,-0.0372598581995262
-0.00214839474174335,0.0112372396093037,-0.0690285517647116,-0.00614071064453946,-0.0515549665081483
-0.022591564963619,0.00538039119922774,-0.0749633808395997,0.00168383017308769,-0.0719364863676117
-0.026495457177215,0.00796017914379504,-0.0760722956754204,0.00265178699035591,-0.0766583753653171
-0.0358701419896976,0.00555294402669033,-0.0772558224034882,0.000888349689885925,-0.091667506045429
-0.0369827714853513,0.00591890687504293,-0.0765735536474902,0.00124095348215551,-0.0940576001800644
-0.0486258411587533,0.00328156281530662,-0.0789569248949419,0.00469099629414772,-0.100613412007716
-0.0494077978226518,0.00414637678550355,-0.0786129190714973,0.00415913443735557,-0.100987921679871
0.0502340504374228,-0.00197304312978615,-0.0292432344736406,0.0135859562777848,0.0692059916364376
0.050110216427232,-0.00114411418161177,-0.0310350506974661,0.0214176980315252,0.0757898950368026
0.0507274251103082,-0.00390178910223616,-0.0337334843421054,0.026508850444875,0.0834878710230861
0.0509941546510514,-0.00519629051949388,-0.0363707217095257,0.0265332923116161,0.0831924626353769
0.049450791475072,-0.00536982269771731,-0.0381696342855357,0.029753628056079,0.0758656196768628
0.0462845743523613,0.000456255267781596,-0.03589564963083,0.029793765746874,0.0654214220210845
0.044167532254633,0.00197610735528239,-0.0347429253113387,0.0311806344634835,0.0541174403266998
0.0358389006449881,0.0025386581208804,-0.0391839936875033,0.0309174284187457,0.0409369637244607
0.027957548995169,0.00414307774624594,-0.0422180308742343,0.0269657427630259,0.0319960824403618
0.0257256596213873,0.00191125803873447,-0.0419664133184988,0.0257324573944001,0.0240522340769754
0.0129786080970202,-0.00145203750554329,-0.0481092364261405,0.0278457539704802,0.00505564597931703
-0.000816594627298316,-0.000788677683568699,-0.0544743816311188,0.0262766868920944,-0.0178081712360032
-0.00650300948033522,0.00237288163640202,-0.0579650100844051,0.0223904059284789,-0.0272608997197706
-0.0278922454749689,-0.00274161756300755,-0.068784968494845,0.0285063645237218,-0.0544140942816206
-0.0348685981162548,-0.00277477430412949,-0.0729490640801093,0.0293535824065817,-0.0658375240905184
-0.0431026476508756,-0.00184965595723253,-0.0756193004749494,0.0271829337662696,-0.0744457990937409
-0.0473953186905134,-0.00112268670377926,-0.0756260192971266,0.0271911491222383,-0.0794923949256391
-0.0513087155130726,-0.00215554692111899,-0.0738178002928108,0.0251777008381967,-0.088564282856236
-0.0577652802702894,-0.00450038862241076,-0.0752359625449436,0.0225760349090519,-0.0903344659438731
-0.0601145323022385,-0.0045035607819172,-0.0739481540521445,0.0228928137502218,-0.0958059559393964
-0.0607386469371851,-0.00285152165140247,-0.0729438038087038,0.021674471184277,-0.0948931063948345
0.0488017870117079,-0.00750127010003403,-0.0203827112613106,0.0290390145017458,0.0698332434959239
0.0480339438908747,-0.00663333833333828,-0.0219394891716005,0.0362880601883667,0.0754259694986156
0.0490700436376774,-0.00695039556589923,-0.0244120724399323,0.0402873956024582,0.0796582146944814
0.0486374414071358,-0.00737223145993247,-0.027068394171913,0.0425739980615308,0.0825988359666846
0.0489240968978041,-0.00914704583690214,-0.0278487951652252,0.0461623255897542,0.0812782559048505
0.0495975866222553,-0.00430309025741608,-0.0233630265682527,0.0501969636408372,0.0688492870875707
0.0424455136376177,-0.00106869370474119,-0.0240534040693223,0.0501851915856431,0.0569691447312649
0.0358496240600577,-0.00173336416610288,-0.0267510033103053,0.0500733870218253,0.0450666883549063
0.028010696025156,-0.000841252848162001,-0.0292785377537169,0.0457888293873584,0.0339036650018635
0.0252052635447077,0.000482964377185135,-0.0278552366007897,0.0451283818320767,0.0256716794052683
0.0157267774596532,-0.000166884193871301,-0.0317397711389452,0.0441807092524392,0.0165575757944786
0.0033108622198888,0.000718858938985806,-0.0371785188507661,0.0435391353606543,-0.00626689867899679
-0.0122840885440084,-0.00216891856108229,-0.0443292816923588,0.046472430114843,-0.0238393249427952
-0.0375765472168416,-0.00818330219491623,-0.0602425261601035,0.0521996358967758,-0.0493405172894223
-0.0497626679753407,-0.00956677422648531,-0.0675005764170566,0.0516216584045034,-0.0589653678338527
-0.0568114235727914,-0.0104652683666346,-0.0696859034341584,0.0504681381691483,-0.0657752024992531
-0.0593924730498443,-0.0111418389418924,-0.0693444660878461,0.0491113867585589,-0.0694030820353858
-0.0642197427358956,-0.0101491673395631,-0.0686116527452398,0.0447520195372062,-0.072901989414325
-0.067373393059803,-0.0115796694262767,-0.0686831760909899,0.0444782362733754,-0.0805303002740164
-0.0721769958786395,-0.00998818579711486,-0.0691173615749398,0.0425784916137978,-0.0836117944443675
-0.0742679976625294,-0.00818054267431846,-0.0670530326054974,0.0439425833680395,-0.0818497784408336
0.0477586253605287,-0.0111238486298785,-0.00989125166258348,0.0417631832459177,0.0637938161404689
0.0501830006589127,-0.0113555339894154,-0.0110123424304914,0.0512963825967322,0.0704041569313432
0.0491714966741395,-0.0118552656093841,-0.0146023179634972,0.0555721183878624,0.0735906797910111
0.0460458101211059,-0.00991569751612976,-0.0168407397527148,0.0572310037530764,0.0756298061950656
0.0468399718342901,-0.00756694304115277,-0.0156193623101279,0.057810754176682,0.0732516777410282
0.0482602604259026,-0.0041478967458935,-0.0111442507821455,0.0627284691585156,0.0636725954721897
0.0447985238442362,0.000309020729917884,-0.0102807044542648,0.0613177622176951,0.0535853570545334
0.0353602822345994,0.00100720310325344,-0.0140323875597831,0.0618665932681932,0.0449230078825421
0.0282996979114961,0.00414435289600811,-0.0147981747316447,0.0599125309641231,0.0351964683262575
0.0231059148026491,0.00641019574491828,-0.0138719355531227,0.0545356332776601,0.0254345979306452
0.015964582159422,0.00228921255265029,-0.016265205168549,0.0569584335105794,0.0142412833195373
0.004069171077862,0.00445812893919687,-0.0205953465585413,0.0563071283908202,-0.00599086502306367
-0.015463714437085,-0.0022754973196304,-0.0289778599670822,0.0627378674088166,-0.0200866820134166
-0.0291270580303147,-0.00177363277240844,-0.0365135990426514,0.0610700537581592,-0.0254434532598863
-0.0581440186323662,-0.0119816946484811,-0.0551176291284901,0.0696288321988892,-0.046446937995588
-0.0613469285577557,-0.0136566840369974,-0.0573469608914338,0.0667253963655486,-0.0540929906395694
-0.0641932621059432,-0.0127079020669358,-0.0573008813490238,0.0660566715381586,-0.057957842105743
-0.0748171941688908,-0.0139145591321577,-0.0615410364397838,0.0652461064309938,-0.0626459303247762
-0.0781519015103409,-0.0144457435321849,-0.0610661855627523,0.0645613437254748,-0.0621972477599486
-0.0825510237889492,-0.0107333287036178,-0.0617641130781104,0.0583884556215514,-0.0690826575000077
-0.0858068275960832,-0.00823077836408145,-0.0613294645845998,0.0528791894472503,-0.0718431203889053
0.0503094726658903,-0.0104236142308902,0.00332071099580718,0.047288985599269,0.0497081747615951
0.0525568419314249,-0.0127208513830648,0.00189984176359344,0.0595471420648391,0.0575276884937151
0.0520976041798479,-0.00735357018585289,0.000403224152630534,0.0608462767898296,0.0588311157023469
0.0487893963264794,-0.00383955042090761,-0.000656736709093705,0.0635336986341216,0.0622101561974643
0.0494979145280065,-0.00409725844534175,-0.000409899961371569,0.0638142047414755,0.0597214270807664
0.0464083854237072,-0.0027636949712526,-0.00122806623095056,0.066431369525007,0.0563485939728805
0.0416156569653306,0.00203251938670853,-0.00181276820683064,0.0643146989037407,0.0472856020397319
0.0310821482797175,0.00635242804567903,-0.00559736890552312,0.0653008172621115,0.0403640278764017
0.0282528875167217,0.0103170779792231,-0.00195461981016576,0.0643857236756706,0.0277953973014889
0.0218156014449948,0.0172659009364567,0.00207283649490923,0.0603632934767649,0.0157516216963257
0.0157086377629594,0.0118682258042837,0.00235702726147432,0.0624635275552278,0.00779900243787939
-0.00175108835527807,0.0113406181918456,-0.00234733499126164,0.0550332480186824,-0.011990983348317
-0.014105220245212,0.00858738257414387,-0.0066522280932804,0.0589728862113237,-0.0155322447127895
-0.0263258290305986,0.00292826498080691,-0.0180635615534187,0.0743726484957954,-0.00910278836399532
-0.0398863519518378,-0.00402282370422644,-0.0269479809028648,0.0754243052880309,-0.0167008052726475
-0.0482723667435315,-0.00474280443400159,-0.0333324103726471,0.0731285704035216,-0.0151953785735203
-0.0671242849682081,-0.00990141612625805,-0.0418998436670922,0.080600238945756,-0.0402844966779602
-0.0828271695158312,-0.0118673193009349,-0.0495572718047268,0.0815451345646528,-0.0546772472503759
-0.0838808231377294,-0.0126878325312262,-0.0522538572077964,0.0804280491755983,-0.0555070299016284
-0.0903625595910642,-0.0106087896246521,-0.0529352055075682,0.0735889441423241,-0.0550431396091877
-0.0899643047249141,-0.00910408698065969,-0.0535744905124378,0.0672688772113769,-0.0559142712618179
0.0548473381414464,-0.00672031711696866,0.0173111473087761,0.0514628985198112,0.037529389614332
0.058965870943883,-0.00810180660064721,0.017297292819994,0.0643441260282008,0.041588304313432
0.0545975918266887,-0.00660624908931214,0.0126246627388188,0.06662902560473,0.0478785074935958
0.0518998972150297,-0.00180730126220769,0.013919435498407,0.0654256578133474,0.0444288159451059
0.05005469148427,-0.000794741596868342,0.0139807163712334,0.0668844355511331,0.0454164616328548
0.0492719459813387,0.003736176905679,0.0155101053652418,0.0667813665530637,0.0400567218824817
0.0407292809707568,0.00612999454464919,0.0139663416572667,0.064666573520922,0.0378051065062551
0.0318753818766426,0.0113772858348741,0.00956592771135315,0.0642318419504157,0.0302387752201259
0.02401432225863,0.0185732424867106,0.00885186955176256,0.0621259242358535,0.0206472956725818
0.0124963851954625,0.0220312892548802,0.0109008631491539,0.0626793196235358,0.0171396594294457
0.0110539725305257,0.0199348142561703,0.0144177923259809,0.0639613000257271,0.00660888119548158
0.00248515031402391,0.0208274792814509,0.0161658345771323,0.0618239889358279,-0.00324093413005691
-0.0148399128486256,0.0218772253884206,0.0108075725160423,0.0538861508618035,-0.0162950226746935
-0.0277145442736806,0.0177307357390777,0.00174232765103575,0.0570390126595162,-0.0141772139578601
-0.0316459319237182,0.0122132760661225,-0.00463794748934029,0.0731399713704584,-0.0109083731279
-0.0459361430490849,0.00853525591236028,-0.0151844971185084,0.0678376380851921,-0.0079317851235725
-0.054326124901211,0.00728483053327264,-0.0181629371179503,0.069741702946549,-0.00648002344568433
-0.0799866694427104,-0.000313207809657631,-0.0318687714477309,0.0839689937830855,-0.036782243027849
-0.0859495782360732,-0.00431309105244093,-0.0378512459242069,0.0841763254135342,-0.0401392593435896
-0.090977715004538,0.000939084189286895,-0.0389410270183706,0.0628655703966286,-0.050196575057915
-0.0932397533850421,-0.000579241303792437,-0.0414701428634455,0.0547143128967627,-0.0571114926052027
0.0641175189657215,-0.00630940171421066,0.0357961675657439,0.0605343595067675,0.0300615629566633
0.0659645402804357,-0.00642300149563677,0.0345363432047468,0.069168078118248,0.0317035324206622
0.0643233156938704,-0.00422190092508458,0.0326916734251314,0.0706522002034231,0.0301625086628777
0.0612840626446672,-0.00136833442852919,0.0342838453364603,0.0732726313017809,0.0299556339356087
0.0523244479474181,0.00457963664130594,0.0296801055644325,0.0640839753871712,0.0245485237279602
0.0478508485590922,0.0101864961915481,0.0313772898862674,0.0623644792910932,0.0210149815886036
0.0419629938433681,0.0137078655152319,0.0328514708624515,0.0646619127025755,0.0206452459768824
0.0336450158124077,0.0214816440632963,0.0293455973978936,0.0619916378997908,0.0128983209342749
0.02453828495836,0.0263951129106122,0.0243575581869831,0.0608954627500346,0.00940177866414475
0.0114188240261357,0.0299503027266342,0.0239730078843076,0.062345322684642,0.00617977877705864
0.00420939759324947,0.0308462181281664,0.0268668012536791,0.0611133676397192,0.002324754510455
-0.00507888069907213,0.0305548459360459,0.0263696069044228,0.0585510728051977,-0.00234134929266066
-0.01734237109798,0.028559762050659,0.0214126040618188,0.0600799458174896,-0.00213867859206063
-0.0298873527910965,0.0266632543037676,0.0117537474246706,0.0601903708137968,-0.0061866643489527
-0.0397664821119422,0.0240646173551384,0.00547023673261595,0.0555522881189098,-0.0123081428564519
-0.0462685119329196,0.0202753031011434,-0.0014313399167134,0.0617565932565049,-0.00330559450347207
-0.0536591006332779,0.0163205160913679,-0.00521709977261113,0.0672428872793151,0.00168883398472222
-0.0577351249216266,0.0145689085805731,-0.00853743166379946,0.0696119431070456,0.00427413073461338
-0.0726329541515671,0.00631127594673977,-0.0187770292634446,0.074956700328778,-0.0108521542350717
-0.0813711429116179,0.00496538962110286,-0.0240644900805024,0.0641760370975693,-0.0188007803384151
-0.0875134098028053,0.0206124998232685,-0.017873582545943,0.0367005658879226,-0.0296853451941042
0.0682234937512511,-0.008987072533213,0.0474935745065112,0.0586366328715915,0.0211333190480592
0.0726868281651051,-0.00911139109911229,0.0477847206704628,0.0641142745760847,0.0168970590363273
0.0666230803713408,-0.00174067334967014,0.0456067667610892,0.0628381076972761,0.0144731079481966
0.0640327978679629,0.00534521840674347,0.0465811382135014,0.0673310637690492,0.0117441368095455
0.0539441660502868,0.0134184358494834,0.04661322775653,0.0599923033144949,0.00707136444724832
0.0469393280541696,0.0178007806131506,0.046444693453573,0.0608402850627002,0.00619530490139393
0.0418317557348376,0.0268411018863606,0.0472652422866819,0.0581772899938806,-0.00469350729859242
0.0334247188546656,0.0367485001819648,0.0448801071856756,0.0559029290800701,-0.0101407763421617
0.0232430535638001,0.0389212836594089,0.0405723134210169,0.054475604288833,-0.0104339103661242
0.00899449328545468,0.0424874655167878,0.037640339405061,0.0534314174046429,-0.00943188479837041
-0.00423554931081402,0.0415958783756159,0.0353042129517102,0.048941654870025,-0.00759162734918349
-0.0141826968870048,0.0413040364406977,0.0343576410517393,0.0419350803082083,-0.00692035537876156
-0.0228024031377967,0.0363681834822845,0.030077627357304,0.0529977163721065,-0.000519741950903645
-0.0312069007723212,0.0364743445013061,0.024363292923624,0.0422054422979751,-0.00626653781935271
-0.0406952200442415,0.0371104329854762,0.01866113312476,0.036640230193814,-0.0133565634578686
-0.0499310662191474,0.0294186862463802,0.0110192735873617,0.0446805819326768,-0.00197644181543712
-0.0528585661291633,0.0229130493150724,0.00637290412505828,0.0596437636278615,0.0167021756467162
-0.0621733494951462,0.0165340474995698,-0.00109117715776915,0.0660527686704773,0.020348956037588
-0.0591876719670677,0.0148521371307158,-0.00295428176398887,0.0619358918614861,0.0253053766589883
-0.0690534906088397,0.0263704370499362,-0.00364443575099914,0.043549453646172,0.0187415688505736
-0.0658624069353575,0.0227549388714304,-0.00333090772248815,0.0331324013712695,0.0105064126843384
0.0700869322447902,-0.00507935011277437,0.0578805324532245,0.0532001064786413,0.00469281273317553
0.0736063837188659,-0.00361015956623178,0.058295324942761,0.0550458232284579,-0.00263938754427696
0.0711313253852274,0.000711738139273498,0.0569362981129773,0.0520675013520045,-0.00939115157977192
0.0660364452125165,0.00567265291132523,0.0571434868570222,0.0508541283976982,-0.0152316677508185
0.0576273918607119,0.0146290849486288,0.0558225610439404,0.0480094932272263,-0.0218900475728753
0.0493585191324726,0.0263661976559753,0.0597123093416602,0.045908666809118,-0.0252513290031055
0.0395092038548092,0.0352510182538462,0.0588487575423276,0.0432691115807556,-0.0256021748672333
0.0315404153814013,0.0449412592409303,0.0594363078175684,0.0376157863915557,-0.028554269938496
0.0226029565169982,0.0507422098209587,0.0550379643538112,0.0326719478152962,-0.0293766543328935
0.00954262543868575,0.0621168721146199,0.0530006242217967,0.028764053064562,-0.0255778983131463
-0.00505622146401897,0.0625504981345258,0.0497932623553432,0.0262272086386609,-0.0198135872698063
-0.0178699576947142,0.0529151860442187,0.0445952049218896,0.0289034721623209,-0.0115425962513019
-0.0278029343143899,0.0469451648855357,0.0395605655550629,0.0330645573535294,-0.00535042510884701
-0.0355764090530331,0.0428032018991821,0.0327604137669231,0.030703393765919,-0.00172264417290426
-0.0409995174646699,0.042693211103781,0.0287188968628614,0.0220925215937178,-0.00406605462280037
-0.0505294553480027,0.0368065437103632,0.020658823218438,0.0274256570973058,0.00561910195418667
-0.0543279064567636,0.0307011161145559,0.0146688342255299,0.0407930881707692,0.0208855526397054
-0.0591174132007755,0.0263287235200287,0.00936404559546252,0.0449679469999468,0.0297072283286399
-0.0581856583352115,0.0267368778263945,0.00630760972517504,0.0432944361256833,0.0373818464604076
-0.060038217332911,0.023473822578822,0.00160757214885385,0.041572766910573,0.0357559055092922
-0.0585688446930095,0.0292505380753167,0.00413642417292682,0.0197220416179839,0.0317168625719435
0.0677079260072467,-0.0113633708095827,0.0596811821993175,0.0378129110554674,-0.0183924636921976
0.069670452618904,-0.00959763672394117,0.0602097129542445,0.0312802508442933,-0.0307994845834806
0.0680962178438323,-0.0157689947344582,0.0576235492809802,0.028430772959543,-0.0417023240531396
0.0646024287411146,-0.00716113663280179,0.0580579548183775,0.0270859485526932,-0.0490701203854685
0.0584143380423746,-8.87345137252984e-05,0.0607706665506302,0.0280747948088905,-0.0527456131821467
0.0500943887068109,0.0253892697658167,0.0693519060833735,0.017208670859618,-0.0589131331547761
0.0366920401284547,0.042893195046555,0.0698676474841973,0.0193776884723458,-0.0465378480837178
0.028885529082846,0.0560094262721065,0.070541490294283,0.00748729637001669,-0.0466453322880488
0.0190216290553731,0.0630965933162106,0.0676525801806803,0.00630856088733492,-0.043405643014413
0.00830267110772467,0.0670037114150241,0.0651664268721103,0.00762887258206755,-0.0336415732008469
-0.0077378265498101,0.0823719233230712,0.0665177321361966,-0.0100534620209054,-0.0263238650471635
-0.019497164218704,0.0749593056908589,0.0618838243449878,-0.00562758935353332,-0.0177473050169017
-0.0317786037087364,0.0660135462221286,0.0534797776647116,0.00932029898310117,-0.00269933328131132
-0.0400283213928614,0.0647603577270593,0.04666798949161,-0.00299056798421314,0.00337424502410686
-0.0419308786835867,0.0426521954025676,0.0330383111511768,0.00495926639636101,0.00549880420932635
-0.049618476383985,0.0398619537964391,0.0263445712858416,0.0071392543247715,0.0138717602642775
-0.0558358032159453,0.0331144879096016,0.0193949621049151,0.0217696766375844,0.027099133908575
-0.0590597372251732,0.0298968005062483,0.0142947369611044,0.0320746999944016,0.0415352822856345
-0.0593424511994865,0.0252460592443415,0.00854187427400394,0.029704345144658,0.0481425925414811
-0.0614243888247153,0.0204680548302689,0.00172850729882917,0.0285452399957152,0.0479676089762101
-0.0568417814811637,0.0129707384645066,0.00112826978443105,0.0252073830784795,0.044534050459649
0.0645569016771378,-0.0192663281752792,0.0590714540871834,0.0224530030304696,-0.0393312774452849
0.0640376808405275,-0.0144306957617599,0.0613485766606721,0.0148678627366398,-0.0492081334611783
0.0591296638068696,-0.013279486298672,0.0590261042922626,0.0156170319114697,-0.0580576616980888
0.0593993944506102,-0.00932512608559096,0.0605573347809516,0.0118947823995305,-0.0647730561486245
0.0540561336520877,0.0105454390089769,0.0667942226423353,0.00517816904682799,-0.0670594172643224
0.0442197472567554,0.0315762505021591,0.0746991321052078,-0.00224941094088157,-0.0646499758955163
0.0313710454639005,0.0595631345083616,0.0826847751708492,-0.0263046378766504,-0.0632970246232808
0.0206847202296377,0.0726715093034769,0.0819509932269778,-0.0333156277304318,-0.0637926024824306
0.0138390148565696,0.0779993382550163,0.0775377794246463,-0.0324842417806792,-0.0517184605918737
3.83534556488589e-05,0.0753987399578851,0.0719425432744427,-0.0295750340892446,-0.0359691561778796
-0.0130829840612001,0.0838550221748263,0.068540560782139,-0.0346061660134582,-0.0249504143307637
-0.0226524254535591,0.0803605508340309,0.0642774926933727,-0.0298002600965364,-0.00538307361817455
-0.0289399965652504,0.0742904013138191,0.0602982474094529,-0.0185499974062424,0.0076550154166747
-0.0385771089361348,0.0726213967362564,0.0518142271430744,-0.0335418061970609,0.0117295024056438
-0.0441928861455746,0.0585774985934813,0.0416385423096211,-0.0291009500539504,0.0215823456789453
-0.0513420101415693,0.0566790028807567,0.0369206859443595,-0.0327705611754147,0.0259886446249617
-0.0641574658570476,0.0451417868695775,0.0262871155808076,-0.0142265452788224,0.0495089927923759
-0.0667181817196608,0.0358687779028266,0.0192319305965503,-0.00112700211413923,0.0595545049653299
-0.0659271280287816,0.0345604883875502,0.0153473780333302,-0.00266423755893296,0.0651054303805278
-0.0626027243093878,0.00827658641647943,0.0028354654115615,0.0191035587552406,0.0645383331608794
-0.0528824448996722,0.0116501086748031,0.00681018289142369,0.0127746889408792,0.0501065575468817
0.0596667620970353,-0.019535854725537,0.0610784655042401,0.0151190792957377,-0.0496628318510633
0.0574743047976717,-0.0170140459440168,0.0613867881607911,0.00372429281823527,-0.0666741064962359
0.0556779240076938,-0.0240196547946065,0.0606519790913273,-0.00376074822802049,-0.079561780901115
0.0538350690080188,-0.0193385187894102,0.063514619320336,-0.00466459977019316,-0.0820841030010284
0.0446734042250668,0.0138040340181894,0.0755692910118422,-0.0283521703679408,-0.081288025290944
0.0342343132154281,0.0488937594817949,0.0844422230036655,-0.0430259035671854,-0.0765781157893419
0.018331355750023,0.053411943989978,0.0819511672396513,-0.0387807056632263,-0.0617061552892522
0.00986173424970755,0.0652266270895083,0.0808161082187775,-0.0470721557255395,-0.0576042370090336
0.00202528939027011,0.0684742613293455,0.0762521054011416,-0.0464383046214439,-0.0434243803981469
-0.00439546169408597,0.0703922624203371,0.0743416140790695,-0.0484981058607226,-0.0313254685355424
-0.0114093960407966,0.0690759652985798,0.0672775042705582,-0.046819479701327,-0.0184485328204968
-0.0208721207099693,0.0693305101018801,0.0625367485496749,-0.0424029760754692,0.0010992381078392
-0.0291100015343128,0.0665720589240218,0.0589056262727147,-0.0311330431250425,0.0153604907880104
-0.0346574974459624,0.0623497043392034,0.0533331254994766,-0.0432393431212867,0.0191787551852327
-0.0437726547398749,0.0593295181310465,0.0451944083966186,-0.0490376425452099,0.0274953573713642
-0.0519612857097291,0.0519949885514051,0.0367487845335833,-0.0474406117775448,0.0390621886929487
-0.0580908563717227,0.0473165606261077,0.0317234385306829,-0.0346489228946309,0.0497059895123513
-0.0650741803454335,0.0402174049017048,0.0251861821595791,-0.0259017606220178,0.0600920064259633
-0.0618531765508765,0.0452307245804993,0.0255671479493166,-0.0289414352304031,0.0523259115582103
-0.0605164777048033,0.0421775657619881,0.0216010637985652,-0.0287434507498803,0.0513606399503586
-0.0603878731840414,0.0395429032603053,0.0219062061625197,-0.0265436393659065,0.0488895247382399
0.056028282520588,-0.0262266917258852,0.0592757161280582,0.0017974716351218,-0.0649114444909851
0.0567555808059838,-0.034754583364847,0.060284820180784,-0.0168568178403758,-0.078023542146719
0.0527064581104842,-0.0345580872715051,0.0606398374662911,-0.0204357603580811,-0.0836903393462159
0.0482031074862967,-0.0335806980942185,0.0612918488513445,-0.0192859518034747,-0.08130619262042
0.0414489339739614,-0.00304863565526866,0.072921598752604,-0.0421067094076603,-0.0841861749057605
0.026945140610168,0.0213761078895711,0.0783320190002014,-0.0507786560608544,-0.0733195055984193
0.0112501714012537,0.0394806874133427,0.0790618681599074,-0.0511639993817505,-0.0593450404126393
-0.000177994111405165,0.0457563904286816,0.0737054228996004,-0.0552445243020585,-0.0536397627293166
-0.00779892018398052,0.0459005686258445,0.0686506792711225,-0.0543857766921873,-0.0424960333506274
-0.0114600930595011,0.0444204981763834,0.0664133032699394,-0.0562566737381518,-0.0286328472324493
-0.0211228315620742,0.0511251135866309,0.0616891099979281,-0.054528498377874,-0.00870055703920233
-0.0257560368739385,0.0543670851413408,0.0594187007822172,-0.0513495748558589,0.00575539339566382
-0.0335574193819331,0.0570426214029512,0.0544852839415764,-0.0500145868259701,0.0174341180621665
-0.039878378605412,0.0543267857611614,0.0488150388147759,-0.0534213854671946,0.0279400557132645
-0.0450240390565026,0.0474638709906568,0.0438126569283514,-0.0507246113256697,0.0346715975723669
-0.0519135775023405,0.0425337808705162,0.036134881261007,-0.0557722772899082,0.0393695781391502
-0.0589914095606253,0.0393074508342584,0.0304771248674362,-0.04689782149208,0.0493211245363764
-0.0625162744300137,0.0377686592105541,0.0277876586545914,-0.0387094332706357,0.05749641954983
-0.063633762639648,0.0353133366422229,0.0256516396474172,-0.0368127574943629,0.0562724494829073
-0.0593223336513479,0.0328322301675562,0.0223536755131139,-0.0356998816805844,0.0544904605491062
-0.0592197417718132,0.0345138290961774,0.0226146524127253,-0.0334051635971424,0.0543540256680514
0.0595640130880573,-0.0495797897208613,0.055719273756489,-0.0072936549674848,-0.0681250386794758
0.055462924350575,-0.0525428867736749,0.0564949106012439,-0.0227583799625469,-0.0774522324505987
0.0477869396867248,-0.0607160380685163,0.0537247895088216,-0.0248044016457394,-0.0805959293343786
0.04087086252756,-0.0479637258336369,0.0589495100666564,-0.0376301107314138,-0.0783189734475016
0.0346942953335495,-0.0334995754874546,0.0619113570118001,-0.0409722314099493,-0.0765150391086052
0.0178978151020074,0.00609035796369701,0.0711776478309335,-0.0524238635120168,-0.060953554889725
0.00723111607216459,0.0123427115422752,0.07018162578921,-0.0535941461813738,-0.0487200007840808
-0.00262445589170019,0.0200026925193932,0.0667634402008433,-0.0558983180958385,-0.0438120725084016
-0.0147269871584555,0.0228476243364153,0.0623175544323301,-0.0567789886386529,-0.0333548363642711
-0.0228787885064649,0.0231628810133118,0.057303433613745,-0.0577188676990975,-0.0131700946581258
-0.0308381263829797,0.0247901510690726,0.0515726049935514,-0.0566366544054493,0.00427435787776883
-0.0344976140227327,0.0314602348340788,0.0499784263622975,-0.0570687466064459,0.0181875891649796
-0.0449565095922452,0.0342440828283899,0.0463020836439523,-0.0504690942391721,0.0260017298710514
-0.0462312609281781,0.0324671555711809,0.0421404194924867,-0.0565162390428169,0.0305272714628283
-0.0509892432186317,0.0271299863562566,0.0385328645660813,-0.0560645715843707,0.033960500684002
-0.0569438724305508,0.0220130809496428,0.0315472124735063,-0.0535166727648452,0.0455653899347228
-0.0616870818264155,0.0215511662511661,0.0273625323628354,-0.0545534259465778,0.0523484423369053
-0.0612539280695738,0.0230995967014066,0.0248360176717407,-0.0506767938024752,0.0605810623991604
-0.0606323826238275,0.0215686323024428,0.0248826517564839,-0.0520574751233976,0.0556560936597079
-0.0597190106678701,0.0191214193722155,0.0214674138927141,-0.047703872257015,0.0562529330599986
-0.0600895607116259,0.0223824287362778,0.0223181354235575,-0.0433322946133693,0.0574693081747629
0.0554152084736848,-0.0748905937492045,0.0476735258401945,-0.0168113850362458,-0.064144429828795
0.0518924461141575,-0.0680182325667517,0.049437551152263,-0.0251907783962536,-0.0677259550802732
0.0420114041946211,-0.0684771847539465,0.0510890973938873,-0.0282431503696648,-0.0668360663787528
0.0375158150207296,-0.0716092056716517,0.0488434585286891,-0.0312935683831939,-0.0611475039864433
0.0262008027919886,-0.053768475099144,0.0504762633005137,-0.0325781017589948,-0.054585521617629
0.0130278876378874,-0.0384350353842255,0.0529718505093435,-0.0351615429291765,-0.0464449298189361
0.00324193060054783,-0.032526310940452,0.0510700642980785,-0.035424154853139,-0.0394220528872099
-0.0116170304894632,-0.0168219424862974,0.0498989124461008,-0.0500560734701408,-0.031792504882099
-0.0217594372559935,-0.0110155169938484,0.0476815098700322,-0.0555410757015465,-0.0204466805635351
-0.0312417534044549,-0.0131440212348471,0.0417608279415219,-0.0548667557661913,-0.00118684589200845
-0.0376581559586545,-0.00763908412141124,0.0393661303190978,-0.0547353929272024,0.0123511863369952
-0.0398939874967979,0.00172164733141894,0.0405524347315964,-0.0588558801925811,0.0173109640928056
-0.0471623388861877,0.00401594188929135,0.035767231272724,-0.0601326799830848,0.0246945002090262
-0.0503106827353923,-0.00133264994235454,0.0296339644120453,-0.0577619296945514,0.0323382695550423
-0.0538385359768544,-0.000319883429476008,0.027771524468956,-0.0560743478644704,0.0404203829916763
-0.060122241733277,-0.00314616072489322,0.0220083842792496,-0.0534801874079826,0.0518492693933244
-0.0616526914575799,-0.000178343793022398,0.0194308248919905,-0.0534641108481117,0.0586475561971369
-0.0615977081684987,0.00561226459924222,0.0219386809180037,-0.0545977890560955,0.0597198770473815
-0.057608137055227,0.00300097635248135,0.0217087535381298,-0.0556851168486453,0.0573136251460202
-0.0575657176891177,0.00238006514355514,0.0202242103780223,-0.0543616094231747,0.0568710636113727
-0.0578208383694575,0.00616317033762707,0.0190123970161243,-0.0518861327520731,0.0560032262981736
0.0532110608481074,-0.110787698669905,0.0365364071970884,-0.0172685284587796,-0.0595256989631818
0.0486506283453826,-0.106672212046955,0.0360128689566417,-0.0256408846883931,-0.064284028748903
0.0434171934032863,-0.115393843474415,0.0364226107189072,-0.0227135653976146,-0.0621416374432121
0.036207649071633,-0.117047051496208,0.0335761076471367,-0.0182613415335139,-0.0543242510341237
0.0231293020108898,-0.0975174316901188,0.0328731709413711,-0.0190878602834409,-0.03984039004651
0.0117225272235568,-0.0861213666309614,0.0330305283120499,-0.0230318737367538,-0.0371711289230619
-0.00112366646676212,-0.077978154760116,0.0311771890155856,-0.0238113624002678,-0.0292717431531684
-0.00966968792735492,-0.0778701736750556,0.0244846512008189,-0.0258707523147295,-0.0194889820950617
-0.0263800542027333,-0.0581998446397647,0.026107158634324,-0.0474913618953951,-0.00335503258507752
-0.036724532375169,-0.0457644975789012,0.0286004389180081,-0.0547147184440712,0.00728095453181499
-0.0438769949275994,-0.0453328646979205,0.0235970800882187,-0.0568660385434617,0.0192926589544948
-0.045260241965536,-0.0369403743309203,0.0256807524664666,-0.0595174521241144,0.0253684025133726
-0.0502935914675025,-0.0313307750667963,0.0220759787535329,-0.0605922535478444,0.0343115387076864
-0.053494511052318,-0.0295090622871876,0.0183002224328348,-0.0579883574445027,0.0440755675531311
-0.0628376021196027,-0.0275784818289773,0.013455460399931,-0.0543620572334993,0.0529428772541776
-0.0613087656449893,-0.0290557597716951,0.013005209065332,-0.0546467651414141,0.0573921650708453
-0.0606572505115641,-0.0238654899291285,0.0121768479723975,-0.0524089770300287,0.0628527564976287
-0.0576644731611318,-0.0166451185663014,0.0173030073400247,-0.0559537387812813,0.0591352468290692
-0.0564879579522188,-0.0149970454783003,0.0166711940803933,-0.0583604355001537,0.0598950220526032
-0.0562255795372974,-0.0166316121855901,0.0145715870487561,-0.0591207647429876,0.0616382669737231
-0.0555322852823056,-0.0172338768185234,0.0146437479004961,-0.0569723472118212,0.0612628547965021
0.045142397353484,-0.143465257676364,0.0233088695701665,-0.0160734770292047,-0.0539359573872229
0.0397826311282331,-0.145733100864878,0.023953252157827,-0.022291881613715,-0.0502995556051477
0.0326689529606966,-0.14917484749091,0.0202639471521063,-0.0196832857724229,-0.0466765795751854
0.0245700553484924,-0.146825370571804,0.0191914006428723,-0.0150448323741554,-0.035268513121703
0.0139345910265918,-0.128467871626762,0.0181599100513915,-0.0147524771810933,-0.0230490614696914
0.00171798721995072,-0.126599222965297,0.0145709809380652,-0.014707903191405,-0.0182823818720752
-0.00907058550807859,-0.118484941241662,0.0136267190184773,-0.018081711600154,-0.0161789636166365
-0.0151137822899526,-0.121807483299455,0.00892543211162383,-0.0211299735293099,-0.00586118009660494
-0.0254364499252069,-0.132033804930635,0.00222244273155456,-0.0198374681404799,0.00954297513491422
-0.037917829415094,-0.0971773827516834,0.00880265346607007,-0.0405831856230509,0.0194776545606076
-0.0461481115720411,-0.0855396741628985,0.00816494027553739,-0.0483882522856854,0.0292803895023334
-0.047983944515961,-0.0792110495427917,0.00729608657780284,-0.0522800642478571,0.0363931895456687
-0.052789341224471,-0.0736034248585422,0.00448809303521141,-0.0523178521800593,0.0499023233099975
-0.0517472970484267,-0.0729583202984806,0.00143513403863511,-0.04485161919443,0.0543092121501272
-0.0547377157521879,-0.072401882945634,-0.000525032858074828,-0.0389521577898183,0.0589425100006254
-0.0504437507077514,-0.0693588566742168,0.00203981767060475,-0.037781507200743,0.0579771471318959
-0.0515358524207214,-0.0628041821122565,0.00218600599340969,-0.0347658763868982,0.0638350221354263
-0.0494630881444649,-0.0583454790917808,0.00288551393086376,-0.0352764983382739,0.0635951927540224
-0.0516310358236218,-0.0539147791328438,0.00428153175252579,-0.0379908964072649,0.0654310288212445
-0.0530824992659365,-0.0408156029078397,0.00885994688538526,-0.0525729954883028,0.0598652118743689
-0.0516750858067473,-0.0411029941806752,0.00766940483435568,-0.0508467522821161,0.0629625005852762
0.0367155652418903,-0.151362404985356,0.0190325323103275,-0.0116232718467977,-0.03433041610435
0.0320316357113705,-0.154784186105282,0.0178110940938199,-0.0185087006591754,-0.0332558125926366
0.0195141032516266,-0.150612985426292,0.0139440257630563,-0.0156880377827962,-0.0235036313131449
0.0126215005607671,-0.150063310919731,0.0100920215210084,-0.0111414666006358,-0.013864667221437
0.000752787883255683,-0.150997804692023,0.00771707895138266,-0.00660032347137529,-0.00256698120771124
-0.00728268931718562,-0.14555137229246,0.00683396241419125,-0.00750100936288359,-0.00128913723839765
-0.0133022667101247,-0.143823744457673,0.00419297775490428,-0.00774674112713081,-0.00127404048614383
-0.0213181503012327,-0.151082224665894,-0.00242343423322783,-0.0087972186427544,0.0118839310582447
-0.0305591096950159,-0.15288135843986,-0.00603182548388533,-0.0178571846319241,0.0242241440258259
-0.0343315478063692,-0.143253700238695,-0.00688409137071768,-0.0227392561051184,0.0316364869670659
-0.0378954600934671,-0.123467888890503,-0.0035974827670189,-0.0308866529687537,0.0394361086917132
-0.0429003456014482,-0.121303285739675,-0.00895720908493157,-0.032079588056074,0.0463855088320692
-0.0463091076982744,-0.115355051070335,-0.00943330464316134,-0.0329635934308385,0.0532785069751207
-0.045316621088649,-0.110622061231566,-0.00857320457240043,-0.0324007616591402,0.0553820661951319
-0.047392703682026,-0.104346693829231,-0.00969904262082032,-0.0280863681635437,0.0570025701717467
-0.0452426347708285,-0.100678620729639,-0.00574420959757538,-0.0270815019086878,0.0601046780613178
-0.0475222535713133,-0.0931809758023228,-0.00760037834278981,-0.0254545452710346,0.0672053304923517
-0.0452550619749823,-0.0814719918840838,-0.00274565459447175,-0.0272935795547557,0.0672122150404609
-0.045549186746936,-0.0743798499455744,-0.000475186019803906,-0.0301839569266808,0.0633568916638623
-0.0504351813331896,-0.0463446814415688,0.0097628475927396,-0.0587781105191758,0.0573636515032226
-0.0515323306223337,-0.0413429212090678,0.00961147639687706,-0.0609423384709831,0.0562568803008579
