-0.0226425683989161,0.0101956024689036,0.665439906621861,-0.0458439544352179,-0.00529027037768774,-0.0709257463637663,0.00194903066525736,-0.0928349724214658,-0.0134119395508774,-0.0215459958751346,-0.0421560216069578,0.0393108963813911
-0.0137037216906212,-0.0111717869438572,0.492244390515836,0.166448450506247,-0.0341359468247183,-0.0166786664422908,-0.0283929170757413,0.110474098621146,0.0575560056638001,0.00269461958931336,-0.0269674786900285,0.0904018489291345
0.0227410000652842,-0.043677666379229,0.201940230695002,0.402781824410943,-0.0331626125190726,0.0341159578359723,-0.0154010201764172,0.1567424805793,0.0645222178637419,0.0417824169704661,0.00535631785049007,0.0421593761377872
0.0388322713226292,0.00156465488832609,-0.011817648469256,0.552984568377914,-0.0435140996765524,0.00993679607418514,0.00803870565565136,0.0101095990689812,0.0152623307733618,0.0484463350670067,0.0232312136185698,0.0011349755015767
0.0419470841882434,0.0175408403487738,-0.0736515025221241,0.414005142988914,-0.017558016946834,-0.0400522623919162,0.0720362768003825,-0.152680487028579,-0.191155293603914,0.047872201697111,-0.0173987037557184,-0.00921431119830133
0.0345945350406564,-0.0330684956378369,-0.0464848450642645,0.173840180778567,0.0186720216866896,-0.0266473966973328,0.0885320773509706,-0.129792414317955,-0.463902780741462,-0.00997046352834837,-0.0418091634816111,-0.0166903820149534
0.0161826705570051,-0.0764347459130632,0.0179802846498955,-0.0279624082269883,0.0225155608133827,0.0188696408862068,0.0164284837433059,0.038696818650367,-0.652724816551916,-0.0630054123545686,-0.0328274874724697,-0.00454501748818336
0.104135609090295,-0.0662760786046047,0.309144580234265,-0.266193138877572,-0.0200543221923365,-0.0101359278908131,0.120929331187233,-0.0806404510046718,0.00803680641308519,0.247196783258238,-0.0434461870668022,-0.195235061593792
0.081975912883458,-0.148260747421675,0.135632558063587,-0.109203793923762,-0.0313624583504308,0.0079200449251665,0.0912094758972183,0.187295956659138,0.0809090781314323,0.23727370191287,-0.0670417400963223,-0.0866887217596561
0.0528453536154308,-0.173285928132422,-0.044807725821842,0.0456191750909419,-0.0310404118896253,-0.0372401467267376,0.097361045149411,0.239923816935636,0.120052587874664,0.234122020795419,-0.10203804849234,0.0096273283863474
0.040467439744175,-0.0886672179869232,-0.170675151765127,0.15635399313591,-0.0582059674052649,-0.120222192654984,0.074512139910367,0.062035883621602,0.145973958323174,0.249710928057973,-0.120155601918286,0.0717668454904138
0.0211954780813145,0.0089745976780602,-0.176348288757613,0.0788348464661978,-0.0827635297407617,-0.21120716227917,0.0111251525329236,-0.133245077307333,0.0575123021045805,0.260427567137899,-0.117854246655306,0.0998640942535769
0.00831141631254504,0.0309812569696861,-0.096795684992033,-0.094920163710094,-0.0829948300484936,-0.193470619955252,-0.0922654949142329,-0.108896011801568,-0.157201504779009,0.211774571592927,-0.0879652942120686,0.112391215089989
-0.0136626474499096,-0.00139590738223909,-0.030760848184684,-0.221751824651606,-0.089574968437895,-0.094635563635369,-0.223001669422956,0.108546734515993,-0.355028906009458,0.135076864848976,-0.027339173432461,0.0932809771956438
0.0970464544828988,-0.0373196899041851,0.00285179805845629,-0.114656329899357,-0.00324002738796613,0.0304022092057395,0.0691627252175679,-0.0951735520954292,-0.0191744455865994,0.108191898768757,0.0373891409465863,-0.511654734538876
0.0551487345003234,-0.139000114529341,-0.0800495190450703,-0.0587129333059154,-0.0191166665074411,0.00558313055616853,0.0557564678487215,0.176705871968185,0.0244987444539433,0.0303011111965098,-0.0241629309331232,-0.326536387240416
0.00291480684108661,-0.225872360147806,-0.111053781468102,-0.0446383220512183,0.0105645282059733,-0.0897157224624753,0.0600437261554466,0.225772255068787,0.0765127402953846,-0.038542041604781,-0.119729173146521,-0.101778445923064
-0.0246059358763035,-0.204723093987467,-0.112531526583738,-0.0324734240910892,0.0275468082950185,-0.216801629166558,0.0184575804656009,0.0237862654013526,0.139417815511726,-0.0533495651114129,-0.174665356704242,0.0525225997721777
-0.0017770762357035,-0.0784871934488602,-0.0723609268586439,-0.0401818407091631,-0.0100683686802419,-0.250314643096149,-0.127149951885961,-0.215383209547063,0.159841233085448,0.00778374507453306,-0.119813524583263,0.0794422461336074
0.018437764675069,-0.00318785425942491,-0.0266134664404236,-0.0944038830360703,-0.0537464288770427,-0.156050738834625,-0.317056478552596,-0.162836164967554,0.0715084916447335,0.0684228846432666,-0.0305806001530582,0.0754591078992601
0.00919986667359152,0.00813059092429288,-0.00125443583656261,-0.115074679625193,-0.0772872622829324,-0.00609927160528577,-0.474490015092183,0.0703857455694662,-0.0475236501300968,0.0535679299105178,0.039569103442062,0.0495806716827124
-0.00125968498791014,0.206335504523424,-0.0541933726780657,0.0350447493625333,-0.0477613610644694,-0.0254417529318794,-0.039886316179869,-0.0876440089621494,0.0148168484466475,-0.0729808015674179,0.0305207673189177,-0.46995373276811
-0.0326138376312301,0.0958622957848223,-0.0651051802175393,0.0321918492495215,-0.0781754999974488,-0.0552175218647373,-0.0212381945714629,0.15000093913521,0.00828639343053488,-0.230786484887801,-0.0298655307467641,-0.272780885228256
-0.0290056494907121,-0.0891186131130624,-0.0519143384462512,-0.0162909653290316,-0.0387821140931728,-0.0881164719602827,0.0457175793737522,0.20214994518075,-0.00515270786620125,-0.352240829422576,-0.0957595709672943,-0.0731825129274027
0.0267011713674586,-0.180239456395306,-0.0212702561958366,-0.0294590197908216,0.0164914007901741,-0.108470903464539,0.0468131322668155,-0.01232483408929,0.0405443516219765,-0.355716553401796,-0.102721086457031,0.0396864218522779
0.0811003511972048,-0.134177964693611,0.0122026357569026,-0.019003084662167,0.0294894367731621,-0.0670737628979659,-0.0675740229217651,-0.255524101576921,0.112306514896379,-0.247610220106294,-0.0710883449689089,0.0561443656100658
0.103145300480055,-0.056771490402059,0.00996537897309579,0.0144619739722745,-0.000504663129415429,0.113128744286757,-0.259223950151206,-0.194891624858528,0.106631189608881,-0.117088255788264,-0.0106537590867918,0.0214225117500613
0.0702091119392742,-0.0479990075730618,-0.0046520274392476,0.0347927191262818,-0.0102722857055771,0.260977832615056,-0.456163445299729,0.049782412990069,0.0563877096398688,-0.0729010495394233,0.0423926064840252,-0.0257985582161024
-0.00986810259628957,0.484556388370458,-0.0156753253662527,0.027194015532869,-0.0316628004037467,-0.0390712970985868,-0.00734478576729284,-0.0879573559520119,0.0788339152565198,-0.00090493068587667,-0.0965198339946873,-0.147526306554235
0.00470689155615343,0.382905635990403,-0.0172671450959291,-0.0052785032068212,-0.140949923523875,-0.0558599545415512,0.00753202970877043,0.144654002461348,0.0419764506539509,-0.126716154776051,-0.0523883173259497,0.0179959181249259
0.041575915979462,0.135038538715284,-0.00244161057116782,-0.0780874582751361,-0.135465908742233,-0.033072226343723,0.121267918655831,0.198440831432457,-0.0179689995444703,-0.262962569168149,-0.0559844725398861,0.145168905460266
0.118023426397205,-0.0503957431061258,0.000910180073584464,-0.0958716266121416,-0.0782377804000526,0.00883550748883143,0.183073867639175,-0.0269188294742078,-0.0119868325077076,-0.251515187351372,-0.00771060605848997,0.153654916813131
0.165872553045331,-0.0600279188955299,-0.012885941797864,-0.0588068155635985,-0.0445727266063565,0.151814756186158,0.176500164065081,-0.268475086025256,0.0440553910347539,-0.129789928822655,-0.0344889595704319,0.101754544159256
0.11706143602048,-0.019787681593927,-0.0443240767350649,-0.00234751894946402,-0.0344289965850244,0.349322305816161,0.0351629424432192,-0.183466848511394,0.0636095209816467,-0.0124621013383676,-0.0768103852323996,0.0557186220307302
0.0280844006228582,-0.0274606216784212,-0.0776430901501372,0.0434232424461694,-0.0036874667609756,0.49772683681234,-0.156474771362863,0.0725995243176382,0.0299711462839494,0.0226072699934789,-0.0881324394716756,0.00113210168284821
0.0289659633507774,0.387557079211091,-0.0220703196855397,-0.030866121298593,0.252744878866802,-0.0205681992166118,0.051187270693689,-0.0618754318835136,0.0628641147273192,0.0876520510036498,-0.128065842772382,0.0380947761954237
0.0740842600494601,0.313817158428885,-0.0207962859184387,-0.0781932421814815,0.0675828594892658,-0.022509302668326,0.0606782849347183,0.146847230931538,0.0457635105103506,0.0679697817951701,0.00650348892554286,0.175584896222045
0.142092440051861,0.153153749346114,-0.0417858195786251,-0.105486130327856,-0.0756996912467473,0.00438062706952153,0.0961881451253525,0.213218966560639,0.00900944272207398,0.0243339501882497,0.184894816485809,0.199092389733188
0.158653437457976,0.0178725824301247,-0.0375721018657436,-0.111862746072369,-0.146053342039419,0.0352985685783319,0.162078812470543,0.0233239699555011,0.00717267988545027,0.01170484835546,0.270420453069051,0.15351846787493
0.0449559140591788,-0.0316407936387975,-0.0434670450917112,-0.0944677518111879,-0.111765078766356,0.104645252341378,0.219238230873324,-0.210192795773692,0.0203756165537477,0.039642185988192,0.170496548652722,0.0662438885320245
-0.135108067078627,-0.0200203946730881,-0.0578528578477998,-0.0839799135655619,-0.0643507394593468,0.240591534388801,0.202303934576855,-0.163248138961963,0.0178126637818223,0.101585507178063,-0.018802357675933,0.0577359854175955
-0.263196904046771,-0.0191751951077793,-0.087348683090043,-0.0643864783625789,-0.0127628386155807,0.384977166463322,0.0561591857319149,0.11555431344913,-0.000545922975176478,0.122597711575904,-0.160471101921293,0.0671657155416175
-0.0140197308256831,-0.00790859191596918,-0.00572048032314944,-0.024691373642192,0.707305232588672,-0.00252207364633641,0.0437267783363951,-0.0715097233460789,-0.0166569317861134,-0.0277533754561072,-0.0767757930640236,-0.00539504291448673
0.0346288287756144,-0.0102782248568431,-0.0254685648398507,-0.0205568949129894,0.483622765016537,-0.0136401907846551,-0.00513014672934702,0.102477729433195,0.00601791033599352,0.00205591102389342,0.12161313327743,0.0696216576181569
0.0823524951378492,-0.0469777009928048,-0.053584419860426,-0.00357267517541639,0.213752913651655,-0.0194563250030426,-0.044571360880935,0.163596529103992,0.0207040166352769,0.0349811733643485,0.395390868661133,0.045540781539092
-0.0169701259208195,-0.0594137373322956,-0.0453906560420819,0.0437384253637591,-0.0191151000055909,-0.0659654552796021,-0.0498458585727199,0.0127834342132341,0.049770800570472,0.00132838329032746,0.544317583791789,-0.0399959946428922
-0.248319108606841,-0.0497693937974669,-0.00728474257937221,0.0223239226363586,-0.0530684135383839,-0.0837820974849059,0.0322962826063569,-0.165677481434136,0.0545967854105398,-0.0147903106788369,0.380059966940491,-0.05871362288467
-0.49165149604594,0.000300415935048151,0.00882839539843724,-0.0157255216434797,-0.0420914348241088,-0.0412827640458936,0.0521742247192249,-0.110336940155234,0.0338527004998203,-0.00198832246505931,0.124927347267773,0.00430469652097796
-0.649785638679928,-0.0127954815686129,0.0137793541846978,-0.0390885415192674,0.012235947475847,0.0237210779052666,0.00756939675620206,0.0656201856713391,0.00547074600595234,-0.0364838003482267,-0.0748942224778712,0.0591659723611664
