-0.00092237315697768,-0.00699131862532887,-0.0229788781573527,0.0166610568402773,-0.0497456488301444,0.0164534443252,0.0104625315702955,-0.264590870337064,0.000165699214949419,-0.00161493091469873
0.00428507156664668,-0.0124448811394055,-0.0171341075252428,0.0176514074731679,-0.0611935876683523,0.00902870785701002,0.00902181926927155,-0.272626532731572,-3.31196897243721e-05,-0.0163937869753355
0.0124994881929666,0.00079537232598324,-0.0141813869276567,0.0140847343401785,-0.0511606678514383,-0.00975473853043193,0.00769607567559267,-0.251543776702,0.0014141986326212,-0.0229556582619174
0.0198957498360927,0.00247245273971064,-0.0144386072727887,0.0183475549347658,-0.0596930529305819,-0.020766098842743,0.0074708545667466,-0.249745091391502,-0.00146258713724694,-0.0378944086916772
0.0194782703310857,0.011449056545871,-0.00839578021153354,0.0158401438269331,-0.072692955510867,-0.0502430916125844,0.0232996225681858,-0.231376694631879,-0.0164140988327258,-0.0511219719655532
0.0242125243923532,0.0175307085634324,0.00689697226848988,-0.00138799884692924,-0.0579830561069859,-0.0577489295699923,0.0486721109888901,-0.196714237616391,-0.00321436669784795,-0.0574589852930616
0.0256306288977038,0.0235193833288232,0.0135125934176638,-0.00695423514756193,-0.0648228555044603,-0.0734032186618956,0.0605451888746843,-0.175029899916309,-0.00561263260010989,-0.0734852932873978
0.0307316031897635,0.025759372281487,0.0180235609021426,-0.0106847441210046,-0.069946417454291,-0.0789344179933362,0.0864423133777542,-0.143016137424438,-0.00954127317228869,-0.0704974521677308
0.0328645235545037,0.0172550642344095,0.0229543486169108,-0.0125011003056869,-0.0784393760363596,-0.0838322368483393,0.125651287547783,-0.123026336190316,-0.0074421897054553,-0.059648081466016
0.0397177273086176,0.0208228224478827,0.0190969082017444,-0.0132228749119073,-0.0644684882049968,-0.0984491459338573,0.169034972013087,-0.0704049985277327,0.0033210945359363,-0.0445834525091766
0.0382718571409042,0.0197578738028128,0.0227846652383366,-0.0158989822061575,-0.0625854085819517,-0.0957065911986189,0.206585368367062,-0.045347633768175,0.00461241121242324,-0.0294337010173038
0.0353303446327371,0.0133078350841736,0.0131668697609575,-0.00991668670358502,-0.056653815510377,-0.0731040433252845,0.227733272382065,-0.0353959686982992,0.00728841347958269,-0.016834917965592
0.0337617263197595,0.000754603914891175,0.00181430137847899,-0.00108681733460374,-0.0509298792030907,-0.0442240123516567,0.261647069331998,-0.0278400572646542,0.00548225821746247,0.00158257837132823
0.0287164761998719,-0.00270917446828442,-0.00440430631836707,0.00366925601497713,-0.0410976306714186,-0.0181784908372034,0.271967069048915,-0.0248246139357735,0.00710822253458133,0.0128079052438054
0.0234787704396746,-0.0064405913706196,-0.00799985120087261,0.00879549684144678,-0.0297240286599629,0.00344403388297522,0.277289026521913,-0.0233284108455406,0.010498201175189,0.0213990282605893
-0.00443557621429382,0.0213344835763994,-0.0160598805905045,0.0134298531242096,0.0197178747105835,0.0237486025129291,-0.0275357201490948,-0.211344932169325,0.0150644588448294,0.0289379689009126
-0.00112114251002744,0.0230384563261525,-0.00820397905498269,0.0153413117716049,0.0214577948765291,0.0207376058242318,-0.0389592455502377,-0.220607404459775,0.0138909874319673,0.0159242193233041
0.00518787657444221,0.0401575426650025,-0.00957561169843964,0.020150732859654,0.0374323654033691,0.0162249431107987,-0.0497334115406072,-0.196548818729377,0.0178522811345362,-0.00230323462459653
0.010272755026399,0.0445424448033331,-0.0110605328157249,0.0252053365917876,0.0294595785022216,-0.00291637920315762,-0.0462192603549303,-0.187951082989501,0.0146521263761675,-0.0182514865700597
0.00991392193375147,0.0634208753097802,-0.006095156836307,0.0230487334286712,0.0368948380188604,-0.0194019114732271,-0.0441464385656345,-0.159225927472777,0.00903354328199565,-0.0488009306703189
0.0151489873023299,0.0740426954263647,0.00253560451797919,0.0185048480157748,0.0308721921006746,-0.0469327144232421,-0.0269253902094922,-0.127395699641657,0.00443557383873295,-0.0693685524985533
0.0171693864544672,0.0790208624508239,0.0192546670705407,0.00417746516395817,0.0146148202022905,-0.0654560755460652,-0.0033616891820677,-0.098377536985917,0.00136139233031976,-0.0825256675942198
0.0224676822301008,0.0731545228589119,0.0282494096123621,-0.00357296198383396,0.00956368321970166,-0.0736051863691415,0.0271722562590307,-0.0739359590813919,0.00398333909470591,-0.0811453151676481
0.0342757679539965,0.0694057371229127,0.029539727910777,-0.00595236494363586,-0.0028642721891592,-0.0930190328741785,0.072191232977464,-0.0283314149985549,0.00151656098964412,-0.0734665967927522
0.0352195970542207,0.0643165616655017,0.0212495705387699,0.00175916910791141,0.00333392195094456,-0.0908648045443371,0.115160462621156,0.00359960885425525,0.0042277220461022,-0.0626693043414913
0.0299887210616959,0.0615095371211941,0.0236843020338536,0.000340296151241013,0.00393938200676544,-0.0795953939947998,0.164353434231355,0.0317790186581462,0.00577967576760129,-0.0419303315846735
0.0217837691136303,0.0578126775781254,0.00618800048782162,0.010396656341191,0.00908624244516034,-0.0448554093622156,0.195641641793101,0.042709672780696,0.00532039276182828,-0.0264742689170246
0.0138154556977566,0.0446834713291168,-0.00833783912846048,0.0171844055918583,0.0194612837073102,0.00057986638291533,0.228932136731983,0.0451603578585395,0.00969486246326027,-0.00226218181494143
0.0107529218071914,0.0361992367799396,-0.0102815312604245,0.0181016034564744,0.0274453146592347,0.0240231146919714,0.238582434141271,0.0405764726325501,0.0129989992291122,0.0107277796025916
0.00891178948218723,0.0184593356197017,-0.00926352071835838,0.0168206407804266,0.0326384538867508,0.0514775606796666,0.262237665982566,0.0364682147981754,0.0172681739435323,0.0328358149480414
0.0001634733882123,0.0407265105160463,-3.29375042247351e-05,0.00342636999597325,0.0793232760853081,0.0266190671505923,-0.0428186726429736,-0.137515313593194,0.0352264829205707,0.0841032622435932
-0.000529884914906145,0.0407982765881657,0.00398842678298088,0.00710071433898068,0.0784206353780607,0.0276035037297359,-0.0520755031653042,-0.145220762574682,0.0336893040005914,0.0675505916626404
0.00143050430605863,0.062207796927754,-0.00154911902945329,0.020453021676158,0.0905057118065647,0.0276214124477517,-0.0865620853747586,-0.139292874852065,0.033785922305969,0.0292742994128086
0.00808241962491812,0.0775406447959416,-0.00546406252188286,0.0241914516362572,0.0944376579393149,0.00709584612716068,-0.0864502467365865,-0.121048334207552,0.030347748742324,0.00608484241189373
0.00643583462593723,0.0936425997656144,0.00295222095576381,0.0257000796158374,0.0892166440473185,-0.00667730583946598,-0.0893053497234004,-0.100680538581262,0.018737128471306,-0.0257525925381464
0.00735211895604982,0.108271884262158,0.0181058744384095,0.0207622214222321,0.0808118065229704,-0.0337377049130976,-0.0806167329663462,-0.0680295474859062,0.00987678710832815,-0.057144283429884
0.0113074180621783,0.115797068215099,0.0195548909871373,0.0184488810826191,0.0640633159628524,-0.051187457807992,-0.0569539556166442,-0.0339036233034023,0.00243038434514226,-0.0787209480521396
0.0234855887854268,0.114370742395741,0.032117484224616,0.00317521268400458,0.0517466202069846,-0.0730618004327373,-0.0211880538327928,0.00601740997060908,0.00354037837385412,-0.0851713740727253
0.0342919212410665,0.107214924233479,0.0439294169116011,-0.00682172259043451,0.0441817983356996,-0.0845336059489124,0.0124295066392529,0.0389923116799303,0.0105238519813937,-0.0867034005030656
0.0355570110910471,0.0983273425400499,0.0384927297759895,-0.00303346293447745,0.0441583689937644,-0.0842716090580129,0.049498968246837,0.0573030181583023,0.0137320974838414,-0.0827234473587011
0.0264573097082737,0.0952482023090961,0.0295283892686602,0.00271851097937086,0.0494774699243831,-0.0508816716949888,0.0785570273009646,0.0683775849933954,0.0120429145526806,-0.0724320419131533
0.00739659324166434,0.0955523800861619,-0.000971688952219753,0.023675301604667,0.0586308982157703,0.00748125803400577,0.0995588822787295,0.0690306375861944,0.0101885553984235,-0.0563379219133635
-0.00217340502198438,0.0823175689080597,-0.0161737319376261,0.0287417199785097,0.0699349978622206,0.0518813821643226,0.157338301506844,0.0794226387874456,0.0153152093438613,-0.0208875327973506
-0.00610509224246007,0.0680708509224067,-0.0184647211234879,0.0304794986591787,0.0705194688894874,0.0777829612045643,0.169751341377528,0.0659270343252795,0.0156559515805157,-0.00702060085014267
-0.00684883342717431,0.0499181919890049,-0.0155501468297507,0.0294309339944532,0.0766138980584842,0.089611415155535,0.197260007773544,0.0618982585276117,0.0171120569558905,0.0120078429717586
0.00790777625193875,0.0532591733842943,0.0144895999486222,-0.00608370216071579,0.112973136023125,0.0147199536461441,-0.0396073389744787,-0.0796884742290141,0.0469737057391819,0.149171502244352
0.010361708582986,0.0595940729553191,0.0137111338851139,0.00195506278998642,0.111301130635459,0.00724386401364729,-0.0478453771231331,-0.0717244395125678,0.0397441796957073,0.140487577870545
0.0117011502230795,0.066514605759053,0.00542352040673088,0.0138737923090294,0.0993366878624379,0.00883030954152761,-0.0654984886838547,-0.0710143073300252,0.0345138198268488,0.0965496560597401
0.0131821963405488,0.0924898498135927,-0.00330487172858049,0.0224542519707034,0.0859812341871338,-0.0110728899445539,-0.0864517565800668,-0.0540792280206412,0.0142348133976508,0.0480225325440134
0.0110515573362888,0.107184627514846,0.0130179841333387,0.0177741210661365,0.0849906903195766,-0.02974697695119,-0.0938442371305138,-0.0354570485341555,0.00912763361567254,0.0102537542255927
0.0196135579797704,0.121648504192017,0.0237268727869567,0.0122936867790407,0.077633206072316,-0.0557136109333684,-0.090171098274354,-0.00213627341201149,0.0101312216965092,-0.0246152727708112
0.0317309704401152,0.125474916836366,0.0173351309418926,0.0117565664763866,0.0596983409243672,-0.0653015607599068,-0.0726058263493203,0.0296839303702999,0.00855306811902709,-0.0531731859846168
0.0390000328582164,0.127525830992643,0.0305229210056437,0.00765758332625652,0.0513743929725843,-0.0749635560689993,-0.0653489662369503,0.0489993261723236,0.00469707103794456,-0.0802580575643455
0.0439448823225084,0.122093547685676,0.0433483501219631,-0.00274054419626596,0.0489272312105688,-0.0730922952908007,-0.0444122848902492,0.0695279179222124,0.0106997047453876,-0.0941118412198534
0.0410023201574987,0.124472355821131,0.0325381676488084,0.000814371031507747,0.0469641089600925,-0.0479614792048347,-0.0328560008444144,0.0795152268946866,0.0093236202703967,-0.101635516294033
0.0288653836304058,0.115740898344227,0.0176298006771163,0.0107395996985634,0.051034410398269,-0.00164083150056177,0.00586652518389939,0.0859800309085688,0.0107207730649377,-0.0872170259031874
0.0110560472140846,0.112089018525433,-0.00889426227127586,0.0274592099055964,0.0661776624337804,0.0585471542419998,0.0326189768445197,0.0861925391854038,0.0127598554378337,-0.0669672148128724
0.00193020999450479,0.0959152093663205,-0.0257610765362521,0.0358969614368161,0.0660907702869274,0.112370632884998,0.0687672492588483,0.0781165099661951,0.0119525773862787,-0.0366034058357537
-0.00890188420145755,0.0827391125264659,-0.0244284012881956,0.039051117169531,0.080465234212663,0.13558826250462,0.0872399786524569,0.0628775407618158,0.0136810209790876,-0.0216786364968732
-0.0127652112547737,0.0617847794801881,-0.014443679997789,0.0363476581461114,0.0837907972644352,0.147618580137579,0.116170638756763,0.0517739670453894,0.0111823101529908,-0.00158335584709176
0.0212142074146057,0.0530940827594441,0.0139219140379799,-0.0102092634143395,0.0917432895502152,-0.011275530652218,-0.0142480118077095,-0.0150586515238868,0.0347843874127159,0.219733494125761
0.0308980185616174,0.0523024595512879,0.00879799115948018,-0.00718967213489894,0.0819607159031354,-0.0146272215559162,-0.0136264477847726,-0.00536397255380802,0.0338213366821313,0.208180050278982
0.039874505832671,0.0574081456538213,0.00732707566572691,-0.0018313712960741,0.0826542165668563,-0.0211543899995109,-0.0176137971553757,0.00850934558827954,0.0368469784364416,0.200115979668912
0.0525087021305678,0.0689350109006378,0.00903102831034154,-0.00358807887812256,0.0674350356649147,-0.0474800519241833,-0.0282513464553983,0.0298773822830935,0.0291807140645471,0.168257740824528
0.051371794147648,0.0818968986075892,0.0147050185798483,0.000308284039330847,0.0537569605012967,-0.0578458791113743,-0.0350668086609274,0.0441609926371739,0.0239531437502802,0.116538344163888
0.0492505333154338,0.106730648865829,0.010649309727908,0.00675471173865126,0.0253901539520643,-0.072450046367736,-0.0723026382572295,0.0499593866017675,0.00386917828386328,0.0229533721305885
0.0720651461820696,0.109322981039765,-0.00284623994157786,0.0114240978822749,-0.0149377183674938,-0.073931603362975,-0.0829031513518934,0.0641557003583076,0.00276175058843753,-0.0121875156457453
0.0828011926832585,0.108560751730754,-0.00943914760514447,0.0134884761353188,-0.0442988158665254,-0.054059386440706,-0.0936666054705709,0.0698950483184233,0.000235610245185632,-0.0553367017113136
0.0798578838321068,0.109699039502809,-0.00265766679126427,0.0122706098669203,-0.046293466210867,-0.038495027688091,-0.0923857798940989,0.0739829213381835,-0.00206314854504158,-0.0821849639129307
0.0681309983726315,0.114563531530808,-0.00760131173580008,0.0105927690202417,-0.0505083820156812,-0.0040691095209879,-0.0862473931343678,0.0704014120413556,-0.0079333939114066,-0.0939196203387166
0.0584156970147894,0.0975509370384308,-0.0198026073300472,0.0158758037992881,-0.032386480549935,0.0502670766257753,-0.044124288266021,0.0704872421852083,0.00232062887286586,-0.0708164322385862
0.0508826604884036,0.081737528812573,-0.0299538745977314,0.0191120428220439,-0.0145400393357793,0.109030150109804,-0.025506792798168,0.0565238148082917,0.013629770260354,-0.0529547593169465
0.0258760121231669,0.0750269819947935,-0.0282834772611433,0.0253457744738426,0.0180512606703805,0.155734421111329,0.00398666761075555,0.0485659687544479,0.0133542780467348,-0.0396241790374122
0.00632184198160991,0.0717484994593692,-0.0285525276418768,0.0315161301385069,0.0419370808964595,0.183984767466051,0.0208947386136461,0.0418152535073712,0.0088878455813932,-0.038280427992604
0.00104126442551975,0.0617781457225804,-0.0237938380240166,0.0339685856692937,0.0558705128116634,0.182283280139628,0.0444495793232167,0.0402209785665952,0.00527096837815009,-0.0176540776690244
0.0299460531766986,0.0371485711279873,0.00223342424572725,-0.00961997003590025,0.00917161880636116,-0.0160300574889234,0.00527912901224152,0.0172114922833822,0.00766405290133899,0.243671735709263
0.0411575898994781,0.0347069685653318,-0.00155866177263747,-0.00299648923252593,0.00699652367976287,-0.0168265760352991,-0.00135115485713012,0.019090518136513,0.0171290180103964,0.226926024754613
0.0507450825749017,0.0323017064116855,-0.000454142898726059,0.00117130996792179,0.01028824957286,-0.025938870719451,0.00295476289803619,0.0322403338786199,0.0243084356520432,0.229642540748313
0.0599163575897273,0.0335067515771613,0.000634867671530521,0.00329650056139266,0.00190334090439673,-0.040923593578008,0.00219060271039464,0.0478523336662183,0.0224570977677489,0.210687166660615
0.0661182895230835,0.0384865875327701,0.00071135819937021,0.00374853027902631,-0.014955694260903,-0.0514985412608913,-0.00860787172673648,0.0558288912026594,0.0179139630433305,0.164923408655959
0.0728535845958505,0.0700671236843291,-0.0230331584306686,0.0196943628304061,-0.0494312538926227,-0.0567083108433351,-0.0459682832997481,0.0732683472056528,-0.00595461117404112,0.088607584698871
0.0802114280553612,0.0791960908134599,-0.0222517448556338,0.016003789052913,-0.0673203741082131,-0.0631420918666397,-0.0680141872648724,0.0823057020842458,-0.00525794377517267,0.0160753963728051
0.090358472779839,0.0789474927807257,-0.0114215627188479,0.0143265266315654,-0.0887116340065799,-0.055452375094577,-0.0895527591368639,0.076447900416892,-0.00750732583270163,-0.0382116054990329
0.0850606925474863,0.0784749328073833,-0.0108742608076525,0.0152271390998257,-0.0862074155989933,-0.0215506051101139,-0.0934503230754461,0.0674961984336367,-0.00464737308163532,-0.061626055360687
0.0812908773213536,0.0773977034628354,-0.00881885632379609,0.0059000219350988,-0.0866105174754317,0.0127993138901739,-0.0818204738311156,0.0692831911503674,-0.00388739838283075,-0.0615028253969529
0.081535369130652,0.0606977039972396,-0.0164781982798708,0.00924299179655232,-0.0759112945554041,0.0706689037700197,-0.061652369362907,0.0554997023805784,0.00963362981023682,-0.0515066095313841
0.0629417054967202,0.0493509487584061,-0.0256118319895068,0.0124697662374863,-0.0488378546935294,0.136857120409676,-0.0486480682511149,0.0331970300041395,0.0152092016910273,-0.0476251611882726
0.0458864529990574,0.0400908037850263,-0.0292593320220552,0.0199340656543469,-0.0354726396797568,0.188711065439952,-0.0329482569495643,0.0168426286927954,0.0110077656915193,-0.0423280378406358
0.022183541619891,0.0376188660511835,-0.0195774144951153,0.0202665012579332,0.0114827315055447,0.213773462899864,-0.00738089007462104,0.0140052022926353,0.0113882538727402,-0.0254836620415216
0.00728218776708007,0.0363222448157777,-0.0137213946437265,0.0244024837436849,0.0283121271410923,0.22018944912106,0.00791527573559354,0.0127260999521425,-0.00253979378656881,-0.0162097895807758
-0.0177823014932876,0.0276580898348447,-0.00190081047810654,-0.000426542258553751,-0.0588838615446629,-0.0121966306699313,0.0127434616078877,0.0124869742878248,-0.022387020252193,0.212719183609709
-0.0160116581261582,0.0225098282487372,-0.0062846165983485,0.0155100010110904,-0.0719620936807776,-0.0216066334297599,0.0180544914888935,0.0222890402416648,-0.0207784791265594,0.21099810142734
-0.00685564824670671,0.0132527465661877,-0.0111004784855294,0.0269338680146888,-0.0721901706047009,-0.0246983861865405,0.0219890933120875,0.0300256217756022,-0.0149048770407222,0.211265478492787
0.0112661279495104,0.000347119603998795,-0.00950972652870681,0.0361758935361812,-0.0782698116478991,-0.0305295677023676,0.0183233367990461,0.031856999725323,-0.00297419645319597,0.188736976193184
0.0147085471671219,0.00218798728754956,-0.013864215726252,0.0500890715389165,-0.0928985405354742,-0.0426524024020556,0.00136043565712132,0.0370338413674786,0.00555628095847334,0.122899793258665
0.0445068789257071,0.0018968069209574,-0.0271676431108616,0.0590204229974224,-0.134993434163017,-0.0593036716507174,-0.0243549945648109,0.0535666756021358,0.0189405189262747,0.0584843647925399
0.080738867739678,0.00591171401576615,-0.0232734320546042,0.0411367711580266,-0.141802876345854,-0.0692786375226074,-0.0474757288660705,0.0633184521530489,0.0179094522776971,0.0128104583588571
0.09890068016913,-0.00309369181226991,-0.00209792538000851,0.0274866028469653,-0.137205519180405,-0.0595691253488534,-0.0577495932989539,0.0579373436195273,0.0286535606768043,-0.0173323116065397
0.0925864449550771,0.00222298406177767,-0.00931182781556145,0.0293757076082541,-0.132417390566436,-0.0154836092581156,-0.0657065555271453,0.0470498431019214,0.0338672616100337,-0.0429323561609058
0.101478833712019,-0.00238525972938771,0.00123338629704055,0.0141047600732632,-0.12359522803763,0.0201009671219666,-0.0663761911181398,0.0409140855013677,0.0460682331621401,-0.0446671241256271
0.0942095627302799,-0.00114535805321382,0.00147661252347285,0.002856039639857,-0.102648405560049,0.0859360191630022,-0.0575564144939829,0.0270475427770785,0.0329149568457897,-0.0343938161375236
0.078471792002812,-0.00586224801792086,-0.0026645747375723,0.000749981230663299,-0.0772201117786676,0.150013357026353,-0.0454431461388672,0.00893696152837291,0.0283573346697336,-0.0212886045890763
0.0520254769051869,-0.00115971304744278,-0.00223535361077708,0.00593571497221518,-0.0576110728589799,0.196407832331819,-0.0373291336727529,-0.00423428537321336,0.0128821219414745,-0.0254616739123599
0.0351287058670838,-0.00598614427788658,0.00235739732617172,0.00664472978283401,-0.0252415447953255,0.227590956599764,-0.0229665293684723,-0.0159083502034793,0.011940387204824,-0.0223452278286791
0.0146328555777697,-0.0142756332660558,0.0209560113408292,0.00704204158386414,0.015235427054451,0.223289208747681,0.00506943192855439,-0.0208788788577494,0.00812494955442776,0.000302069873734632
-0.0842958870531417,0.0347005051285429,0.00226600504787024,0.00165044919333521,-0.0980567748083094,0.00461652580692862,0.00269815592648622,0.00380586688938303,-0.0393729552359577,0.138146336162982
-0.105858740887926,0.0355007258796918,0.00387039851649618,0.0252527739961766,-0.101157246088446,0.00464921966983811,0.00167846307122423,0.0110898607310887,-0.0420322947630846,0.122305159574384
-0.0934688654267088,0.0268579799688007,-0.00446949029008305,0.0397027250826026,-0.101180052899148,-0.000517626962300115,0.00341045226140134,0.0171966349594986,-0.0373450912031564,0.132946273654559
-0.0537317526017752,-0.00936589490324805,-0.00681903724253615,0.0463139116051345,-0.116823049122991,-0.0126453490231561,0.00400985797516193,0.00963098806604147,-0.00944711404780505,0.101259499087185
-0.0427096950076303,-0.0176123513711165,-0.0188198022984184,0.0804820724241782,-0.120083980653685,-0.0306483751950852,-0.00399882836628621,0.0231898966078205,0.0173616172236675,0.0635439702808375
-0.00503208640367604,-0.0276465552111097,-0.0243007818796859,0.0777041491966425,-0.149632999650251,-0.0444876482989387,-0.00914593276939345,0.034176095043893,0.0211166028133494,0.0298033419332157
0.0296554139655926,-0.0430519911149546,-0.0118899603134968,0.0645133526900856,-0.153584010775666,-0.0611179456922227,-0.0126773928393199,0.0391115743640881,0.0416469749006149,0.0102815021111378
0.054507002699239,-0.0594051415923363,-0.00147344988035401,0.0571684393122444,-0.160637389356087,-0.0565068343424737,-0.0232622610049464,0.0327461649085128,0.0479679394780585,-0.013932019672763
0.0666163817501671,-0.0531400577045887,-0.00931175389537922,0.0488676351610328,-0.144043690350221,-0.0105972292549745,-0.040233181238207,0.0256222340875865,0.0605465518478345,-0.0332396022482993
0.087009915625212,-0.0575863300121344,0.0184667992697888,0.0182845233441466,-0.122916983918386,0.02320482661166,-0.0418575156178234,0.0199956001623729,0.0650670993390635,-0.0319922471815264
0.0885623434237061,-0.0696406414926013,0.0508912594642405,0.00340470665943827,-0.0996522543853105,0.0553863994074037,-0.0334632689287234,0.00817162836409265,0.0630321944558082,-0.025473678014129
0.0783902020789217,-0.0666669783031179,0.0509064217819629,-0.00238395823789029,-0.0848892372761737,0.104266537643382,-0.0291247155011168,-0.00383932011467664,0.0520550118060022,-0.0206320729900475
0.0559369311502541,-0.0613723396077946,0.0572591331778705,-0.00908430628146385,-0.0601078442185569,0.149909356887461,-0.0209437246756774,-0.0225919244547637,0.0331690527138953,-0.0150443515692096
0.0348180732589853,-0.0523311383542528,0.0556467258236182,-0.00940635282705268,-0.0270353253474188,0.188873740813171,-0.0124545204973549,-0.0323559372448556,0.0140506873034419,-0.00760386803034288
0.0154386922845445,-0.0436158912590466,0.0522831507581048,-0.00375072061396575,0.00290188026391411,0.207853954371179,-0.000148740253119423,-0.0346862925670843,0.000919833249141211,0.00205718022515709
-0.146413026481531,0.0464153009298792,0.0154460456672787,-0.00535572279355442,-0.069147691257473,0.0259313222215469,-0.01332544231514,-0.00243761582778729,-0.0363606084653311,0.0739964177907719
-0.157249394847191,0.0381490659239106,0.0126366484775281,0.0177218842274695,-0.0780385055258163,0.0207535846283513,-0.0143840707900317,0.00197989558866303,-0.0294653772613699,0.0550125731969856
-0.179557177926558,0.0349677371289283,0.0182408683497503,0.0447960309166487,-0.0707759147635465,0.0183672859481301,-0.0198709366508174,0.00148493239454806,-0.0212951064395073,0.0305108057880531
-0.154626866940433,-0.00112180802968472,0.00251704466551023,0.0796367573322481,-0.083972238959909,-0.00734094516165314,-0.0133044294830289,0.0091732461411247,0.0120003485600779,0.0128996544492915
-0.136605866271773,-0.0133955103362912,-0.0176315617827658,0.0997587064946373,-0.081965022892381,-0.0106125906159599,-0.00827224325077001,0.0182648502239646,0.0314839583673956,-0.00474951997242307
-0.0880306285840375,-0.0435307856224075,-0.0151218602449013,0.104273704357884,-0.0929759391453851,-0.0268546422831921,-0.00630903643014322,0.0202121910258004,0.0470895703079883,-0.0147884066961049
-0.0193490100918228,-0.0815827798268034,-0.00475956679272592,0.101318550091633,-0.103285782433331,-0.0545722740492505,-0.0092333268963446,0.0249567411075662,0.067882437075882,-0.0213476033145546
0.0212756503859757,-0.099306726216894,0.0124423118020991,0.0753694882176199,-0.111021013288976,-0.0548267398798594,-0.0111714766280772,0.017676909174308,0.0776598851461421,-0.026759698815009
0.0189647701592652,-0.0985851008708455,0.0177340478211346,0.075716534302614,-0.097281211414894,-0.0332292639118683,-0.0184196850363938,0.0141822864297989,0.0848501593851944,-0.0373995503056212
0.0483552391896874,-0.0974734591116171,0.0524157091211348,0.0329876994647835,-0.0698136078852962,-0.0095972253603319,-0.0262301213747881,0.0103330552957195,0.0871158137883102,-0.0337866112230075
0.062881440198773,-0.10078147143643,0.092163450476782,0.00701118458007561,-0.0559623033193288,0.0145542134227973,-0.0211188807406027,0.00560857069947942,0.0729647822581111,-0.024661366255352
0.069564698521077,-0.103073626925028,0.108149210308098,-0.015754489500877,-0.0473605870182226,0.0559273994364488,-0.0176038385973252,-0.00984395109923007,0.0567593173151806,-0.00923931500310532
0.0566883956715028,-0.101703924690683,0.108423832736236,-0.0139597292606236,-0.0504801891370523,0.0960873308843579,-0.0119636529163364,-0.0224501815909911,0.0307539046591266,-0.00392793411372105
0.0348183788558783,-0.0770044883561264,0.109696246433708,-0.0187545774937316,-0.00777824141453194,0.128704163170713,0.00159570602582536,-0.0218795602795582,-0.00429706570768163,0.0161739855556584
0.0136950157311067,-0.0617759054704716,0.0903266330238295,-0.00675881533921476,0.0134737611465038,0.151994244478786,0.00832786331012695,-0.0229956173989722,-0.0250807018551586,0.0184806201937127
-0.166990311735653,0.0495445028846503,0.022035835403136,-0.0384414576224396,-0.0470975694135831,0.0229936235645544,-0.0175310390122992,0.00438235237840934,-0.0279882616483516,0.0299671854970714
-0.199286865532143,0.0423742327286448,0.0145886919504344,0.00649978200922429,-0.049296864535103,0.018314204415914,-0.0218906748710826,0.0021072368410584,-0.0179419984937871,0.00781992076863421
-0.222464931397112,0.0354568700467334,0.0131316555923536,0.0379274369924266,-0.0417790158265569,0.0195340230469251,-0.0295418131703599,-0.00248166914813098,-0.00625671838114836,-0.0212552012447707
-0.190305919774113,-0.00103642838657936,-0.013902045886027,0.0741105321495735,-0.0294344269764293,0.0126229203544411,-0.0225038630542286,-0.00016110780932327,0.0325313442233973,-0.0252138722410676
-0.166052007218974,-0.0170535231665804,-0.0344097360784717,0.101541448869798,-0.02916989810443,0.00138977537031108,-0.0172048428208374,0.0161567342494747,0.0438840549499121,-0.0332220231752645
-0.120337021533408,-0.0543739862310382,-0.0210400948224075,0.114161907281569,-0.0062434171733678,-0.0336890889943771,-0.00618429442809446,0.026623818431188,0.0802885031324608,-0.0407382685456879
-0.0738017717620718,-0.087272611418092,-0.00122310119281657,0.109290553391655,-0.00703208249157449,-0.0536437892754726,0.00307239226046809,0.026733067257921,0.0897520120383361,-0.0333936485400109
-0.0287760172645596,-0.110532288061244,0.023521813183075,0.0908818963204198,0.00265000415333207,-0.068371511683272,-0.000199326008343796,0.0235753190873703,0.101670099629059,-0.0296767407420691
-0.0267943702797636,-0.11466691743205,0.047602249981993,0.0831943630182179,0.0216912968776947,-0.0584059686322184,-0.00762081139062015,0.0199701801812826,0.111649483213111,-0.0338327024140627
0.0114827667619432,-0.107015374688127,0.0991964708779065,0.022564903000796,0.0535880069719652,-0.0538043785439792,-0.0152071471147066,0.0208959286913855,0.100710989737286,-0.0290924691633672
0.0250775850384589,-0.106213968382754,0.130889553360723,0.00241373970571062,0.0527367246832373,-0.0333341861358043,-0.00995062972105215,0.0202361411146952,0.0753496669244378,-0.018095686824465
0.0262806355476666,-0.102991436778085,0.1504878227929,-0.013890051154851,0.0568445046852757,0.0016434192547295,-0.00916597798733808,0.00876626032737085,0.0552402630479342,-0.00829212763926794
0.0301318269921203,-0.0986741389475149,0.152736856293601,-0.0229779386434406,0.0389615434462348,0.0356280641155807,-0.00527868504757404,-0.00399003224592601,0.0160226489635597,0.00222692633441614
0.0226029647561181,-0.0771957187373698,0.143568868524418,-0.0245641800882118,0.0323305821947549,0.0749446536237516,-0.00249936163966733,-0.0093014575338012,-0.0345805662606259,0.00924162883765255
0.0168905846875901,-0.0738017962975489,0.132541841506148,-0.0156751003857495,0.0286216240274788,0.0905686967062728,0.00948762375053939,-0.0114834793046017,-0.0516004191648735,0.0175623582413475
-0.170443118239661,0.0490854243266918,0.0373258136729542,-0.085292905306678,-0.0235427444122357,0.00853384047873144,-0.0221642947172096,0.0181944912733194,-0.0134296043331157,-0.0067076461135891
-0.185370291559836,0.0443505477184055,0.0267517218552424,-0.0573226536029767,-0.0243448314359914,0.008863190555453,-0.0260431863593189,0.0172796324149147,-0.00610290688922681,-0.0233315850259986
-0.204487848212389,0.0382832636150804,0.0133394458512609,-0.0261116123148701,-0.0103554496666329,0.0171119309024815,-0.0282719387368461,0.016091810463007,0.00715500060610995,-0.0429964508766704
-0.196561726274188,0.0126495123423114,-0.0165298204939502,0.0270703404785185,0.0025155754265476,0.0151428272196622,-0.022087828544391,0.0164069744067326,0.0260675981877602,-0.0441450386580391
-0.167189032001438,-0.0246588349899327,-0.0432208136028078,0.0663465385702458,0.0102017039100043,0.00791962721990252,-0.0126439528921577,0.015635581196283,0.0655694487645214,-0.0531344944679403
-0.119574033473823,-0.062267848162281,-0.0380740217008073,0.0930105534174108,0.0427201990742922,-0.0226510978000496,-0.00810025764111425,0.0214727534871262,0.0939963457441876,-0.0469959216088505
-0.0914764404292404,-0.0865460175322873,-0.0292416026218632,0.108710519841927,0.0627877134954075,-0.0370962027873907,-0.00355702801871763,0.0243017746227315,0.101602045297833,-0.0422365386336415
-0.0478969403437145,-0.101163200580668,-0.00240614877897642,0.0899757156232149,0.0794759300408985,-0.0557148170570497,-0.000494640614244504,0.0325454420431948,0.10069744329064,-0.0239572600529705
-0.0218537876759075,-0.108562032765195,0.0330489141336795,0.0643565171612231,0.0900438161063759,-0.0605882933461628,-0.00814110754736522,0.0278593274552729,0.105112431196173,-0.0209322019039334
0.0153563623144891,-0.10887223225909,0.0917964234624194,0.0102107708306592,0.101556679637332,-0.0658744876082855,-0.0134897190306148,0.0287842011519579,0.0813202237409997,-0.0155563435000343
0.0255639540527727,-0.108079222974159,0.125157665362521,-0.00962433346964035,0.0987757276993047,-0.0527246690206006,-0.00934899632695504,0.0297627238813842,0.0625781222024752,-0.0107229520007436
0.0360709793361439,-0.10643230581363,0.161247984583262,-0.0300528160439297,0.0929973545394159,-0.0356919905344215,-0.0106631439556681,0.0219443794572048,0.0312498774569542,0.000338689478439177
0.0288525190423535,-0.0940384974432954,0.165722089677003,-0.0305053806451102,0.0698792130146002,-0.00458419990895015,-0.00662244222818912,0.0119689616579028,-0.0263640846807303,0.0105479071144602
0.0190763206751032,-0.0781303535015742,0.162547650586991,-0.0323575277838747,0.0550978911767172,0.030251870129302,-0.00493276188430841,0.00194818975012507,-0.0698439258441058,0.0140739357786561
0.0103969238291768,-0.0686714203187944,0.142502571819694,-0.0145871020705999,0.0383711420898753,0.0543986420477744,0.0114147097203747,0.00403700595787503,-0.100883102161206,0.0180787158970349
-0.140837654609581,0.0458040193781608,0.0455209610392871,-0.144890928704991,-0.00654375454767713,-0.010055631939214,-0.0252113545723882,0.0288460929347163,-0.00429797597015229,-0.0233670871919192
-0.160614175436075,0.0429853834589739,0.0468981786464572,-0.135130393206509,-0.0100132201369449,-0.00976282235903059,-0.0223904488213336,0.0330933079983613,0.0049849112146942,-0.0327601626658811
-0.164238210280747,0.0353010290831974,0.0163148896386299,-0.10103643089979,0.00478113702814105,0.00401446534631978,-0.0228470313958206,0.0314505801671561,0.0135157654362503,-0.0387970425994611
-0.162102232023265,0.00907767482426644,-0.0228933408182235,-0.0473064260320792,0.0158214578175743,0.0106221629969551,-0.018445868841468,0.0233833484291082,0.0259324541999857,-0.0418986359406919
-0.13752590975957,-0.0149735551442893,-0.0788839848273959,0.00612233545723167,0.0201154131812499,0.0145393739787731,-0.0102160924355271,0.0247160223208336,0.0351896195844304,-0.0402333670686162
-0.0751450229644023,-0.0610205256524144,-0.0849110483195426,0.0379959913967854,0.0400592192308394,-0.00977991408633814,-0.00635789954918137,0.0185753714202284,0.0547407840115672,-0.0301162351779887
-0.0483490578155889,-0.0859170807434946,-0.0758390696581002,0.0693034283831351,0.0634547691900729,-0.0282217482799743,-0.00424781517700301,0.0209698922780423,0.0667927101268991,-0.0204100947966489
-0.0157177582695583,-0.0963612970919638,-0.0406682070835082,0.0608329837444428,0.0990326787487753,-0.0462345960846366,-0.0117017268128224,0.0278356319927066,0.0671771247621937,-0.0151522480195974
5.78889246665446e-06,-0.101209273644186,-0.0118227785802464,0.0508157647360201,0.110389312669558,-0.0613799787793308,-0.0131741842927143,0.030125952619851,0.0622716592647815,-0.0124421699792391
0.0185692605344685,-0.0950388552424897,0.0405697873654577,0.0149681897198355,0.117387728664024,-0.0671884701669511,-0.0151852371816609,0.0349168243423475,0.0374280619711378,-0.00857015022526257
0.0256215729478922,-0.0984325312188137,0.0806505506116811,0.00648702857313149,0.111168341239665,-0.0677483164651491,-0.0110396678484759,0.0379493448928123,0.0171183860963277,-0.00540237226440376
0.0236268940330307,-0.0850760452641302,0.112160982181353,-0.0095670422279769,0.0996449739815376,-0.0513081407300774,-0.0148519246214746,0.031086382156521,-0.0392208800519881,0.000941653171889893
0.0228676335992829,-0.0794729396764681,0.134251409843203,-0.0165730523062652,0.0742855398063773,-0.0283627774580339,-0.0150482944707959,0.0156945151455909,-0.0853447439886618,0.00693633326989407
0.0122453988823791,-0.0665986083352414,0.140040785677864,-0.01983206982549,0.0477349823109338,0.00078059689839966,-0.00970738646934726,0.00503891043632201,-0.126866241517903,0.0112027129275076
0.00244356965322581,-0.0614258511393755,0.124438903534249,-0.00780542877174379,0.0231143907233913,0.028577272774372,0.00900784397080443,0.00488502620985069,-0.158906033105924,0.0147044156895887
-0.0946172453852853,0.0297964530154934,0.0398744966057857,-0.196754647594108,-0.0121188392522401,-0.0284548254946764,-0.0229822166091389,0.0334367747111612,0.00460878906919537,-0.0277007523877766
-0.104519312217607,0.026576815560735,0.0386341192357001,-0.196660510708772,-0.0116412138309903,-0.0253440849065391,-0.0234313183619267,0.0332921697251266,0.01293625567077,-0.03545404482855
-0.0992829750173397,0.0133169637569262,0.0158496859016151,-0.178891214075791,-0.00399405193335771,-0.0156610062403727,-0.0167491570556377,0.0317926905410485,0.0171538398718139,-0.0336071417912893
-0.0792674684223567,-0.00587516278668915,-0.0332635868734936,-0.13596155897195,0.0130085830656526,-0.00239649607294415,-0.0147984493964648,0.0253122926707497,0.0265338420565556,-0.0299629852063109
-0.0495464038584853,-0.0327046659771261,-0.0969717531460115,-0.0855791859639157,0.0156736311801675,0.0110116003332768,-0.00730725851862606,0.0175783524957416,0.0347165049406303,-0.0243122076913847
-0.0206714520928762,-0.061091361395963,-0.126596008005236,-0.0276330703934787,0.0464778331790798,0.00826585311330946,-0.0100264907650659,0.0115902742042417,0.0403656554862192,-0.0174751219430474
-0.00142402854733278,-0.0781478074323115,-0.145599001892254,0.0233166399351412,0.0794949223803144,0.00510130452465312,-0.0147452411152346,0.011311373263704,0.0392758837085943,-0.0100652326133126
0.00927338007694035,-0.0806595700823549,-0.118828433515178,0.0349352954358893,0.104485823116855,-0.0140738586052363,-0.0180212199437387,0.0194371151182595,0.0230849546999491,-0.00765711590080888
0.0104449772563958,-0.0793990924098817,-0.0860057875240826,0.0379615202504045,0.11054554048083,-0.0357275597843675,-0.0202942657188535,0.0266490441460328,0.00517516798258098,-0.00965331014893225
0.0190730565852805,-0.0722117408264224,-0.0200841837261887,0.0140961387974627,0.108778261784278,-0.060274151781892,-0.020625852791364,0.0350923759585721,-0.0290264241926076,-0.00951854342036478
0.0173208423382012,-0.0676121627662973,0.00900513757456764,0.0171702533838021,0.10028662337915,-0.0587503312373328,-0.0198494117847199,0.0341407427435999,-0.0688804525774607,-0.0112227494346064
0.0135705571477558,-0.0608766396058844,0.0290724582927679,0.0220170540512303,0.0879133175683195,-0.0446964831275832,-0.0155862971276775,0.0309030280932481,-0.114873421485337,-0.00632135234738421
0.00231136984508848,-0.0532278827541366,0.0636398777714847,0.00934217545265138,0.0498097141534442,-0.0277652279400183,-0.0157959229702417,0.0216642971944451,-0.15015096273742,-0.00275387691418762
-0.00639356225433504,-0.0434796823110892,0.0749067453783026,0.00592891146698893,0.0148220282032398,-0.00117996646278176,-0.0119343403401777,0.00969711863059431,-0.190068421346272,-0.00406039498742521
-0.0116485007346692,-0.0441843659615429,0.0849620518902506,0.0108399429673238,-0.0179227238807415,0.0156146598801652,-0.00347345669731499,0.000298891423174723,-0.226379244487852,-0.00448588834512163
-0.0125519928776821,-0.00521556549361673,0.0180623657796824,-0.256075906058816,-0.0276542467027887,-0.0390689625892844,-0.0135270538245509,0.0243205109983923,0.0252655710127098,-0.00556621280518389
-0.0135315501248379,-0.0109990546005617,0.0140416216001945,-0.260044977168355,-0.0299951786278014,-0.0411623132470391,-0.00922582547200505,0.0248682805233362,0.02679454131446,-0.00853436950935288
-0.0167580494014349,-0.0207516222857423,-0.0106457071865116,-0.238799899015844,-0.0287239862922418,-0.0287489400917329,-0.00339132435120842,0.022303474083677,0.022969194135824,-0.0129403897223499
-0.0110018088102666,-0.0330245659695953,-0.0642320649672688,-0.193971822836936,-0.0207218282977117,-0.00324606158455349,-0.00100123498662689,0.0117733846783064,0.0180357132308255,-0.0106716537384712
0.0217136693383911,-0.0654359928622213,-0.145740758749014,-0.143139320519516,-0.00265066823452967,0.0263118709523953,0.00598591283319649,-0.00295951995603656,0.0417919907203921,0.00221629649215656
0.0272061333631608,-0.0725417729560381,-0.195892610510151,-0.0621165352713598,0.0400344511055941,0.0247664651570768,-0.0039458852217397,-0.00347056392208424,0.0272477915025862,-0.00322827425612674
0.0371420035058687,-0.0818272266379478,-0.228394482556939,-0.00824777817500858,0.0553376374606,0.0289584956923817,-0.00946364849213156,-0.00607995648891194,0.00547969096040147,0.00150868160191021
0.0331212735773963,-0.0789416806233959,-0.20265754874917,0.0174304575878066,0.0735404625963633,0.00661493627201396,-0.0145593541054364,0.0038116094711762,-0.0235974331774416,-0.00329630828576792
0.0247490774522542,-0.0692062981154252,-0.140355309563664,0.0197664126207793,0.0833435556879186,-0.0212170747620763,-0.0213699560028307,0.0176330286398824,-0.0490103707313828,-0.0107876649671007
0.024945760807619,-0.0618174498087518,-0.0910660991371257,0.00857219331255145,0.0733473227011218,-0.0438149775626007,-0.0233298349244402,0.0232830814859555,-0.0824067069781956,-0.016841361567791
0.0186582065589834,-0.0561227186767521,-0.0835989714791515,0.0353166972327426,0.0689709417318567,-0.0426346984606903,-0.0169526544670101,0.0252931035325208,-0.133329950203841,-0.0178172432143453
0.0135872988826882,-0.053826489722116,-0.04207702808803,0.0482769527668671,0.0545465165923015,-0.0411654200977541,-0.0161716865006961,0.0244047735675719,-0.176283954792874,-0.0154218285231791
-0.0025811541264789,-0.0423933384230026,0.00323067189229223,0.0338606269101445,0.0186276438837694,-0.0275210537648612,-0.0232205479701401,0.0151681193292891,-0.207031481533837,-0.0172243417304107
-0.0150291783681809,-0.0271204412887253,0.0229632513639985,0.0323566653967666,-0.0386080986157654,-0.0117347323318495,-0.0114272630321891,0.00750122758422113,-0.262679606534483,-0.022031898982366
-0.0229708137092792,-0.0258076240100066,0.0358517639050689,0.0313949878087155,-0.0504203800937826,0.00918157023992595,-0.00407908974003234,0.00022249290415934,-0.280865284008853,-0.0179831715071351
0.0237995979798461,-0.0308687533179508,0.0099606476768916,-0.279165254306951,-0.0487614267970281,-0.0370961066062654,-0.00420008447305528,0.0116481057881723,0.0317638510301099,0.00680954850615128
0.0258816767321622,-0.0359480807494523,-0.00317584489463808,-0.274063396274302,-0.0482761926717062,-0.0398067098494313,-0.00167995474048389,0.015005864725958,0.0283526323078323,0.00266895771120081
0.0286879696953843,-0.0514437935661499,-0.0413135875276712,-0.250413821195294,-0.0475094534269307,-0.0156858782248633,0.00469085367848372,0.00351820674708552,0.036492769675854,2.31084613251586e-05
0.0359438621345238,-0.064322229638203,-0.0915562155199985,-0.213558691227003,-0.035150418853714,0.00888433182731332,0.00972066614026246,-0.0081069795636957,0.0322342937299259,0.00330823590861811
0.049002460004572,-0.0765174882413502,-0.147205143157614,-0.161918700149299,-0.0136880691110254,0.0183262060821596,0.0107499701718311,-0.0145453368932828,0.0285778339457278,0.0077628159311375
0.0571824080038396,-0.0847578494465535,-0.206217282897502,-0.0935160757199613,0.0162698845739854,0.024161387487992,0.00628902938330248,-0.0143668780212607,0.012852430311559,0.0082419280494199
0.0605021352777664,-0.0922359894939359,-0.244229438179022,-0.0362895051553112,0.0303982884113661,0.0241560615029973,-0.000367216249102387,-0.0161688444365827,-0.0165752463311226,0.0116263246348734
0.0575220293940986,-0.0857953088747981,-0.237097412287795,-0.00726713605477084,0.0370716918037401,0.00729003481687152,-0.00794942202979057,-0.0115633773809877,-0.0549247547764394,0.00460438229200597
0.0388051058261971,-0.0721710972855657,-0.171440167106365,-0.014606709334199,0.036217490942684,-0.0204445221684558,-0.0156540499387355,0.00127228595992861,-0.0823363817527938,-0.00941943902743999
0.028781928625977,-0.0575463502125238,-0.12307490871881,-0.0155474972877137,0.0372690429384714,-0.0368214952472778,-0.0160274048105245,0.0122876896039568,-0.112705346571031,-0.0160874629834315
0.021909992066928,-0.0491450228889957,-0.11467940276699,0.007022646071944,0.0309455226032855,-0.0363364280005557,-0.0118530530185771,0.0159114838399742,-0.1542013777752,-0.0209061767631493
0.0146180068408944,-0.0434743161376141,-0.0942210618261535,0.0413861171005949,0.0172734047693782,-0.0303245734791921,-0.0112652275495081,0.016483121270139,-0.203438562659089,-0.0212749235478752
-0.00128146705296525,-0.0316879332237427,-0.0463901205762452,0.036315255996556,-0.0163277579610642,-0.0233397450506839,-0.0167180066192842,0.0125185507682838,-0.235318111162497,-0.0273023115235867
-0.0111100836179555,-0.0192151513376518,-0.0294564241461065,0.0386185496666878,-0.0489102248218106,-0.0148459472593748,-0.0112886404626466,0.0109841198609187,-0.273903198193943,-0.0330491303265908
-0.0200796513665054,-0.0182329272904876,-0.00524409005434458,0.0327508059560835,-0.0616396441472581,0.000634713866843543,-0.0038374029912516,0.00601514498114099,-0.286249521834311,-0.0324572321341173
