-0.0152275399831372,-0.00205576347721789,-0.0462579899495792,-0.265810239919684,-0.00409201328141005,-0.00230426119656906,0.00139659040079481,-0.0116535536883431,-0.00992953343626358,0.0157710853504493,0.0232286685355353,0.00503743673730859
-0.0152677699234018,0.00196384099731988,-0.0492775442177221,-0.264907432684731,0.0045953245559766,-0.00769515286629321,-0.00243844587284212,-0.02153701323006,0.00125716442559854,0.00961935363863595,0.0223445944762578,0.00898798269961813
-0.0254019979838414,0.00239833070424767,-0.0425206978727132,-0.235662166238616,0.00519998387399131,-0.012030378841201,-0.00203537310664945,-0.0272354268335333,0.00638497269959897,-0.000443261905132049,0.0289722896568283,0.0107041649336107
-0.0314701099299278,0.00466354651800048,-0.0347359761402009,-0.225301186553871,-0.00075203635879293,-0.0163594087579915,0.00444943152855983,-0.0258891883500166,0.00334471788381641,-0.00277249289174224,0.0401351774051955,-0.00148704696781935
-0.0476479007965364,-0.000701868887446479,0.00475114636361396,-0.178179929427247,0.00131608952342831,-0.0228676389710174,0.00119871662476986,-0.0226800213306666,-0.000957587366940319,-0.0211527648113224,0.0712428496010515,-0.000405938842888793
-0.048680296837294,0.00118883342055237,0.00876811369194832,-0.164549558445837,-0.00651266529945039,-0.0250841930091035,0.00408125859172905,-0.0113139052732149,-0.0112654048296873,-0.0245633076819481,0.089332802760968,-0.0075535343603589
-0.0600383845935231,-0.0018476255872872,0.0506170057655095,-0.124188301322544,-0.0213759270680136,-0.0256924060143269,0.00371009071209843,0.00730949481689911,-0.0186737667555114,-0.0342049874808728,0.123473974951664,-0.0132499862972082
-0.0603402033527967,-0.00649763536944032,0.0628514478722334,-0.100428704774118,-0.0267724145182358,-0.0179991975979429,0.00107416610195415,0.0181874764485806,-0.0183249332439428,-0.0365622828075505,0.143457365338781,-0.00453951163979628
-0.0613806872706787,-0.0042037946720852,0.0450464011815438,-0.054320716698536,-0.0250985420043145,-0.00942886191512802,-0.0190140643437347,0.021820068078718,-0.0127540636658732,-0.0536591444997045,0.167709022491685,0.0241264368394025
-0.0608228480518654,-0.00326083166270166,0.0392974589175325,-0.0416603674423276,-0.0318335816495685,-0.0118590603913668,-0.0196825625862699,0.0278285769198157,-0.0206989564240894,-0.0479418824112858,0.175669932876569,0.0200386016502262
-0.0648719141489105,-0.00214771367844104,0.010504460936018,-0.0260292399711443,-0.032351344649358,-0.0125247377483522,-0.0299838931378871,0.0169524459860961,-0.0205286851701916,-0.0448047790383877,0.156290842842669,0.030321844191537
-0.0642007634305403,0.000600124732331155,-0.0299778122453596,-0.0111288698964605,-0.0243796503189181,-0.0145152401920869,-0.0372738109012901,-2.06412647167295e-06,-0.0105699907282389,-0.0493922125788544,0.136901325886598,0.0465202438724401
-0.063153301868341,0.0123132316353433,-0.0699120405276551,-0.00223974513269445,-0.0115912160129453,-0.0160139344530372,-0.0376426901914824,-0.0108683024669799,-0.00666628416013502,-0.0577470792810126,0.126871661462356,0.0502612827775119
-0.054930465120326,0.0145418813135274,-0.135930911027213,-0.0250033006631838,-0.0154394345671429,-0.00836388840545396,-0.037585473685176,-0.00669383893639432,-0.00543129320632735,-0.0421740811208436,0.0988595739855735,0.0448042447419054
-0.0466517276411001,0.0175648180405805,-0.173517673128804,-0.0335967432105963,-0.0191661927997665,-0.0089064162385631,-0.0361279749590893,-0.00469627799485869,-0.00703391727377665,-0.0353117103326239,0.082981761501786,0.0434777055126952
-0.0463682178614057,0.0160686212623659,-0.192063053375366,-0.0302019074310461,-0.0184504723095193,-0.00710909845453998,-0.035203766444323,-0.00565895516528864,-0.00999460730506221,-0.0379641143920281,0.0761754384461947,0.0445122951258793
-0.0384364773923149,0.023068488487537,-0.214500106713429,-0.0383821347558589,-0.0189197405453467,-0.00306983768049914,-0.0250261705486345,-0.00332426851729035,-0.0117006234751272,-0.0325215046568187,0.064214953639676,0.0344552848389193
-0.0235883172861009,0.0202377165964786,-0.218326735183455,-0.0670292283200166,-0.0163081101111462,-0.00282130593574955,-0.00793106698241319,-0.00597390070400964,-0.0157519607547421,-0.0188413073258865,0.045496902768926,0.0192911877404407
-0.0203879408151059,0.021751988144029,-0.210670474443192,-0.0848995482597717,-0.0160184541495455,-0.00550239034602699,0.00488463260579206,-0.0124472113633717,-0.0150501602084226,-0.0207692531484236,0.044649065539679,0.0101781918362216
-0.0242202727946536,-0.0134003861906792,-0.0187858528954668,-0.221972450032111,0.00384248591543944,-0.00420217188534162,-0.000825383685845327,-0.00397452916858666,-0.0037604754824581,0.0145328747635276,-0.000320142326208856,0.0102707376819903
-0.0250307553118817,-0.0144871860237928,-0.0234077194107607,-0.21594495915736,0.0153843087384039,-0.0114484707878736,-0.00588825642717536,-0.0147532951409162,0.0080645537116012,0.0120898548922164,-0.00664753244882138,0.0188300283743073
-0.0365243423419096,-0.0126348680787213,-0.00409346675053225,-0.18684982192499,0.0127530206593346,-0.0130920935076756,-0.00385016111122161,-0.0239358718853644,0.0100914795771278,-0.00166720559803885,0.0032217397195703,0.0225360751421687
-0.0426488594234416,-0.00998906742931763,0.00349594946674451,-0.173547242954905,0.00620360409112469,-0.0180102391601376,0.00157826735571345,-0.0227526926719889,0.00455710842155831,-0.00478366322117767,0.0146164274638562,0.00985217703257879
-0.0609146889941961,-0.0152339517706035,0.0551954731704095,-0.120616937815231,0.00855167630522408,-0.0233010984533904,0.000455598114071489,-0.0253386409214981,0.0035206942817121,-0.0278829583953102,0.049315452609518,0.0154760832314523
-0.0646772975388587,-0.0160946703393087,0.0633285498230758,-0.106042365673983,0.00168490168550499,-0.0242080118076345,0.00418264665952481,-0.0193957915461398,-0.00594915063422019,-0.0302617356511657,0.0647230083796488,0.00609131112431481
-0.0671617936768905,-0.0158471867976494,0.0800931969282187,-0.0833912958469968,-0.0119443797760466,-0.0267342564720756,0.0101624281132924,0.00496388192799136,-0.00920096500167943,-0.0287345286582606,0.0936067287201712,-0.00839652754791948
-0.0712988259886531,-0.0153797579672752,0.0951724682248878,-0.0585194724653449,-0.0179671424318798,-0.0163165010545794,0.00686773857356523,0.0169061981699522,-0.0105657726151919,-0.0318533511808265,0.118846807496414,-0.00206438058382304
-0.0720080658122488,-0.0158464371370664,0.0795015950291259,-0.0147047994646619,-0.0192136921073029,-0.0103132263159612,-0.0143662094794184,0.0223400514641031,-0.00747323614448999,-0.0398157619154017,0.14112320624621,0.0199954490620494
-0.0725327291431117,-0.0198171503533915,0.0684691646797738,0.00624306318088009,-0.028874930874492,-0.0107956933042938,-0.0213675208761977,0.0306068174515558,-0.0161684162286705,-0.0367298210891663,0.151891401290992,0.0212441098314609
-0.0728680006262667,-0.0185963500173732,0.0345577581497993,0.017815924730312,-0.0281138367422227,-0.0104477483927901,-0.0294692695350027,0.0172030585618817,-0.0203975701064346,-0.0362873219973357,0.135464475264458,0.0342647368299332
-0.0757741308176474,-0.0150501498007434,-0.00654205972920275,0.039117961476,-0.011195304481558,-0.0139984410983229,-0.0338989695786785,-0.00713844400813602,-0.00182298722273191,-0.0432537970327018,0.111094855383843,0.0540884038036023
-0.0761893491190234,-0.0106590170310506,-0.0444690527982431,0.0602436424699509,-0.00625087639294664,-0.01351235155014,-0.0374994935131402,-0.0132444715587158,-0.000227414631415546,-0.0524365775797866,0.100407486336418,0.0654952449553617
-0.0817013799124095,-0.00574569931977888,-0.0755922773807238,0.0698579014216246,-0.0063698823791696,-0.0095625644846857,-0.0330942388341969,-0.0125653079578091,0.00302202369684446,-0.0564557361454383,0.0903842364916266,0.0619827497245698
-0.0741224256906543,-0.00291729501391648,-0.113079501304354,0.0589750299874264,-0.00622995011930031,-0.0104219854691861,-0.0309065929275625,-0.0113636546578128,-0.00112777731886209,-0.0508439877247852,0.0756228027263563,0.0560003225312226
-0.0734191134447598,-0.00116277050347755,-0.131885306445339,0.0608832304834074,-0.00610539349523838,-0.012973289398146,-0.028468787548325,-0.0109539457212508,-0.00567449133206838,-0.0544600901921418,0.0676051270986867,0.0517273229721568
-0.0531182236399751,0.00122661436163192,-0.177653794923037,0.00799559599170431,-0.00928280581041448,-0.00692348596295184,-0.0127956005596885,-0.0115015565871741,-0.00560476510202675,-0.0271101547018136,0.0273027122753547,0.0358716304483207
-0.0406567201324351,0.00482817217779622,-0.190925567400088,-0.0050019985448949,-0.0103314879221217,-0.00444657994474926,-0.00503764016887051,-0.00775345366418835,-0.0150746068596589,-0.0245310475608982,0.0256509445493189,0.0246194566507261
-0.0373070413257689,-0.00022838556414123,-0.18332395570311,-0.0239957005339925,-0.0133066044504037,-0.00545331921004897,0.00972494407252134,-0.00930490170469282,-0.0236834563718709,-0.0163997118989835,0.0148495066564799,0.00469557096666969
-0.0262393322909427,-0.0317185555037904,-0.00186121675904687,-0.186373901291786,0.0144984316390795,-0.00725332848615183,-0.00763685816820899,0.000716642673382785,-0.000781814813261049,0.0196242050283925,-0.0444991696638174,0.0261680555185057
-0.0252959271103213,-0.0278545708347597,0.00150233010592946,-0.189102786062569,0.0149177606592633,-0.00719791824365217,-0.0100579596544455,-0.0113903052277163,0.00594564172304333,0.0161875599763833,-0.0450689947721666,0.0310605343612397
-0.0397714899135138,-0.0243946386768757,0.0118853635727167,-0.154108151235251,0.0126699207796472,-0.0145096141689103,-0.00702185169717017,-0.0230456458553003,0.00903858520089692,-0.00127249068787098,-0.0378117699168859,0.0302509478089799
-0.0470500615696621,-0.0183104787474117,0.021681505530788,-0.140071994505477,0.00618822878721523,-0.0182196343041881,-0.0015060017868906,-0.0247202425162764,0.00256015718036909,-0.0051080774216601,-0.0246422509244857,0.016193404061105
-0.0693437002401393,-0.0225976892322083,0.0803529030782139,-0.0835357480796442,0.012114647810703,-0.024753835059747,0.00188514789347361,-0.0339836123118552,0.00421323233819538,-0.0307270979764525,0.00986920453689433,0.021560238977242
-0.0747443050224351,-0.0211269922267249,0.0949459175764761,-0.0605954800576503,0.0122777583670698,-0.0261055373936003,0.00310285684249851,-0.023470732625912,0.00329160683120292,-0.0302569519418572,0.0253113346859357,0.0139838803808243
-0.0757745016103873,-0.0190293642482065,0.112118398811535,-0.0377813780996852,-0.00633455189251748,-0.0238715010335743,0.00969673624962082,0.00211224963655856,-0.00315080730247113,-0.0274307865686783,0.0645820919696476,-3.2155106757497e-05
-0.0821450924467316,-0.0179551296349861,0.119118751432359,-0.00546839610885512,-0.0145483414009752,-0.0117206829158125,0.00553725516206228,0.0141556429022462,-0.00658918966929529,-0.026927085157437,0.0901680034083085,0.00534027180392669
-0.0794070128440785,-0.0255193590219733,0.105739419718321,0.0154901138258071,-0.0080389941643941,-0.0101361324823635,-0.00283283774444845,0.0125382714101475,-0.00164938589788488,-0.0210777687974635,0.0959862470609911,0.0172689620472535
-0.0806898535034627,-0.0292691144757234,0.0859434143386407,0.0478976136613532,-0.0181728970623716,-0.00768192972411415,-0.0161185829053477,0.0242226068597565,-0.0120603113823035,-0.0211182084615626,0.119457598943106,0.0248083396963021
-0.0782037575489595,-0.0312527620374355,0.0552536329065195,0.0641443003500515,-0.0174914244222561,-0.0124639767521577,-0.0245826578288638,0.0122963287208231,-0.00772878186529984,-0.019492661510214,0.108485657418752,0.0419051117934853
-0.0795239222579158,-0.031757272686382,0.014577736122637,0.0853976944424849,-0.00427989153111479,-0.0167968235471421,-0.0376564937117895,-0.00698730568369779,0.00668099588026341,-0.0203558035979688,0.0829194105945762,0.0616912082014509
-0.0822040981215797,-0.0305270059326775,-0.0164718750860768,0.0986870778384163,-0.00414510434065899,-0.0121142570722309,-0.0383218981557114,-0.0183362205133788,0.00119173440310868,-0.0295900965019138,0.0689510863704911,0.0671656793493562
-0.0846690872564949,-0.0255922491048223,-0.0490840317667069,0.107663483080577,0.000993604103053103,-0.0132700006835483,-0.033973008230779,-0.0187137031361196,0.00339523807051079,-0.0321715108754139,0.0585476899468682,0.0645020714218764
-0.0860395158371491,-0.0247536365938047,-0.0751933054920088,0.11012495674154,0.00510316443588152,-0.0165646055864611,-0.0256766587716424,-0.0201730349338658,-0.00161808870839399,-0.0358227525706211,0.051917324699938,0.0566469106872838
-0.0860924726678637,-0.0225850069900849,-0.0881669984626431,0.0953561319087587,0.00865607946579662,-0.0164707275619766,-0.0101056093253184,-0.0251136116293088,-0.00129618288537682,-0.0381006505485902,0.0342894471697396,0.0441360280368787
-0.0657749676836051,-0.0134574927045705,-0.158741805486805,0.0490717137955574,0.00821924516731868,-0.013162078531107,-0.00390615266293476,-0.0228540741767028,-0.00542648442356336,-0.016426706869907,-0.00444578447964922,0.0295240192283418
-0.0573969502992225,-0.00925605275583912,-0.174699937511022,0.0357004704689034,0.00424456413098728,-0.0114149689852055,0.00949839909656433,-0.0112314028058324,-0.0094747164515567,-0.0136164202277837,-0.00679039047433365,0.0138966774598498
-0.0547230384338925,-0.0132093570774211,-0.172068733351718,0.0178914666376764,-0.00546991716629415,-0.00841382680215262,0.0153362544929568,-0.0072182242361202,-0.0210655281314763,-0.00776145043094706,-0.00555298315086489,0.000959374679113992
-0.0401573052362912,-0.0498240135082366,0.0201209261563175,-0.135136934740019,-0.00752422928529137,-0.00286646797331086,-0.0185410093953277,0.0153350471232765,-0.00763812768356536,0.00950537772037579,-0.115001391970075,0.0411183436754285
-0.0396579328412822,-0.0380518195487687,0.02180610607795,-0.140405922482938,0.00169237931857476,-0.00189831628050295,-0.0219936862838901,-0.0216142040468523,-0.00180484767378555,0.00611855640300453,-0.116623902050464,0.0485458796887478
-0.0577901579361012,-0.029552303737845,0.0278331028986249,-0.100729911880606,0.00224400554581099,-0.00804507739683726,-0.0188150921753845,-0.0370263693017619,-0.00104565595191521,-0.0132118129163856,-0.114516285310644,0.0465671528622124
-0.0675978342831945,-0.0258029672284604,0.0627576149270248,-0.0726442516293373,0.000124634110820036,-0.0151920284477916,-0.00736272554141253,-0.0381531093834532,-0.00260826900235232,-0.0240525684233234,-0.0789550403022065,0.0366942712817701
-0.0826656282435836,-0.0251543360088153,0.0977918565058775,-0.0335603091994092,0.00167289711565218,-0.0227840114747955,-0.00546564364086434,-0.0502881633304462,-0.00690183430522295,-0.0405876329115798,-0.0590855570996501,0.035482931307081
-0.0890958456277531,-0.0252027945634385,0.103126243339364,-0.00461511292392338,0.00574604867801621,-0.0212786640278103,-0.00292771870446955,-0.0520043746310157,-0.00264591837875095,-0.0408989053869729,-0.0496623206586722,0.0349922421860259
-0.0858890923717586,-0.0196392802939334,0.119358825322741,0.00973560555286087,-0.00572701478636864,-0.0214024034142758,0.0100120884380377,-0.00737663441134153,-0.00721037394555491,-0.0230029884994805,0.0177750638128133,0.00407972577861528
-0.0892658736516566,-0.0226236517491506,0.129229028311634,0.0308279752612591,-0.0117819346262576,-0.0107470380638447,0.00828485777838915,-0.000843833069312102,-0.00983573277903638,-0.0157793489656714,0.0411967270322797,0.00700669826403914
-0.0859196751979794,-0.0287437396691029,0.121322566966813,0.0496375178861213,-0.00799895516410567,-0.00710690951515914,0.00398374660139122,-0.000518904236526495,-0.00402452999757375,-0.00860107387054731,0.0521026446876416,0.0189397325142801
-0.0849072201416382,-0.0329453675926977,0.0997771666422726,0.0637520884141876,-0.00927731096716789,-0.00869725375619075,0.000982526619152202,0.00285534878979543,-0.00611129162489881,0.000693487008657222,0.0667077771361523,0.0207825289106183
-0.0792306340928992,-0.0398308818176593,0.0723326815718579,0.0736418901588439,-0.00114424818994515,-0.0174549383030501,-0.0109621064349259,-0.0106333946793926,0.00367798984745543,0.0161094771641564,0.057325451826198,0.0367867413075496
-0.0803272272721614,-0.0353704619607154,0.0371557393327125,0.095225968984089,0.00730136732158092,-0.0160556177872287,-0.0227074888035521,-0.0206850723040811,0.0170408889772741,0.0127473159519696,0.0520288355431959,0.0535494034602335
-0.0796952999676311,-0.0416368880163664,0.0146604503802411,0.103242882563708,0.0104785145682167,-0.0193585420769885,-0.0206637484348266,-0.0288804857418316,0.0138132339186255,0.00781889653630808,0.0408246829643646,0.0510831567206332
-0.0842403173336623,-0.0400166656766122,-0.0135916456492181,0.109657390160375,0.00869014140097322,-0.0169825020692567,-0.0123795652254333,-0.0307124857737017,0.00382988012263699,0.00422173875374603,0.0341785807913126,0.0424302979163579
-0.0723385462185535,-0.0367045546268666,-0.0898143089680348,0.0743510736673253,0.0129050621361421,-0.0210279270111624,-0.00695827385586269,-0.0297078408153649,-0.00615372096423591,0.019626539964342,-0.0135025546418703,0.0262188862458881
-0.0719523418059592,-0.0341847596921351,-0.109036727031462,0.0690721315790153,0.0181962559841907,-0.0214865073126529,0.00400664337763364,-0.0287666884084816,-0.00620816431483176,0.0161604393347664,-0.0197782603516738,0.0184916373102193
-0.0666775145860235,-0.0277008337408078,-0.141418849103444,0.0596836003243683,0.0150196669486719,-0.01341477691363,0.0108623451405902,-0.0264002577819439,-0.00767490256619723,0.0137861164439299,-0.0301120526245994,0.0164672345797258
-0.0645301694316748,-0.0278316385298145,-0.140934592991591,0.0552530099809302,0.00710899419182152,-0.0114730093412635,0.0254852551327828,-0.0148441861047078,-0.0127614958504903,0.00717824382386838,-0.0211877769387728,0.00431525005382979
-0.0582313018458102,-0.0267931791457098,-0.139603241430061,0.0354503997426604,0.0018787519552546,-0.0127331539988615,0.0341824609177214,-0.00747145819474108,-0.0170148282441049,0.0106590307871957,-0.0205876844756797,-0.00799950184042524
-0.0589305408220795,-0.0584102169432894,0.0225535366576451,-0.060685019589201,-0.0308070748886202,-0.004582971358925,-0.0276191288463253,0.0471155866867009,-0.0262867915139397,-0.010546845879372,-0.157097143246486,0.0387333876851337
-0.0576195077859494,-0.0444848201094615,0.0207675736876824,-0.0620517141990873,-0.0149678573636818,-0.00458155400161324,-0.0276530048544301,0.00831570914217148,-0.0136427498029682,-0.013334211984395,-0.157480295124797,0.0471492998996328
-0.0688371132817701,-0.0324689267107263,0.0307714549164984,-0.0400875029895138,-0.00791960551251196,-0.00462527034805016,-0.024518961991326,-0.00915018171726106,-0.0087147120580944,-0.0259166799957065,-0.153694209434664,0.0501790485171709
-0.0700710809477383,-0.0143710209819064,0.0323499521751422,-0.0395629151373911,-0.00558972619218993,-0.0110998893235541,-0.0162573181631523,-0.0296279235880403,-0.00708503245646048,-0.0256283251062559,-0.137950575535386,0.0357696996106387
-0.0786593532576831,-0.00976456486404111,0.0443401856297364,-0.0122621581794777,-0.00477801919768595,-0.0167691906112605,-0.0123236847860285,-0.0440414581358989,-0.00325135428977651,-0.0310104611722369,-0.131275915240951,0.0324583776897367
-0.0798200518945207,-0.0123398289489297,0.0535491602963039,-0.00130183016695391,0.000189574650694023,-0.0137189474559355,-0.00697518745493855,-0.0540654730437435,-0.00170439641362475,-0.0189287342454115,-0.117971373330576,0.0338680796340585
-0.0854542007277707,-0.0112395497339296,0.0846541742157802,0.0226583004438695,-0.0183341064734762,-0.0143853958481075,-0.000860139300056754,-0.0334423492115771,-0.0174642785385587,-0.0132451548688606,-0.0771168320512183,0.0149041359036179
-0.0870793947510523,-0.0124660563078705,0.0949679487559187,0.0376844180405107,-0.0207568654028401,-0.00589979218403182,0.00221683050172824,-0.0269236525542119,-0.0207251909031875,-0.00333528595748849,-0.04865900570144,0.0103817812358968
-0.0866762009744051,-0.0219440513248258,0.135771138843853,0.0722746811607786,-0.0139821782165146,-0.00755247219710522,0.00276837619452103,-0.0164440556043804,-0.00761197158187431,0.00275401010746702,0.0134927894295058,0.0221637720745298
-0.0787021216224772,-0.0258654599677489,0.113500763260447,0.0756545164778007,-0.00865891994703859,-0.00865196343876426,-0.00269718816322306,-0.011047733782795,-0.00303009604281156,0.0282888743814232,0.0312519756135977,0.0243850058469752
-0.0740731256201793,-0.0295516657719706,0.0890032482945964,0.0855719594096949,0.00274849802815699,-0.012069732443079,-0.0152655255139073,-0.0210702490007048,0.0128609000184402,0.0461263352466055,0.0298856515608145,0.0427125702407094
-0.0686154593663479,-0.0311899727009028,0.0453970832413137,0.0818230368547289,0.014895276142654,-0.0173756697033026,-0.0210044925569791,-0.0302032467292144,0.02462844328033,0.0611307861602285,0.0161410166037024,0.042311868584979
-0.0671529316233849,-0.0421825606555616,0.0150671082017852,0.0812743621579266,0.0156248600834761,-0.0174995746629695,-0.014487989067448,-0.0337854042423978,0.0142583110380777,0.0589544494483953,0.00218266441141692,0.0341968626561696
-0.0697542399627953,-0.0453833688890392,-0.00725291742629398,0.0851533322684298,0.0181911241467216,-0.0196283322329997,-0.00173694454887855,-0.0333345928169834,0.00398233906585511,0.055073620800059,-0.00138188589778423,0.0248857463155535
-0.0677518077939821,-0.0479951633331637,-0.0548777467766969,0.0712179623850119,0.0180608451914574,-0.0256503742267737,0.0110863894065395,-0.0306527891058687,-0.00841089644938856,0.0555918608856659,-0.0297659952979593,0.00601401396223241
-0.0667578448140149,-0.0454219498317194,-0.071500340055354,0.0661424384986974,0.0176827552334232,-0.026730958872955,0.0276809713874892,-0.0290917917202003,-0.00900697540352256,0.042939027703537,-0.0289115307625486,-0.00156709476565189
-0.0624617511649725,-0.0454995532053831,-0.101749873946057,0.0575412862269556,0.0156736856410746,-0.0242484718489992,0.0364834541049646,-0.021286287657239,-0.0132988109573219,0.0346876297661205,-0.0387014736905986,-0.00783791558083818
-0.0531142807338605,-0.0452508519112863,-0.0910012507034745,0.0372997797712628,0.00820794860656354,-0.0233228347741309,0.0514471024899043,-0.0065241052209103,-0.0178495479071005,0.0352118112046145,-0.0200272308678654,-0.0232792477077635
-0.0520486105538538,-0.0381274518761845,-0.102681921472913,0.032840362756057,0.00547305784299354,-0.0193673669932875,0.0598862877764464,-0.00249362275167175,-0.0141064375898939,0.0249154367612209,-0.0212390581464916,-0.0206500968793428
-0.0634237744927465,-0.0547284227812498,0.0275043431089132,-0.0207354619065836,-0.0422992350563364,-0.00432168695314012,-0.0296423805614356,0.0649469797614504,-0.037037614002502,-0.0259209485293968,-0.175305580622558,0.036957998319178
-0.0663912431229439,-0.0412963815490621,0.0215933916287308,-0.0127210903330574,-0.0296043179999128,-0.00696673067989566,-0.0337629638642882,0.0418337442720819,-0.0211629020197154,-0.0374465522407419,-0.180826923801881,0.0476219552026345
-0.0741554927047455,-0.0316695880447993,0.021323640424291,0.00175647703445976,-0.0225154867953942,-0.00977874313955935,-0.0369208290712997,0.0289321951573844,-0.00938772796243054,-0.0429152702286199,-0.181455880247331,0.0494873432150886
-0.0773621040522765,0.0193219172289482,0.0158275836231492,0.00418446805198237,-0.0159004654663474,-0.0147972782981647,-0.0176674323594153,0.00299301461167891,-0.00206061029239655,-0.0491644816050109,-0.16406934635987,0.0305710716281249
-0.0827228869756443,0.0313754594702592,0.0217210401097866,0.017914940382863,-0.0114916648262046,-0.0174472835339988,-0.0106525445517965,-0.014747709601996,0.00448414437237908,-0.0503968296256458,-0.157785920317633,0.0280285855267897
-0.0743547472310441,0.0134235042868813,0.0334001210085518,0.0158410838943341,0.00106245333034674,-0.0129296163235811,-0.0118324195617003,-0.0414526936064634,0.00228688692194845,-0.0199412362794174,-0.135372887092477,0.0326625994198014
-0.07077621034755,0.0142462650212748,0.0596083634080542,0.0169941234429805,-0.0138818283181207,-0.0150379803532189,-0.00057327020735783,-0.0341377278576613,-0.015667658801116,-0.000180680588910331,-0.0922531244710122,0.0102548554104942
-0.0671148779199473,0.0236175379236843,0.0705341355613171,0.0212202367446238,-0.0176500613902923,-0.00366266202916668,-0.00258357235818558,-0.0294274519573348,-0.0141011146823032,0.0210130312787051,-0.0615605310728411,0.00954397577516814
-0.0654233622484174,0.0189208989683165,0.0887023837675041,0.0393410678979887,-0.00829175931085408,-0.00771620668867449,0.00569246984653083,-0.0232913343939384,-0.00603113541214131,0.0378991359378338,-0.0173276177999703,0.00856817466120604
-0.0508571432751381,0.0203129442628286,0.0748069576163374,0.035498010871355,-0.00853166754159427,0.00124182449339046,-0.00783449133209907,-0.0134967813291444,0.00138933130509649,0.07311111086659,0.0103729984205378,0.0194811550080064
-0.0401056607204712,0.0116248641804423,0.0430033150893135,0.0329731981373417,0.00930445686243245,-0.0026363052039901,-0.0280704053544084,-0.023187697639234,0.0245337114026442,0.109574216470785,-0.00012110750265773,0.0376488994906388
-0.0360186784259611,-0.00782405784914722,0.0309933490948946,0.0378580693425033,0.0129926896453587,-0.00671957570612834,-0.031259758208465,-0.0253863427225707,0.0214426125544584,0.13697371975642,-0.0015762096424872,0.0350475924053638
-0.033033801278443,-0.0240124545017607,0.00632965562921395,0.0366447805053374,0.0175622439687819,-0.0108545369084846,-0.0310061760893833,-0.0297717125411046,0.00620956001923291,0.151260052655465,-0.0131574007357831,0.0235817450427136
-0.0356115022903395,-0.0303131492774309,-0.00847566271376357,0.0359854485971302,0.018928820660304,-0.0158408404697545,-0.0116224631580676,-0.0254651076244868,-0.00151629081061681,0.148218271578998,-0.0110655519217448,0.00676534159660834
-0.040335986570661,-0.0465553736619292,-0.0286043687505599,0.0380617798442315,0.00848252465854079,-0.0257433600928423,0.0218163268513804,-0.0203408176016574,-0.0154819670092074,0.116664221852622,-0.0226676150236841,-0.0121371151865449
-0.0438721726440748,-0.0541259174047292,-0.0447184447426176,0.0357848172348725,0.00644288908708146,-0.037341443862169,0.0473464685181772,-0.026884875738186,-0.0254919328817816,0.0778708284347664,-0.0308315372896256,-0.0303981717191476
-0.0448013247007539,-0.0547746717129013,-0.0604208059305555,0.0316133763299102,0.00431681154263759,-0.0361253409404152,0.0631150549669232,-0.0168571593593668,-0.0239236042773181,0.0558165058175918,-0.0301919026122232,-0.0407219864900546
-0.0410191905203,-0.0528494718871571,-0.0663440408077365,0.030810718785336,0.00556017456513433,-0.0326820363621056,0.074041376629544,-0.00183338446547784,-0.0093615083139583,0.044612052984953,-0.0237772383272561,-0.0358527946181047
-0.0395358925417787,-0.0455457000078138,-0.07682666594888,0.0273720389772945,0.0107598809483204,-0.0255174298101427,0.0743655688606271,0.00353143810907939,0.00223621763110093,0.0415170003435848,-0.0226696745142682,-0.026777892975414
-0.0475002632319099,-0.0500815578802224,0.033130009723271,0.0137378625340945,-0.0544478168968555,-0.0172601026283877,-0.0188948812905857,0.183636338083094,-0.0429470202643854,-0.0378916052879207,-0.121590063298125,0.010365319531681
-0.0534677590215385,-0.0341060047139441,0.0242199625666317,0.0233366963832387,-0.0420004252473106,-0.0152850853610802,-0.0257707124857577,0.144194013578988,-0.0241484604017955,-0.0492777051161709,-0.14450207748887,0.0291773256668507
-0.0585251963917119,0.027729706926021,0.00545489976306978,0.0282103752417934,-0.0302175883215072,-0.0145229924974519,-0.0157437889703199,0.119000143774696,-0.00838962250193008,-0.06254237447589,-0.132103515600377,0.0225364685646893
-0.0686916447353565,0.112599959237851,-0.0154354435556093,0.0204196473215787,-0.021239553238616,-0.0153804655938957,-0.0129078917813289,0.0324192878704119,0.00224382760477661,-0.0727214623978468,-0.143410944004086,0.0131992413663398
-0.0705000486721432,0.124819035365493,-0.0142128369450177,0.0292484661887423,-0.013819573827717,-0.0160531881531379,-0.0108511034051482,0.00698213630054726,0.0109328638408484,-0.0636084038336775,-0.138287039940165,0.0139591325957057
-0.0508081022588707,0.0831153382652087,0.00370882160706133,0.00693099639527518,0.00174341434591027,-0.0107063962766013,-0.00375442893145698,-0.0100284307228182,0.0132086625887849,-0.0132673832079518,-0.0918441823794428,0.0172433067220969
-0.0533149201448377,0.101393939968743,0.0218485633781955,0.0123003508318945,-0.0136838157245022,-0.0122807838834001,0.00821846775134473,-0.00240711929604554,-0.00127965121719387,-0.00240228447460389,-0.0621468457778191,-0.00568304760536432
-0.0446684258216326,0.120213463908542,0.0390084226192641,0.00459870829778655,-0.0170478998765977,-0.00134680158121725,-0.000513989660334908,-0.0137476649263444,0.000189050404860305,0.0334799397952014,-0.030223207666247,-0.00583747626943028
-0.0334154432166501,0.103291115172689,0.0514890660587647,0.00385268875926251,-0.013152946104258,0.00486472623225356,-0.011899519505721,-0.0127153857573842,-0.00343324707092239,0.086476669131413,0.00300614175909372,-0.00236988815222727
-0.0212420850478917,0.0894376813892462,0.0475849893405582,0.00398775339300495,-0.0122532801203707,0.00929989685896643,-0.0246044842067498,-0.0122734036491756,-0.000839757939667154,0.132388222139646,0.0139337973081806,0.012480749115815
-0.0135319405113971,0.0517941409250336,0.0272338678895675,0.00745916122405446,0.0122604675786224,0.00297098761027401,-0.0349688464544768,-0.0276803016040123,0.0247310856507708,0.152870333110624,-0.00477500047647064,0.0364617504121443
-0.00938244429773294,0.0207211922412494,0.019116452053438,0.0122666124694301,0.0117307737708257,-0.00153120947068248,-0.0369249980659833,-0.0243120641521979,0.0141895671965751,0.169135411379738,-0.00461965668334217,0.0324101563426776
-0.00806453041583538,0.00622314309161559,0.0079055020412127,0.012207929497337,0.0111202554334244,-0.00480801778115503,-0.030678877172745,-0.0223607551701788,0.00657101202681552,0.177082907681068,-0.00679457209285372,0.0231221821775696
-0.00724103466482114,-0.0140880097578391,-0.00153877827444721,0.00869003089347799,0.00770640675645899,-0.0131310197305568,-0.0112375509743871,-0.0202199185513304,-0.00884974714650028,0.177663935885104,-0.00900993380924129,0.00395744641792391
-0.0174769065808405,-0.0429081176386956,-0.0122942725611418,0.0179385621098289,0.00349498985900557,-0.0234816747625783,0.0291824247895163,-0.0137418111841848,-0.0176227323804693,0.149940487679568,-0.0188595303929175,-0.0193385329541605
-0.02027712182443,-0.0573938714772921,-0.0222675331734467,0.0158498371510668,0.00362715362697956,-0.0349477142351136,0.0596724662368101,-0.0165204857213674,-0.0208784690035418,0.109931219515312,-0.0257056952359021,-0.0325974938669957
-0.0212563148375968,-0.0563996130835193,-0.0321016701600608,0.0131041658521119,0.00180468952556445,-0.043207657079423,0.0816274850156932,-0.0177565702614414,-0.0168318725852519,0.0911108189360873,-0.0250331531654868,-0.0473697404937334
-0.0258271562723397,-0.0528975223379945,-0.0408585536758984,0.0196334850656916,0.00747277327572542,-0.0445961393794088,0.106204974569051,-0.00496551972362687,-0.000990512306958893,0.0412271241165798,-0.0192361521650204,-0.0462014786029834
-0.0236016373470755,-0.0487027653083981,-0.0529196092303665,0.0162678514767005,0.0067551880498759,-0.038419803896506,0.100284964900245,0.00822198373930732,0.00245642890537499,0.0398606534479065,-0.016701738544774,-0.038475001146973
-0.0182756369328403,-0.0335244652434659,0.0162304516631086,0.0136255062698676,-0.0360462573748222,-0.0159432596764474,4.83548269978292e-05,0.232132077621357,-0.0351648562881883,-0.0237016079159644,-0.0467703816825257,-0.00824480743757608
-0.0198818648960326,-0.00357094012262673,0.00645236133274218,0.0202460193975948,-0.0211049376376793,-0.0186382439831082,-0.00394376218780609,0.217231424161861,-0.0192875382437417,-0.0352250276358804,-0.0513504400848954,-0.00220947414920508
-0.0288478615213035,0.0871784485528044,-0.0212817409100062,0.0310507335631864,-0.0192993501057627,-0.0200091680685876,-0.00325785459339008,0.194995450953765,-0.00101079383995853,-0.0648511640630915,-0.0554795999441766,-0.00539976779050588
-0.0395908131679497,0.124676109870769,-0.0267382603889411,0.0189639453482058,0.00135171631453693,-0.0128392851139716,-0.0043576067175079,0.0762931134779366,0.0138763157240754,-0.0580230017837238,-0.0881305947425819,0.00810488328746117
-0.0414538243418037,0.141073631672536,-0.0288564838505074,0.0197173701068347,0.00210575133247405,-0.0190322605399256,0.000228321248102197,0.0571901122204981,0.0157069643724629,-0.0517222863305726,-0.0788828876826202,-0.00434447680055415
-0.0326741857800174,0.162417572826539,-0.0273716242415803,0.00595195722398098,0.0175742749657096,-0.016685493064963,0.00462389056069092,0.0121624659424089,0.024261821876312,-0.024358601334281,-0.0585689355095504,-0.00175533001516353
-0.0287936907471708,0.182880407087107,-0.0133979481422516,0.00656086642686043,-0.00251218686570919,-0.0131306177002502,0.00802683833859705,0.00229729090192901,0.00368025251284884,-0.0183485957486185,-0.0397779232784143,-0.00930784508524621
-0.0155438637161159,0.210885103806289,0.00389145985200059,-0.0110947157187532,-0.0135982025162453,0.0032688116435493,-0.0151942536157079,-0.0164541766630316,-0.000433427392502477,0.05225935631127,-0.00684531390691177,-0.00756011825212723
-0.00929884659986691,0.212251548128653,0.0117137478006106,-0.0128439061417642,-0.0171189415519769,0.00811301852507391,-0.0182018023885035,-0.0193829060791005,-0.00133394372696368,0.0886247161082125,0.0140275105225444,-0.00944187165881672
-0.00327132486270977,0.188669762994148,0.0116333737195044,-0.00563755267596051,-0.017998379063906,0.00988084685300093,-0.0165203411701621,-0.0190442953646285,0.00162430581220328,0.108004104208902,0.0189521424073028,0.000999182860630312
0.00664976677936493,0.114683720606071,0.0012037835742518,-0.00291708835841242,0.000306556514128918,0.00723305365050734,-0.0243395306413066,-0.0316229901729224,0.0175161314993655,0.135724961671361,0.000625160571074433,0.0317897701696113
0.0163890747737146,0.0411874899477986,0.00929728731161217,-0.00653747971203477,-0.000329750817066325,0.0105396081915627,-0.0265509163795446,-0.0246284178106431,0.00672864046284221,0.16577079286151,-0.00483916197774499,0.0419635420093723
0.0187721330673955,0.0243196051781807,0.00128927369623979,-0.00298213078148308,-0.000698308802678299,0.0034929907568241,-0.0213889184758968,-0.017442391463974,-0.000418108856175234,0.17211650419509,-0.00519898025076614,0.0337709143599146
0.0153148019512088,-0.00689989645700933,0.00528162268015603,-0.00143793368070542,-0.0069772359922726,-0.00519355359787378,0.00702757164139627,-0.0037398652975452,-0.0176184881439411,0.16628963560861,-1.56868870344468e-05,0.00909529244036617
0.00842271855057789,-0.0373165251694215,0.00235907360437188,0.0098983194189114,-0.00919817417798868,-0.0200323489730824,0.0501449348745792,-0.000249466350037281,-0.0210800497361239,0.134529627334799,-0.00621083454069674,-0.00844622656144791
0.00241802680555298,-0.0427735395894947,-0.00402557125403672,0.00514529134688348,-0.00245306727945301,-0.0292241100792576,0.0731749110115279,-0.00146962133959776,-0.0126067669132219,0.119312040334835,-0.00874006747042444,-0.0257423966834075
0.00315781337253199,-0.0472390330285973,-0.00975210327526721,0.00609686951932637,-0.00581843057567205,-0.0359163723956409,0.0919177851419352,0.00468243306061643,-0.0106053444898087,0.0992042173927237,-0.00934814386300976,-0.0332600985679006
-0.00636493477868532,-0.0472427829717451,-0.0210123097656419,0.00875331605812772,0.00519710315035772,-0.0469098010637349,0.125811398637977,0.0141190396093354,0.00317006606387305,0.0483314481419788,-0.00682535686490554,-0.0482166034414562
-0.00563742982464495,-0.0480364251386783,-0.0255699161702989,0.00731265409991861,0.00337203617797389,-0.0430355228291901,0.130927683138694,0.016616039989527,0.00735933908735662,0.0374518631961533,-0.00689854544389155,-0.0416310481810852
-0.00194749172309145,-0.0284269165008875,0.0219607254226035,0.0134976207896454,-0.0219697938958685,-0.00441414903683491,0.00405256870581841,0.251220804003131,-0.0342366157815908,-0.0146518980664467,-0.01257610636084,-0.0110495774226093
0.00474195331240809,0.0291387020344671,-0.00436217059765499,0.0127578502636881,-0.00536951271127771,-0.0131287369452914,0.00378853015063461,0.229341697538272,-0.0103385794471932,-0.0279162399679696,-0.00763125904684663,-0.00505245823490004
-0.00517318390744136,0.0430780564335869,-0.00666560391477927,0.0268776552323963,-0.0079077316220209,-0.0193415736096137,0.0024774990255579,0.222951790997648,-0.00983692418233223,-0.0437153066008956,-0.0249939361980253,-0.00829088782810238
-0.00859960740265261,0.126222066741665,-0.0304946980775259,0.0239867857437939,0.01001948273092,-0.0212820902064843,0.00903152304310951,0.165865987172988,0.0142603755088776,-0.0503433677850456,-0.0208312711885963,-0.0119538349823196
-0.00672060622414682,0.152596814425829,-0.0284589386347355,0.0196150043311516,0.021874659149063,-0.0297723142973858,0.0205019959104269,0.124678701615409,0.0210537000139052,-0.0446031620472321,-0.0057525350211336,-0.0191271641824186
-0.000660513307022167,0.181033246738265,-0.0412869055976103,0.00393780914193943,0.0319250942848199,-0.0178916957019303,0.00973189233774852,0.0336363078983661,0.0214489053620337,-0.0344100689048608,-0.0192482566057276,0.000672182680235636
0.00487119997354135,0.217031382422696,-0.0294807792430854,0.00236926968989575,0.00794401055962445,-0.00900414672140711,-0.0051347321483952,0.00233490947030008,-0.00298951584084001,-0.0162502971826029,0.00423023987441842,-0.00316830239907588
0.00781150894141022,0.229317119299062,-0.00705363620931293,-0.00629906562183093,-0.00782996379055258,0.00287581709454142,-0.00884790701990066,-0.00704567187429317,-0.00689745349964142,0.0209703186889441,0.0235347298145507,-0.00417322148241685
0.014417107900701,0.217522168270857,0.00288363612595776,-0.0116723013587488,-0.0180069497866213,0.00825823727331583,-0.00753296933722427,-0.0122170993840023,-0.0118451435452181,0.0685914231493399,0.0261021829958902,-0.00170958689046169
0.0194165558225954,0.19178842603534,-0.00394587062312818,-0.00912550429708591,-0.0164734166302301,0.00939013752552454,-0.0159280606947936,-0.0235483295030381,-0.00743255046108341,0.0963242620667026,0.016755092286372,0.0125794990060291
0.0282130707737865,0.167836257045168,-0.0093764329266052,-0.00890110340489241,-0.0271710997541818,0.00834137936123245,-0.0173901311386996,-0.0232785503990291,-0.0124630091045842,0.115372772310917,0.0115462897732028,0.0213598470225424
0.0372882598927571,0.0579167357420409,0.0125358848581526,-0.0131413968275347,-0.0289593225364397,0.0106167836273565,-0.0147229880114371,-0.0128985770470225,-0.0241974014629258,0.148626583672664,0.00551326992675945,0.0333941415421152
0.039473145287699,0.0151240600462499,0.0146396984010082,-0.00760788373311813,-0.0295702156162958,0.0043614463543095,-0.00352408500677213,-0.00508868260936122,-0.0309027911324038,0.149727809979162,0.00403383448887117,0.0311355324529047
0.040683305140496,0.00105446465063804,0.0156311661969111,-0.00658264763224554,-0.0284071667311282,-0.000605079499069169,0.0134504443422363,0.000687597557184206,-0.0294411803607885,0.151432276861685,0.00657583411407512,0.0240724767181966
0.0361515982730501,-0.0181697044684707,0.0093902994605834,-0.00587484314675486,-0.0212913490735126,-0.0141047628476411,0.0519453042057486,0.00455789280860662,-0.0233684664532951,0.126944350981999,0.001830988590204,0.00720301256573943
0.0228523210427817,-0.0256910989847836,0.00396088691354355,-0.00525857915686877,-0.0112204432658295,-0.0236499215972654,0.0890078139036121,0.00705400433712042,-0.00839205150461799,0.117796817517874,0.00523219720015275,-0.0225333470354468
0.00620638489604237,-0.0450617508456506,-0.00060297956250354,0.00597728920649621,-0.00431606322764945,-0.0317064964102926,0.134494968270718,0.0199242186344474,0.0116741492400766,0.0612733964313721,-0.000845583555142886,-0.0378120779131152
-0.00204189614488594,-0.0490115565965015,0.000249062059442548,0.00638700103990471,0.00516772520837011,-0.0438113476993337,0.158337806499032,0.0221673367486069,0.0213850291869418,0.0419846857358302,0.000860911097164665,-0.0569099677228651
-0.00125791060337131,-0.0484256753322069,-0.00638809655626013,0.00433307202073342,0.00901682706020315,-0.0480936699897588,0.160812027846867,0.0242488969925357,0.0282334157482419,0.0306182253276869,0.00311399776837794,-0.0568298640012025
0.0287708361432462,-0.0275664088816838,0.0229872310970501,-0.00366955616484509,0.00436571163183463,0.0109094652706175,0.00899803985334417,0.235968086615977,-0.026007831967763,0.00720170167580982,0.03775566446166,-0.00162513544029128
0.029189414982309,-0.0173957362495959,0.0153816591622285,0.00522850352314341,0.0234836485061693,-0.00412181753450969,0.00489888048343808,0.230180113575739,-0.0131743994264464,-0.00174201205675643,0.0267070511139607,0.000259518538688241
0.0292566369107181,-0.000563871877242625,0.00400329495896078,0.0102839992956986,0.0414206180496625,-0.0151657677076299,0.00347982320531154,0.203582160853366,0.00151700002353363,-0.0104753000671641,0.0173256821011992,0.00880890018795847
0.0268188518357435,0.0274480512166498,0.00445801812373088,0.0124152755762754,0.0497585619920582,-0.0346198450353611,0.0135436320075864,0.180929140641565,-0.00149522230266979,-0.0187144166079863,0.0231716369768966,-0.0102375444371302
0.020264338355243,0.0625487973850929,0.00273771666122158,0.00858856016300814,0.063640407385842,-0.0383903363919418,0.0190522157034175,0.0745691841903764,0.0062366549674789,-0.0196324865992852,0.00553065506503024,-0.00336840179880366
0.021512538567722,0.149012290978638,-0.0217458462646064,0.00680865249199877,0.0730902211131389,-0.0387333205779381,0.0162740947925897,0.013301515282974,0.0105646090531291,-0.0305129223656681,0.000245725375397869,-0.000300523054614626
0.0241214934800211,0.165667376439628,-0.00756221142579543,0.0153862904415929,0.0617699974728739,-0.0384804613056302,0.00783152285236369,-0.00642345115085152,-0.00996237686147942,-0.0337612015413178,0.0160956563489825,0.000250220207907027
0.0214148846342826,0.20456227814107,0.00190000249647452,0.0155407034113845,0.0253062177377451,-0.0184931002968733,0.00396824542095586,-0.0118067944061375,-0.0181386115433439,-0.0195547157700672,0.0318154002589283,-0.00382786967208889
0.0370937497901986,0.139189553989081,0.0163881814941777,0.00303511498822949,-0.0129319602249001,-0.00252874097798629,-0.00130901818405198,-0.0108158657690999,-0.0401500353099862,0.0191723445930744,0.0348716015187424,0.010228983155934
0.0414496580105766,0.127983287005396,0.0142110559129331,-0.00368468270505081,-0.0348116604044035,0.00130101319414972,-0.00558084332470122,-0.0167804823098666,-0.0499440948073984,0.0486849374861807,0.0305326895034294,0.0132597604937529
0.056910300667369,0.0685812053842954,0.0177453524047624,-0.0147980302343164,-0.0374876656332655,0.00103109744131779,-0.0100806915738171,-0.0159961483180621,-0.0515113822817665,0.107855369076011,0.0200708621619379,0.0259180839991422
0.0594393683100987,0.0334623371079564,0.016744364115552,-0.0118383204846973,-0.0453478313826147,0.00426371094289112,0.00533071181580851,-0.0118128016848732,-0.0519353805044879,0.103139077300304,0.00776345916655639,0.0367512164027068
0.0634235487284217,0.00987819605235549,0.0137187624317409,-0.00982803986541565,-0.0518130775859288,-0.00443452395513259,0.0225355938352902,-0.00477961966903503,-0.0552314685212842,0.0914555917859727,0.00704287728042424,0.0331515144862385
0.06200264171944,-0.00335286639398457,0.0154524637848742,-0.0112733484386052,-0.0468559775874696,-0.00927604203711751,0.037646472855961,0.00116430503750851,-0.0475383851823226,0.0932769915388247,0.00940892690002957,0.0257793273584027
0.049249621680174,-0.0259428638947765,0.00913672239285377,-0.00740713792291166,-0.0382267282870158,-0.0149986720174904,0.0774543779304112,0.0151103623620016,-0.030305103066652,0.0627001091539277,0.00617882308361203,0.00817414073919045
0.0361782651286238,-0.0335937548399215,-0.00112467668065496,0.000185355642009998,-0.0230952857606079,-0.0239421685878485,0.112521582149553,0.00994159991489418,-0.00559788704459253,0.0389661226190832,0.00136991739590228,-0.00574869464973261
0.025618365784683,-0.0400626165676419,0.000561015616728397,-0.00218326018905458,-0.00845891913316697,-0.0316207971547055,0.148911446721804,0.0117793418963089,0.0171909358596211,0.0312385325715095,0.00103785584506827,-0.028258930049034
0.0132852859187918,-0.0432345978987283,0.0062937315841504,0.00252488488767066,-0.00314902728241622,-0.0410186892312194,0.174154112315555,0.0140310248739744,0.0293721040596075,0.0210542865706869,0.0037360281002896,-0.0477189898463449
0.0155251855301586,-0.0390834596676939,-0.000631179998478977,0.000113603005683644,0.00497536617847988,-0.0496305749352444,0.163353374753377,0.0193014213694503,0.0434207518564909,0.0133667681591522,0.00396035603234041,-0.0413695666800118
0.0465273456168056,-0.0384092997476509,0.0213553820926004,-0.00370835511129815,0.0414565680726999,0.0184869172269126,-0.000766604067253105,0.221059313508679,-0.0299814433379207,0.0136068831604844,0.0533057438717199,0.00575318060764852
0.0461345835519077,-0.0244861785771944,0.0121657150879423,-0.0058764794907212,0.0643931053352043,0.0135294684570113,-0.00170304508932614,0.169751345641132,-0.00975224747819043,0.00785181663608199,0.030611198574551,0.0242155008848719
0.0449215983447236,-0.0133434947667461,0.0051993402761973,0.00588549615910282,0.098505022906145,-0.0101350774862295,-0.00435441438141629,0.141622926695812,0.00954772524256462,-0.00508876919010418,0.0200351882513741,0.0286493685024174
0.0466672696538403,0.0105510260798724,0.00304412634295329,-0.00201293743765577,0.130236896277169,-0.0372387741574784,0.00944940566233425,0.0713450434836864,0.00595020300157787,-0.00978304408100093,0.013812418383568,0.0147639836060163
0.0448697993982059,0.0344075536059973,0.00828771507797616,0.014359763660702,0.138054339295218,-0.0478246808137231,0.0105877158291069,0.0341086914111106,0.0195347311926007,-0.0238723021180243,0.0120588557518261,0.0265360641383177
0.0446499198812343,0.0621042010103335,0.00297755232716642,0.0130536041283164,0.149400814280236,-0.0585470780019667,0.0124808499718333,-0.01567011944899,0.0102265654688187,-0.0356838554712723,0.00220221171259148,0.0214507663363663
0.0348882356461226,0.0694201114858665,0.0473056073683596,0.0314628622598499,0.117540084431335,-0.059278719031157,0.0232721240504661,-0.0286574091361186,-0.0220100929588421,-0.0505681147705997,0.0296906672036788,0.0050696749580886
0.0324884676178148,0.0637153927677374,0.0809981296646566,0.0511201112270208,0.0836355620131685,-0.0443137641241682,0.0146702992750829,-0.0362578905179122,-0.0477551193193881,-0.0486014824513046,0.0495746916607112,0.015712428292112
0.0407757694227364,0.0490169314198316,0.0874851108953684,0.050018003205297,0.0307677957503464,-0.0294994777163456,0.0115400886393972,-0.0336362797177791,-0.0653704127811303,-0.0410286035983323,0.0554617941285626,0.0249822395763533
0.0585704597329415,0.0597800985397858,0.0376980144817308,0.0168201464958323,-0.0114826289471347,-0.0170541729994156,0.00458920255644222,-0.0323879346644737,-0.0737361271759366,-0.00572243449094628,0.0309908633809476,0.0254748659295309
0.0677698426175831,0.0401002301638183,0.0208771182639518,0.00456035207481642,-0.0508189107547146,-0.00990419757074049,0.00915318853808619,-0.0146075662404938,-0.0665008350871439,0.0193581833835945,0.0193278934334011,0.0306018772941792
0.0751925288884992,0.0151186698479897,0.00553726915407725,-0.000205592942964333,-0.0612968107894319,0.000399368783992799,0.0184740811869362,-0.00972252978919443,-0.0620486847332928,0.022346202817114,0.00768185377349769,0.0468881216688005
0.0777880156728203,-0.00183487163906249,0.010676253390836,-0.00834683127851862,-0.0730449375374747,-0.00829937223286822,0.0360651048493264,0.0033720660860652,-0.0690942470502723,0.0284618147449791,0.0131357215656275,0.0309735347462632
0.0781711736853455,-0.0160311769471466,0.00985096087264702,-0.00820026750236788,-0.0714698927280957,-0.00724508595314589,0.0549316187706674,0.00963679594120005,-0.0588229653433756,0.0236139322398674,0.0181950284584294,0.032390262198439
0.0727116998195391,-0.0221215352245753,0.00422861869388711,-0.00749358730302585,-0.0582414280164757,-0.0154267331777896,0.0833425852622756,0.0147887340056319,-0.0363645296828641,0.0150124450493411,0.0182051879864916,0.0221124448591172
0.0637163218917216,-0.0247706417179553,-0.00231132487640908,-0.00505420578288721,-0.0415749964400125,-0.0158151261346131,0.106828474251595,0.0104959696000605,-0.00442804465972343,0.0053219405851726,0.011338261702215,0.0224079452040432
0.0549168108276065,-0.0255995642890402,0.00125092081799648,-0.0051415478918592,-0.0258517713941535,-0.0229323755356961,0.137933386780509,0.0111692507659505,0.0192074402872393,0.00174457283825982,0.0105522570396923,0.0100135206370751
0.0460071292912068,-0.027419199382169,0.00771279118047087,-0.00536829168220408,-0.0224332170306349,-0.0279779720318107,0.163413102590386,0.0114967179173609,0.0265125835349177,-0.00674964369540573,0.0119704825935649,-0.00956384446336983
0.0417696840527323,-0.0255063340957934,0.00212597333326321,-0.00430845773455764,-0.0115331404442761,-0.0304679644605551,0.159816597858777,0.0126249583270952,0.0394952758502225,-0.00736751522302085,0.0118011691870395,-0.00868157005065407
0.0583926101968827,-0.0451531251404903,0.0170250595019754,-0.0214700113729458,0.087601025280506,0.0404238421348288,-0.0134823801278863,0.109924830373133,-0.0263907046062966,0.0240076563907603,0.0349157835742206,0.036724112007706
0.0626343486740427,-0.0345217081691735,0.00214094569425649,-0.0119735848172363,0.118375208235479,0.0243702009672568,-0.012071938224368,0.099325391865135,-0.00515558863293105,0.0161434323948475,0.0272348026740095,0.0460676221136195
0.0579497946777811,-0.0235091627291401,-0.00191228983549929,-0.00552560800466405,0.139279708807872,0.00151766926380195,-0.0122891824521279,0.0711210160335545,0.00519341007361008,0.00343076839940357,0.0152649482015216,0.0412578804230846
0.0575347797560651,-0.0114379137110137,-0.00255719182266502,-0.00411389094300422,0.175811258345788,-0.0303886065209138,-0.00405071339108322,0.0340023035479477,0.0045499330873852,-0.00758356049020957,0.0100635391290451,0.0243770737954784
0.0585893697860516,-0.000594341544268444,-0.00201027064451525,0.0048305980307971,0.178923418930108,-0.0480038767654651,0.00164651690708008,-0.000720325685913256,0.00540634416378522,-0.0224280361393168,0.000289411166052647,0.0301286778184538
0.0587507538514842,0.02079948048092,-0.0054921855102497,0.00828854427659871,0.186232885978054,-0.0551679099364519,0.00682403177359141,-0.0403333941310682,0.00894600912458755,-0.0388400055552729,-0.00897945485438824,0.0373433062026642
0.0504379297000424,0.0124673267673786,0.052440495212728,0.0325637117081544,0.138923557159262,-0.0631585842666636,0.0163550083486705,-0.0514728758241069,-0.049101228322383,-0.0572039281472786,0.0196814610378723,0.00989219600005728
0.0506166133818522,0.0240728937146229,0.0653428468222197,0.0363762139726893,0.106506785731025,-0.0567854442554743,0.026438356829314,-0.0604762687936629,-0.0693588419447564,-0.0641683759785478,0.0296592929114092,0.00305866759940316
0.0510792905574088,0.0183835032347006,0.087594409830176,0.0525757164195936,0.0536034514445601,-0.0414873650159625,0.01092573481289,-0.0671329157839474,-0.0885939371887455,-0.0682993782570112,0.0330719847740149,0.0241188192217564
0.0623910129157888,0.0128282262134882,0.0712023990140357,0.0453267410254536,-0.00199204701551037,-0.0294908984002463,-0.0043456045152937,-0.0451767556857279,-0.0991809455653549,-0.0554013384737036,0.0424137951800604,0.0325813284513812
0.0709236587823191,0.0171173853389422,0.0349447728518103,0.0290991235131742,-0.0616994028009114,-0.0121652430575643,-0.00508595877792438,-0.0301728263525545,-0.0872319169423592,-0.0354843045741608,0.01487984732305,0.0433215632322071
0.0849292421632628,0.00972773723056282,0.00101910040648705,0.00804743325687938,-0.0852280548295925,-0.00018909305381634,0.00787670555285828,-0.0138970981642606,-0.079825163802475,-0.0168497669738859,0.00411888778106234,0.0502289060630542
0.0877357409630898,-0.00767821123919652,0.0031688901044323,-0.00149270779864702,-0.0979553605970977,-0.00145349768098862,0.0210234576246803,-0.000881107782261353,-0.0819027013163848,-0.0062568074608607,0.00744451060823364,0.0430771082811541
0.0907417439694321,-0.0113291285162795,0.00287412722868316,-0.00391811289142222,-0.0923771346677776,-0.00735300105675762,0.0428177728399913,0.00472419796503138,-0.0612359544745628,-0.00885588604387573,0.0166264727040442,0.0396133983821921
0.0853437683268504,-0.0199521897466363,-0.00496443115981197,-0.00383548334944549,-0.0731595072197192,-0.00802647556094321,0.0610051088754043,0.00512368439631513,-0.0321402153733177,-0.0149785059290152,0.0124110279352745,0.042711668686938
0.0741764620124089,-0.0164819558546164,-0.00688322362129381,-0.00243189169318898,-0.0600143174841546,-0.0047932983862514,0.0884016645616391,-0.00228149957268772,0.00148942678461111,-0.0242129911611097,0.00840193933526025,0.0398417946204014
0.064286168371094,-0.0179103514164092,0.0017321315201201,-0.00354138231399649,-0.0473319423952741,-0.00794037912471492,0.122248010859385,0.000195577164967086,0.0214627709334156,-0.0271686290085521,0.00815338432854325,0.0248484534250166
0.0556062977584768,-0.0151742197021557,0.00682217560317883,-0.00828777317343467,-0.037070762922829,-0.0141866547086189,0.14534690704682,-0.00219493305097389,0.033578529012023,-0.0327561955073322,0.010018635725991,0.00637055171563732
0.0520430406736744,-0.010315414166104,-8.97125034565356e-05,-0.00608986243452686,-0.0272519743136953,-0.0168747888092371,0.15575779467427,0.00145745513095413,0.0448255439144736,-0.0333166389894893,0.0137607079588089,0.000647558028334348
0.05853396597345,-0.0478769706308585,0.0118633185979476,-0.0204103874580064,0.0887566498327222,0.0717699939834068,-0.0235511406583384,0.0765759863414216,-0.0225892382399416,0.0267476484329659,0.0294463442387224,0.0459276031993071
0.0632043945529925,-0.0440467747903361,0.000528700408000526,-0.0115882610517541,0.111025859534128,0.063355650745694,-0.027782018006666,0.0573950261821892,-0.00530295942689017,0.0196182625688851,0.0170466017133463,0.061586343332631
0.0608834579235523,-0.0353732100412338,-0.00907117541511114,-0.00326283887333516,0.131100621373056,0.0344087269569726,-0.0263605299628387,0.0381861577413484,-0.00210598639466649,0.00865306583224983,0.0100750590968885,0.0492043205245532
0.0573577021403265,-0.0305527058732185,-0.010361368084519,-0.00146415951260994,0.158229559429105,0.00365941480730899,-0.0177993613892456,0.0101459472227202,-0.00751219426163574,0.000538491639748029,5.51330659375208e-05,0.0270871411976005
0.0568458383636134,-0.0204953209507481,-0.00641360827174843,0.00372933266321279,0.194399159669542,-0.0391488075174416,-0.00279185628736786,-0.0323623494359291,-0.00046917162959041,-0.0182384927884328,-0.017810808800356,0.0177915830197748
0.0573485718804228,-0.00755402410866242,-0.00511973891271843,0.0109971154634345,0.183666116099889,-0.0452103244719436,0.00102388100737771,-0.0555534224558306,-0.00997048629242309,-0.0403020154221702,-0.0192629201502195,0.0236291846438503
0.0596628306233333,-0.00519160277526863,0.0178605151578952,0.0124253860864847,0.144730353002505,-0.0595977247693063,0.00461416413941094,-0.0811766289328024,-0.0610354138003774,-0.0593596178709241,-0.0200593485189387,0.00431091881398467
0.0563824330553809,-0.00252753826150617,0.0295941741838365,0.0190631521156537,0.0679896616191343,-0.0385812388305759,-0.000267409293096422,-0.0948309591536557,-0.107039233132561,-0.0777173853728086,-0.0352501437655314,0.00739227800242842
0.0568445353749844,-0.00465342070682209,0.0650796029955285,0.0441390463343249,0.0375435762506337,-0.0394691780865049,-0.0148791963790479,-0.0967358306272445,-0.116414022092084,-0.0869956036065836,-0.020004005608611,0.0258962905930484
0.0649429833048949,-0.00148775677112472,0.0413801929818662,0.0411108042165343,-0.0120560590284961,-0.0166926006207543,-0.0346306042526965,-0.0693872348114769,-0.101184151847897,-0.0660704270372877,0.00188825726163007,0.0395049964933963
0.0780951646136624,0.0055566826647331,0.0017502263617486,0.0167136922630133,-0.082765084761648,-0.000330697296509768,-0.0359661078167907,-0.0504067730272859,-0.104100604772171,-0.0465634141164383,-0.0277795956041039,0.0429820089452319
0.0877339930069055,-0.00319165351351585,-0.00527011910802277,0.00887633393841982,-0.106930310966297,-0.00270426048294881,-0.0253106405603233,-0.0227994486560261,-0.101618716244984,-0.0333584959989521,-0.0105839993993416,0.0402817577373755
0.088723342259262,-0.0152511522169612,-0.00619878013517294,0.00712119337945826,-0.112757089694933,0.00346989052670917,-0.00850635712471846,-0.012935005859533,-0.0823888708490751,-0.0265853122684823,-0.00787013192619261,0.048023795561872
0.089108218577404,-0.016205147009339,-0.00441889596688937,0.00264333655062921,-0.102000238908795,0.000135300347243467,0.0102832798587891,-0.00617351564583112,-0.0492261804301332,-0.0258388493115758,-0.00063324453834501,0.0491481385454713
0.0863879596786097,-0.0212006837839465,-0.0102746012712219,0.009521867757161,-0.0855248740066539,-0.000590465986254397,0.0219714242801756,-0.00827399881162652,-0.0118903495758037,-0.0329939223501547,-0.00195699163783049,0.0621998917425693
0.0750448626739017,-0.0175277274265393,-0.0069503195795073,0.00968846409568428,-0.0724049223688417,-0.000627164869696662,0.064818883907484,-0.00953882277065674,0.0136305086709384,-0.0428575479805732,0.00286499525099832,0.0503645233315861
0.0679586544137277,-0.012140384424755,0.00299883176859807,0.0051640869386402,-0.0627458674998505,-0.00230862557941704,0.0985162507080037,-0.0156429671416478,0.0284153933329999,-0.0520432381876861,0.00381140673197911,0.0394625977617288
0.0582705390169545,-0.00729863545355273,0.00249068641817952,-0.00257482871897309,-0.0470934293596839,-0.00772951481895392,0.118036902164588,-0.0140340382263686,0.0460005176201115,-0.0520374286590799,0.00113191939022627,0.020766125174849
0.0484262902355679,0.00137482356460134,0.00271096919608706,0.00198097640709824,-0.0290268594766708,-0.012107553974867,0.141792564178962,-0.0133856392860299,0.0650202655573592,-0.0551191232693117,0.00747994369889003,0.0079245667636413
0.0518307751053953,-0.0545737868978576,0.0120418470306097,-0.0156585995073909,0.0771523038130284,0.110754724957955,-0.0273600063775641,0.050792555792282,-0.0221473117786616,0.0280753112648726,0.0179321481238061,0.0543131682510287
0.0573034861439738,-0.0539976336774442,-0.00197918341040057,-0.00902117545076192,0.0955878118316721,0.10165323081446,-0.0405225414717394,0.0373174535834335,-0.0129055950749116,0.0272937378900338,0.00663451487472827,0.0658526007101812
0.0564878984299399,-0.0447354185379248,-0.0129002353085884,-0.000678523674091526,0.117847422608666,0.0719944543026709,-0.039886120982094,0.0213280509890815,-0.00710019909666534,0.0166866648709069,0.00165223787028817,0.0538797323822393
0.046799456955689,-0.0422027594379579,-0.0112205352237524,-0.00434689064258422,0.143291965057172,0.0348746456102401,-0.0250249148451354,-0.00393747819998636,-0.01040572392632,0.00568313486356277,-0.00805860568374094,0.0146541008323169
0.0484671110442409,-0.0407518341836558,-0.0135414533400292,0.000640379997638027,0.139120159264126,0.0132085603509099,-0.0194834011010786,-0.0233911165870031,-0.0186102252827416,-0.00577387272355689,-0.0197672214736798,0.00913926869589606
0.0474655448466829,-0.0242414711055282,-0.0104863725676316,0.00178906587881392,0.146496651635778,-0.0190677588247647,-0.00550902130537814,-0.0551212624809897,-0.0337018917611009,-0.0344932688628109,-0.0277337469687239,-0.011889413576091
0.0461658576234468,-0.0214251969243978,0.00656472758725326,0.00675059595558768,0.130720967518066,-0.0513260408229049,-0.00374587644774957,-0.0997352572060418,-0.0714380317989448,-0.0586579134838785,-0.0494264849197824,-0.0269531445101323
0.056756619968472,-0.0211867056596936,0.0124448933928379,0.00535105323681667,0.0573370312561757,-0.0296104771528186,-0.0180883647297361,-0.0887987143519477,-0.110335894209526,-0.0660219617983044,-0.0388569537683515,-0.015770479024892
0.0613299132541261,-0.0150243444442035,0.00780408491476367,0.0134127890048282,0.0274912175351241,-0.0292670245347046,-0.0344694773133465,-0.0914989657843713,-0.115272130605193,-0.0723261253424843,-0.0432068695277653,-0.00607234837377594
0.0671989750088754,-0.00888423980254975,0.00202636240539859,0.0144178196272178,-0.02864150436099,-0.0123837226330649,-0.0523128837056449,-0.0681267658027437,-0.102910006307421,-0.0598867246216626,-0.0302189609974796,0.00755858267774222
0.074546549037026,-0.00472278078905901,-0.0108104084029846,0.0118960539311582,-0.0859769765577958,-0.0123943454105309,-0.0547111854879112,-0.0385020830788691,-0.104871765110361,-0.0478057946845204,-0.0206978613744106,0.00441052884079796
0.0800550801944035,-0.0184995909525676,-0.00848322447130677,0.0115818020824061,-0.109664804408612,-0.0118953796107882,-0.0543117569304756,-0.0180603707130863,-0.0943966883523038,-0.0379081355655901,-0.0130044838073182,0.0119778537985422
0.0881046434216658,-0.0265188331045592,-0.00956248294477973,0.00747067098657711,-0.115030377010407,-0.0118542019858172,-0.0481517040156758,-0.00863507986308362,-0.070048796850034,-0.0320268026200177,-0.0107632471778996,0.030130670781599
0.0875785387400507,-0.0249157701656239,-0.011618447476803,0.0128896122123444,-0.107451548571125,-0.00151268680841599,-0.03345480592442,-0.00706604190539342,-0.0298628008508416,-0.0361944256230917,-0.00811899772700127,0.0522615723066924
0.0817719681264332,-0.0283534807996968,-0.00974418911815795,0.0179714369652464,-0.0898086596967575,-0.00431445329102596,-0.013027638304925,-0.0109650323480765,0.0170694047853435,-0.037885985015964,-0.00940390184464345,0.0625084481150073
0.0713041583002527,-0.0222344037164742,0.00195617795867994,0.0193060694213941,-0.0853686865169931,0.00373280995159661,0.0358817343929458,-0.0185205073076673,0.0367514563845661,-0.055696550151905,-0.00703103801792073,0.055594771315823
0.0640442358295177,-0.0176979965418942,0.00521140563533419,0.0115355014658945,-0.0661430972165379,-0.0015718376893302,0.0647506684993148,-0.0205172642168934,0.0556673406783403,-0.057288702077779,-0.00477958299808652,0.0417993611325774
0.0538762413631975,-0.00470095933455664,0.0081968089083325,0.00647397796036933,-0.0483885500873499,-0.0037444528122508,0.094577641486966,-0.0214243773678476,0.075831510039787,-0.0624601604290719,0.000266406362176484,0.0260491069678645
0.0449262024818563,0.00118783866341401,0.00518339732354899,0.00753961345590797,-0.0352241074535871,-0.0110892665061477,0.11577308134627,-0.0216935413221438,0.0843198611002851,-0.0680522859063875,-0.0012883002286447,0.00851897292343175
0.0399492669591056,-0.055200173981842,0.0122707132508072,-0.0125863718329722,0.0468722058679148,0.164902608545177,-0.0361889516172041,0.0245075447624177,-0.0260118878735772,0.0325165239506144,0.00946316844895501,0.059664869529373
0.0436118090705205,-0.0519796878944479,-0.00230526127488448,-0.00517489283620873,0.0709361564868858,0.14947475578534,-0.0457594370390092,0.0136879101987985,-0.0102126491508396,0.0291216459143762,0.00010269592878256,0.0670657639307163
0.0426133886447004,-0.0443797275855955,-0.014280943625514,-0.000876440489162162,0.0974078040154938,0.119126686844202,-0.0469864399116571,0.000453911532740537,-0.00202498644417083,0.0204402423898598,-0.00931483574547535,0.0551928781305016
0.0369706023077564,-0.0422471372413201,-0.0152981029527888,-0.00453816112519302,0.111324008462933,0.0800509942054014,-0.0339677435794484,-0.0139807049568802,-0.0126695242140946,0.00931242355748755,-0.0126274802123063,0.0102689909862146
0.0349180954376457,-0.0385245880082378,-0.0191060129383609,-0.000741195135281425,0.110410774746942,0.0463954669351452,-0.0252958267943153,-0.0281859618608535,-0.0216131672525516,-0.00419813658894986,-0.0180914450866625,-0.013260731990482
0.0303023361112461,-0.0306584762889714,-0.0157190318293216,-0.00236046204179721,0.0999900049571067,0.0193320231635746,-0.00935347713810123,-0.0452960899850118,-0.0379769309326149,-0.0214140155203934,-0.0270828807567569,-0.042194222494255
0.0286179091641853,-0.0255882199806276,0.00188646503937179,-0.000183302554408706,0.0872651974221641,-0.0172198832570745,-0.000997433091273012,-0.0649266695072799,-0.0728121118297505,-0.0369104089165163,-0.0300560896048786,-0.0766854118505508
0.0381965970298125,-0.0187149245525479,-0.00274656932481482,0.0036598379261103,0.0471304412522051,-0.0169483018509972,-0.019214578288666,-0.0617837477201691,-0.0940423481067065,-0.0450577257803687,-0.0216138897619525,-0.0704652880879136
0.0536840533021581,-0.0199112440077007,-0.0190877702334435,0.00570136091666132,0.0274859984683579,-0.0213781484431218,-0.0480000658635874,-0.0559408306259997,-0.0859869242847479,-0.0410185769052204,-0.0141006471793592,-0.0532841627575481
0.0593876701150232,-0.0161180214421598,-0.0216044785331207,0.0064909195797732,-0.019934600522527,-0.0246153510991594,-0.0603820339797946,-0.0463075500981271,-0.0818360828421589,-0.0413113778086595,-0.0186148434711953,-0.0415718269013928
0.0652639923220878,-0.0166593541899737,-0.015676967196625,0.00718961226859478,-0.0822209617188905,-0.0289782958155416,-0.0720202452298534,-0.0292581918033201,-0.0835028431198213,-0.0299059129241357,-0.0198400387227848,-0.0404092959767169
0.0716440691345319,-0.0315781607154453,-0.0112800987710876,0.011505175102482,-0.0965191423117368,-0.027502899680767,-0.0711431269208,-0.0131091286467358,-0.071066660683912,-0.022636864507528,-0.0120148287729461,-0.0246101122758741
0.0778388890168871,-0.0396634048867237,-0.00886412119783226,0.0128133687384966,-0.107835097212609,-0.0251346371833001,-0.0742591205798168,-0.00330754716598087,-0.0476483710746937,-0.0250803250769161,-0.0113198896752941,0.00403093567343777
0.0776442602625676,-0.0242692418267029,-0.00842074516937692,0.0157453942136566,-0.0977166756388615,-0.00749532239981865,-0.055138620003707,-0.00907619331143095,0.0158009347231624,-0.0304190181917666,-0.0101726297915795,0.0398869593715015
0.0724491991283075,-0.0239674092621184,-0.00618338918577795,0.0226545311437839,-0.0820307402814699,-0.00469934255689489,-0.0382314723054873,-0.0105719832592064,0.0547013520746845,-0.0308208539380853,-0.00893437594697545,0.0535673487507065
0.0606674190347504,-0.0147628093477581,0.00424896854373112,0.0226081098482877,-0.064188219287715,0.004838527649014,0.0112201663815632,-0.0268509097127053,0.0847135057406274,-0.0461329957070693,-0.00991141184776915,0.0536042299272521
0.0539451999971624,-0.00539524640083761,0.0140367629345722,0.0198220359343924,-0.0558133123194075,0.00646559987693815,0.0450960136780934,-0.0333746704407838,0.104577863742185,-0.0556631777927177,-0.00954485487400974,0.0509022834578249
0.0454558531893771,0.00438104154523582,0.0181145933594633,0.0116250481851654,-0.03628092013419,0.00396595845858978,0.0766786380360403,-0.0366685466876434,0.129188499683816,-0.0576994141924813,-0.0050748775600474,0.0339301080219222
0.0438859606081363,0.0026345220763183,0.0158914775486108,0.00562815557386961,-0.0287298290539056,-0.0066617383365543,0.0849047437334362,-0.0311929864887836,0.12086810708882,-0.0573423035276823,-0.00373640144268027,0.0181360483149049
0.0224383524910443,-0.0333372887588741,0.0140853720766719,-0.00613869518958924,0.00222735702836245,0.196303998889334,-0.023686097742098,0.0144337009105994,-0.0202967441834218,0.0268079455105037,0.00698555934579768,0.0435303848638197
0.0225341072231801,-0.0314787462581851,0.000209988822609307,-0.00361540332004718,0.0234535159439828,0.187032549917011,-0.027864457375855,-0.000195455702127883,-0.00927062407109388,0.0177359918622828,-0.00429418677914761,0.0479280297062643
0.0191884319667758,-0.0255601039489983,-0.0106132906179319,0.00220403463920956,0.0475390374745817,0.158779441776592,-0.0276248114151293,-0.00968761091925017,-0.00171084129488659,0.0101910993958992,-0.00844101075520385,0.027965248287219
0.0113511600660449,-0.0257824040166787,-0.0153087900799966,0.00188345738725168,0.063241798006933,0.117536822423324,-0.0138589973009266,-0.0243553262272591,-0.00990803813021178,-0.00557610808955766,-0.017015098174172,-0.0165005253908266
0.00803942812251115,-0.0141972478380328,-0.0179545295622875,0.000642367608626697,0.0631801488725164,0.0778127458039556,-0.00210677131501255,-0.0352838611116046,-0.0147669173227221,-0.0206354680218489,-0.0228780990492948,-0.0488545038819674
0.00493160745555844,-0.000515474169438622,-0.0148252276595451,-0.00371629467078559,0.0497792473402999,0.0463478015073122,0.00722486097008602,-0.0406208986805991,-0.0316687526548676,-0.0321465252501365,-0.0209159306284112,-0.0876259798275614
0.00614094564510528,-0.0025567012785523,-0.00208345925609337,-0.00129354682575153,0.030169203566661,0.0176130547191699,0.0100218887461808,-0.0336785299305542,-0.0541464193635386,-0.0354525032603544,-0.01303541479321,-0.116089555709426
0.0130830018665146,0.0177234149583517,-0.00762291223606374,0.00339837519708395,0.0142761376219913,0.00325887683879581,-0.00321782868526285,-0.0337827281877469,-0.0665623679110795,-0.0459676629928372,-0.00314657989042253,-0.121403907177012
0.0279076604656693,-0.00551643620590335,-0.010681625102508,0.00664012328223264,0.0107791024196001,-0.0144682523978699,-0.0325507185741825,-0.0324623146284277,-0.05149227166005,-0.0405299847007478,-0.00423175430710015,-0.102551643630383
0.038605422026918,-0.00682177383351363,-0.0128439483460452,0.00879108501754452,-0.0229347026890521,-0.0287692156689704,-0.0541816855932196,-0.0266642871301322,-0.0454202251488479,-0.031556815517321,-0.00606465780197036,-0.091381813134118
0.0489601998521837,-0.0236032689803745,-0.00370120664501987,0.00946190956912431,-0.0706274156705166,-0.0393867068962825,-0.0748572055762034,-0.00925266688527951,-0.0513793463893548,-0.0175615135929389,-0.00850138425867083,-0.0821959203762356
0.0611606063326637,-0.0412845256342682,-0.00848834793069207,0.0142412389530516,-0.0787310432159385,-0.0447916664005364,-0.100226956504585,-0.000655193032740243,-0.0359056924710567,-0.000553491168700128,-0.00590870214491797,-0.0579153237844157
0.0730352615421238,-0.0425247369778056,-0.0244954754318952,0.0115335327131524,-0.0780181137010475,-0.0412971969368168,-0.118929074995768,-0.00411824354081122,0.000501400566480656,-0.00699846477712404,-0.0143848590507613,-0.00979187054246728
0.071690715992257,-0.0355775806413224,-0.0155282582167226,0.0171300283066406,-0.0771176711172033,-0.0261707444876012,-0.110039067299826,-0.00279626622789793,0.0531685465709238,-0.00797938841753985,-0.0105019335264881,0.0236619590436185
0.0667444187597599,-0.0253507129180922,-0.00893830196888104,0.0168596523403331,-0.0647443094874553,-0.0192760903289947,-0.0810447749361016,-0.00833561460520348,0.090420162303927,-0.0175394261530743,-0.0110023423143503,0.0394538209880118
0.0551531960387763,-0.00901950061783593,0.00247930669309643,0.0179039657173869,-0.0499791822223098,0.00057262764380098,-0.022569669050716,-0.0218514341738753,0.111720319315901,-0.0326444251782532,-0.00777855403679921,0.0383316411786883
0.0483241452904221,0.0023017837620687,0.0118091280957895,0.0130053283539463,-0.0325037698760543,0.00142961134111822,0.0158688462421575,-0.029653915798964,0.137907340977923,-0.0410747047460824,-0.00776118282096221,0.035275636376775
0.0392845819435772,0.0058311528996639,0.0228859378628257,0.00867550689185289,-0.0230740248607769,-1.06015763902531e-05,0.0432677110867038,-0.0347899592244891,0.155870621811857,-0.0453442861554862,-0.007883412562467,0.0220636448584295
0.0368195036132123,0.0111828873322529,0.0213753521022285,0.00755022980848962,-0.0205823778863684,-0.00563230598966073,0.0586334038457611,-0.0370990598311532,0.155126343138318,-0.0521691346428885,-0.00733591966801196,0.0157573168965566
0.00374572084293568,-0.0131512536031264,0.0171845732375558,0.00577805862244283,-0.0371850792968951,0.222901401088828,-0.0065449515794536,0.0176556300858596,-0.0158307154609709,0.0152934426787701,0.010661158717238,0.020538611317012
0.00144580842834528,-0.0102478276880252,0.00123424355111509,0.0102974042700022,-0.0188334014350256,0.219112936999232,-0.00754437446142924,0.00258909654088608,-0.00616096143191153,0.00664260847446161,0.000594431345209192,0.0225269601877854
-0.00253370414166709,-0.00895011286145727,-0.00822590941382303,0.0104545523615257,0.000489903566661598,0.19348721274172,-0.00439028581956853,-0.00799270012127691,-0.000587957480384971,-0.00185521940530925,-0.00394991353804699,0.000265891399417311
-0.0103853074440144,-0.005086692192148,-0.0147955218438276,0.00876470392882397,0.0191771428650505,0.154420935945546,0.00997784938174172,-0.0306382817978026,-0.00268747232715668,-0.0224295567019495,-0.0150967743209539,-0.0398115847786654
-0.0152870265166842,-0.00136401002604041,-0.0121924079442785,0.00540360708404312,0.0244274581021307,0.108095174094698,0.0198118727669851,-0.0343406713491303,-0.00822684522146083,-0.0334718381967728,-0.0177475862185155,-0.0819374099775242
-0.0170337123741622,0.00734122348448304,-0.0046715995346795,0.000470464281984605,0.00930736195742916,0.069232821331356,0.0284786127747344,-0.0296819345882342,-0.0244430364471475,-0.0407796894320193,-0.0164137292853522,-0.123889163660393
-0.0160384530265046,0.00688001662859418,0.00668045797560231,-0.00120291711189081,-0.00721547213169486,0.0307403142373759,0.0215934863630358,-0.0187091723802647,-0.0416661361827583,-0.0394903935657165,-0.00543391317784394,-0.158701798502138
-0.00699259769280764,0.0110904960573747,0.00605190888279975,0.00303823436235231,-0.00657059674467625,0.0117800525331859,0.0101987403175511,-0.0118115239871084,-0.0421934236298044,-0.0408936623386791,0.00680012402983674,-0.160581401051625
0.00308845355196195,-0.00289995045786451,0.00332286141395505,0.00819576305863967,-0.0111964754894186,-0.00841705542651024,-0.0203766934244321,-0.004324758953911,-0.0246131190481102,-0.0265557647462893,0.00870008044080635,-0.151483724854271
0.0167759058983554,-0.00759442072878484,-0.00293521682449515,0.0121905494736821,-0.0252078677095524,-0.0278929144642049,-0.0516306724579972,-0.00358507100817644,-0.0134641208627505,-0.0162417079061929,0.00527775867403083,-0.133767626094153
0.031509794558822,-0.0288478754449503,0.00185850434337483,0.0111658727719962,-0.0491213971699816,-0.0471776935996054,-0.0828217634903002,0.0106304573314773,-0.0201179867862792,0.00464828270680681,0.0102593271207956,-0.125226245245556
0.0479972631894747,-0.0456494188871545,-0.00972871454802581,0.00891811642278818,-0.05989501816535,-0.0608555516942076,-0.121740052774349,0.0176028189208566,-0.0104369662283891,0.0179813347285576,0.00403801635957213,-0.0972833547472303
0.0593508482149424,-0.0453908785228474,-0.021468045366949,0.00943351348767793,-0.0481683795017422,-0.0405201798836499,-0.139135241925702,0.000273256504749275,0.0427842449387306,0.0191047418355339,-0.0102656261530862,-0.0310453274695612
0.0643598468526878,-0.0411135567175498,-0.0190439899918219,0.00771704682937452,-0.0458008573170125,-0.0420260632707885,-0.142705141822236,0.00333182519847567,0.070346797661429,0.0135580011357132,-0.00994924895534223,-0.00454138155553695
0.0586377844520892,-0.0353916198111822,-0.0134768740605359,0.00930360854397519,-0.0321792106117107,-0.0329197721360337,-0.111964330096742,-0.00575283750289216,0.102277293118698,0.00305242971387305,-0.0142486791683976,0.0113204368739732
0.0539694009937492,-0.0189583740328327,-0.00270142680318097,0.0106086032779016,-0.018299101814966,-0.0173359196016125,-0.058215951829961,-0.0212458999834187,0.126458863689119,-0.0099946763219766,-0.0125097473006366,0.0221027848339468
0.0442443316770999,0.00314929702057186,0.0155232512173301,0.0112628457022403,-0.0109411243091192,-0.00178772458315181,-0.00529365167603041,-0.031219908789619,0.165190220427808,-0.029649912464549,-0.00827113865726237,0.0281439596723727
0.0372393675593646,0.0129309450331075,0.0212130918573744,0.0112337504221478,-0.00727868372160341,0.00063883399475462,0.0253622240289395,-0.0366353878743468,0.179760813805028,-0.0415580656422876,-0.00707427978922875,0.0193353573542579
0.0350209118174704,0.016742802092773,0.0236161454385823,0.00887902540364703,-0.00564562594858527,-0.00273531425952561,0.0331233562070438,-0.0386279837953462,0.179471670236598,-0.0441653374083754,-0.00647609701980109,0.0166124450328563
-0.00692335570444114,-0.00170104373688089,0.0140110234403045,0.0091467538429588,-0.0476938032875566,0.226919200875248,-0.00232831841356625,0.012849698569173,-0.00685420472188545,0.00507088796081637,0.00972796548302536,-0.00431087178846956
-0.00600813622988527,0.00511625637516438,0.00132616953211537,0.0115721613723365,-0.0307520196218008,0.22247566129573,-0.00578455608806603,0.00122478766900327,0.00845688034111755,0.00181814747892604,0.00341606712144968,0.000944396707132465
-0.0130540336365094,0.00750351504328915,-0.00720869362385528,0.0136225763411302,-0.0177405652003748,0.208831937837288,0.00722899734063445,-0.0112049091779851,0.012274599735006,-0.00965587459854988,-0.00367296890422506,-0.015939227908956
-0.0230380906492289,0.00666610578817856,-0.00906497897980582,0.0171145089916644,-0.00957457622565959,0.179522087697195,0.0217625423778499,-0.0259336042160677,0.00951876318871743,-0.0263660545825089,-0.0073025581847652,-0.0536964821537134
-0.030155972939343,0.0103130623434723,-0.00394294307331737,0.00739247905293627,-0.00424361732104827,0.138320026276583,0.0405232272628143,-0.033509182358157,0.004777791121884,-0.0399764731114962,-0.0115075301651359,-0.0981392665833189
-0.0304894340724878,0.00806902801929153,0.0064195815116275,0.00532164874457157,-0.00736868757516393,0.0817363762193565,0.0393872547872487,-0.0258006605620784,-0.0141816890850485,-0.0433419710635655,-0.0053237935902186,-0.147709911939689
-0.0284412346813959,0.00513447542552781,0.0095699603692908,0.00346192162429461,-0.00692958541920568,0.0452843623070028,0.0299297336504315,-0.0174367319534456,-0.021163093039257,-0.041313531230715,0.00128963101195308,-0.173488778868054
-0.0208276744404577,0.0096272711751255,0.0133036901931038,0.00408215048434731,-0.00684694542995748,0.0287844126039933,0.0206171749669562,-0.0141274896049077,-0.0171662922643097,-0.0356071382751326,0.0105652434182427,-0.178373975085631
-0.00957317922844205,-0.00439271789650834,0.0136787366790369,0.0064663166781622,-0.00811645123483216,0.00261124634563384,-0.0118355431753996,2.03270734229748e-05,-0.0074462851194618,-0.017478328181004,0.0198353481293694,-0.17954752135773
0.00568930746470273,-0.00780220836364604,0.0128749306644014,-0.00179162524533232,-0.0153649224612843,-0.0274377845171728,-0.0467589481153977,0.00998906928568863,0.00188600222362657,0.0132291991603265,0.0231429464730357,-0.177913241552687
0.0190064663255977,-0.0308019577027239,0.00983934324343972,0.00212971077243646,-0.0200591623707769,-0.0728078054452532,-0.0945532856921479,0.0358018987137678,0.00661937922386349,0.0416731039318159,0.0275750837422783,-0.17970829046541
0.0334686953743258,-0.0464196838892089,0.000824755400287737,0.00062825159694,-0.0247284177449406,-0.0808501392729801,-0.120103956329232,0.035373296978011,0.0244545349396631,0.037887749782801,0.0172360590711453,-0.143955604499735
0.0443663703371138,-0.0457966412142799,-0.0150655855623438,0.00670154284191045,-0.0246386363596145,-0.0530055482706911,-0.150978161366979,0.0152884068410235,0.0645920411559039,0.0376603442844143,-0.00209869597692838,-0.071863799766595
0.0454896674630178,-0.0462444040257181,-0.0129037757787259,0.0043687072963421,-0.0233365665616658,-0.0424032271698233,-0.148825040586607,0.00948421813046022,0.0887151511872743,0.0276178483959717,-0.00770020838193217,-0.0413838477028175
0.0499072090991899,-0.0358313973666085,-0.00916760853207471,0.00148723432131204,-0.0113811419460151,-0.0278761838774605,-0.129899883203093,-0.00409970007050527,0.120427234593153,0.0173121431968307,-0.0123676468986351,-0.00796111356063639
0.0483511279030708,-0.0175143036599594,-0.000125537690320743,0.00195252706259938,0.00391077181654637,-0.0182508708322261,-0.0774783166748429,-0.0155586289479409,0.144985099397359,0.00283127652496115,-0.00678051138296071,0.00355976258796106
0.0434813283488471,-0.0040014772832701,0.0116027413457998,0.00455904981798804,0.00894309841146568,-0.010336602842997,-0.0296800957814619,-0.0273073312490027,0.166901563676674,-0.01681294946798,-0.00497183831593277,0.00883797824278505
0.0331535827424383,0.0111924290201735,0.0167227739061835,0.00749319343517833,0.0119337723424948,-0.00385126726968305,0.00754493890963955,-0.0373402083708647,0.185817884865664,-0.03226167727107,-0.00187227017698659,0.000360977771900536
0.028709384625483,0.0267123942567489,0.0168749627399666,0.00898419409417485,0.0119208133725579,0.000489730747918264,0.0205078309699234,-0.043633109949191,0.200871188109962,-0.0475126087014473,-0.00265858414463648,0.00683031306438513
-0.0146417129817752,0.00480944604547323,0.0140505986354879,0.0140547402936416,-0.0498981391155716,0.214826610449503,0.00213914685623989,0.00199025177448015,0.00238920859672515,-0.00803159859145475,0.0112366667237074,-0.0247576395210899
-0.0181082980589445,0.0143319731486011,0.00594934092021055,0.0202926388945166,-0.0366953743284537,0.217946457786314,0.00265120419925263,-0.00357786885355497,0.0260262190405681,-0.00622877674770712,0.00876430059850997,-0.0200920666973811
-0.0212074964743544,0.0184616424120659,-0.000734694847828239,0.0183714290821071,-0.0262230603294682,0.20782458856858,0.0151135037672729,-0.0114839040778669,0.0274504397649081,-0.0176729387148345,0.00396845017328642,-0.034546256892789
-0.0328355685589388,0.0183618308116323,0.000509372113035689,0.0228461128068878,-0.0206403449465485,0.187344835992274,0.0290540175698891,-0.0171419053877888,0.0298711281181669,-0.0282427301668366,0.00089942900330011,-0.0651784345470201
-0.0385185335959934,0.0182109772484729,0.00383467251581723,0.0181451063982417,-0.0137564727346634,0.141632943251153,0.0446378485193515,-0.0273567870591654,0.0258449370910725,-0.0385691937094887,-0.00229273019383535,-0.108288037056805
-0.0405700676181928,0.0130812253971956,0.012543280796686,0.0139421565479628,-0.00755070729314368,0.0884995186849959,0.0411811235921255,-0.021366798446811,0.0124793790187962,-0.0420562039380178,0.00285888600780201,-0.15765052463207
-0.0382150651701389,0.0126796138768711,0.0179650212752225,0.00672826647842824,-0.0106900834042321,0.0628340405356806,0.0350073562682218,-0.0152740865307707,0.00190338130752953,-0.0399207293946885,0.00765603184608674,-0.182456398944081
-0.0306683292348377,0.0148362488149069,0.0203517244823882,0.00928535149368612,-0.00640019099622227,0.0444066849876413,0.0233007180934205,-0.0136305788571026,0.00618254562749121,-0.0319326497027822,0.0182293981555279,-0.186075701093019
-0.0237370376234559,0.00640445368447075,0.0200979166590004,0.0116236654041918,-0.005631948197045,0.0218214803000547,0.00401368149401419,-0.00447817962397691,0.0178015591742731,-0.01957706923049,0.0233915581274493,-0.188407196169701
-0.00835121527044197,-0.0109895151322397,0.0234626410739775,-0.00417470779747597,0.00201546775268057,-0.0428125832347885,-0.0515314095462569,0.0224119894936016,0.0285287660290647,0.0377581228438571,0.0316751967363157,-0.213732655242345
0.00779435357513889,-0.0265417752022409,0.0181494674557979,-0.00451068168966864,-0.00240215938553872,-0.0686390400347867,-0.0960492712540512,0.0419682977184371,0.0433626145071438,0.0577749343577986,0.0332884795186297,-0.195339949160155
0.0211103975232446,-0.0428198107783324,0.00463139726890138,-0.00329943333091679,0.00231580958175774,-0.0792682040152548,-0.122918739822093,0.0385239532219695,0.0711472905349087,0.0493991601372024,0.0233358370053504,-0.153669429108418
0.0347391291918071,-0.0373139711058497,-0.00542937117088215,-0.0036562880350819,0.000821059210747221,-0.0489200882913342,-0.139060902083859,0.0225011332234103,0.100439543629663,0.0501543876015881,0.01204333677636,-0.0899343388927946
0.0368536853672288,-0.0339615377520013,-0.00545287203061972,0.000405729029034214,0.00242452638877997,-0.032131096692892,-0.133745113155099,0.00974846468086533,0.123329701678043,0.0322985170516219,0.000574893816093347,-0.0538645992931123
0.0391739132694235,-0.0270489758471311,0.00318540540357369,-0.00294377986081507,0.012182059503227,-0.021824766886485,-0.121311642963072,-0.00157165974447442,0.154704430199815,0.0234792698682364,-0.00285501039281109,-0.0224093281904608
0.0412338726262218,-0.0176456931255756,0.00379039388057631,-0.0017218073981168,0.0154301465853386,-0.0108121947656578,-0.0884671700394558,-0.0149413157291607,0.169356599070456,0.0108332729708181,-0.00513602919394348,-0.00178901434052144
0.0335352056899073,-0.00366251063146469,0.0130475034983531,0.00211584283337644,0.0294613883265793,-0.00709780700542719,-0.0497113162936334,-0.026320260801551,0.191035047239184,-0.00287955485707133,-0.00292340808086997,-0.000771731166521279
0.0286009312371006,0.0167948198415989,0.0151714802109749,0.00584708477392503,0.0245414567514696,-0.000671200372137002,-0.00715615104687464,-0.0380866024571668,0.201534829042622,-0.0270812291608976,0.0015663967045301,-0.00910438093161615
0.0255258615270071,0.0236594235490713,0.00839969188111701,0.00866225916202494,0.0219251452761645,-0.00397975334327539,0.00866836469258887,-0.0405396726905262,0.193859331611247,-0.0409800575265478,0.0032767075494663,-0.0187782541713395
