-0.0117050725842561,-0.0305457867693893,0.0926714926810574,0.0216743281708929,-0.0825730210503383,0.0624126780254703,0.0925068265507839
-0.00610810546943078,-0.0226784108911224,0.0889307479235841,0.0195680316792967,-0.0834716098709376,0.0590142136424244,0.0956059279726239
-0.00482944864836602,-0.00736731442342316,0.0860079837969127,0.0177359165425445,-0.079817836719829,0.0458873448070039,0.0920163214658384
-0.0110236640149863,-0.00026272774261149,0.0866589746109924,0.0189711802884428,-0.0747236008321904,0.0377671094778746,0.0915956218003846
-0.0240126447142757,0.0288949164397212,0.077029129812049,0.00520493299751323,-0.0795672522927435,0.00755094425974307,0.0937739875213032
-0.0250145272342507,0.0365975042517733,0.0751491748390296,0.00257951254671713,-0.078918028378942,-0.00359306822309577,0.0890694668928574
-0.040705729041901,0.0626761975597028,0.0663354269083148,-0.00686270638696713,-0.074697621353108,-0.0248254042405598,0.0902959343784968
-0.038017466570948,0.0745218058548524,0.060585912261432,-0.00868774095709795,-0.075107174700928,-0.0392375337744575,0.0848876862494175
-0.0116690340106818,0.10487646520878,0.0485295832366202,-0.010200017528303,-0.0843143345613108,-0.0669710540213874,0.0673857193873701
-0.0106013217251787,0.10786703084456,0.0497624590880309,-0.00897701335295922,-0.0785562969702974,-0.074738684144436,0.0576401083746321
0.000623930778939232,0.107710545320698,0.0545235081620656,-0.00228131827889069,-0.0731910593340523,-0.0725244283627932,0.0435303490049085
0.0265243825407877,0.10833473286678,0.056438389450149,0.00429505257934794,-0.0710991244967454,-0.0740335757016376,0.0294195172603982
0.0489366779080299,0.109952162490128,0.053834417058277,0.00961546736108275,-0.0752323522600098,-0.0770319402223756,0.0117736027560857
0.0779926508209459,0.0881463782365562,0.0644307190182548,0.0364318430168092,-0.0716232696772181,-0.0528265107460497,-0.00879944026508563
0.0966770709390302,0.0754766563606619,0.069646854869497,0.0458494511097114,-0.0662610263579976,-0.0420160392653169,-0.0205032783728029
0.106769985762802,0.070254247867811,0.0715632026088779,0.0511302818997907,-0.0685162692723069,-0.0407250822868024,-0.0271024276506031
0.115353791674959,0.0559822284426444,0.0709782814340095,0.059294096728787,-0.063171458468261,-0.0311623602491263,-0.038323172624542
0.110924970040451,0.0240688233536282,0.0737777100757681,0.062832356335592,-0.0559956981724987,-0.0167090908197359,-0.0349629979647921
0.104754118014815,0.0148114659096259,0.0763887962337898,0.0614426607460647,-0.054852164168377,-0.0142206724545143,-0.0236686520750275
-0.0178109864653027,-0.0293284623354735,0.0807283790835055,0.0125313606661748,-0.0726700595144102,0.070609940376155,0.082538451517461
-0.00987571961948897,-0.0241457747485441,0.0792744129510879,0.00978820001665347,-0.0724021848187278,0.0675703905643074,0.082508055983561
-0.0173154163552488,-0.0080340907864131,0.0760516275620347,0.00363904438969797,-0.0696177075307813,0.0517126741062145,0.0848622101923827
-0.0243591995169177,-0.000484230994871724,0.0759919935456331,0.00407519297442392,-0.0643865982599271,0.0421009195624765,0.0836019838816159
-0.0416986009876634,0.0325258404790648,0.0649828274449675,-0.013705245727476,-0.0687796979194827,0.00637368040513025,0.0904391338782446
-0.0476419168578314,0.0382669557270583,0.0639404606750951,-0.0135741676972492,-0.0672509027427548,-0.00544117495911186,0.0876468876608374
-0.0497629615010089,0.054161698947937,0.0587218915912376,-0.0138017645820835,-0.0585518531736717,-0.0174543012547346,0.0809035787365695
-0.0518911552679348,0.0713947927371872,0.051980021533469,-0.0150823172815467,-0.0608972328991985,-0.0333162029059856,0.0733220291556778
-0.0311529536542554,0.0984404840647927,0.0421323020157024,-0.0139506072514788,-0.0646983120064002,-0.0588667459818987,0.0551637282471883
-0.0243535997769844,0.105253959678948,0.0432724109300577,-0.010087861259245,-0.0610707930545969,-0.0702240845544721,0.0440959973225057
-0.0101957550367069,0.101110200041149,0.0491367270240347,-0.00498364032751555,-0.0599885770160142,-0.0722092673063651,0.0307321443901143
0.0192300971767261,0.103921222192831,0.050319282430611,0.00110292707309454,-0.057823679632131,-0.0749208264813561,0.0137783937553515
0.0445609093045679,0.106458910859599,0.04955237886095,0.00600835990210692,-0.0595800703773321,-0.0789650614401193,-0.0044501345804711
0.0616542359158948,0.106370021381503,0.0516872905135744,0.0190962327397755,-0.0588022542637394,-0.0734423719353314,-0.0202674987745703
0.0780896739946851,0.0923297009795649,0.0557764440442403,0.0293226559513399,-0.0570565799866598,-0.0637250991485007,-0.031746671661041
0.087129278093086,0.0873045253188166,0.056907058587789,0.0327144391418227,-0.0573572402944374,-0.0604833181028787,-0.0379584597863112
0.0993530759684479,0.0417305133840267,0.0692118832528019,0.0532012666138745,-0.0454677334403279,-0.0237395029064933,-0.0451215958348248
0.102587680446679,0.026614915986591,0.0665197974356438,0.0561937078335119,-0.0453464695430677,-0.0213479783136985,-0.0484053682805939
0.0888828504376397,0.00450436542973727,0.0712726038297781,0.0604766680455621,-0.040109269725696,-0.0115603095904601,-0.0412065651974106
-0.0187948703109584,-0.0436921200662202,0.0728681080885059,0.000742119507843083,-0.062505368445273,0.0893525687054368,0.0724874293262402
-0.0209958326847852,-0.0399264159446418,0.0716287475036102,-0.000736711961708456,-0.0605714435539736,0.0861695882391504,0.0793850689284882
-0.0234545683898322,-0.021032947052516,0.0691744174627482,-0.00473629872249493,-0.0555339350013092,0.0693434125923754,0.0791981902912268
-0.0343795006728756,-0.0115932512231258,0.0680933172884446,-0.00454470230307559,-0.0503179262380277,0.057674452091372,0.0776645494209681
-0.0557390582170457,0.0228700713337293,0.0576509843221373,-0.0241958835132783,-0.0542623953971049,0.018849435130437,0.0859811907031848
-0.0609445754278132,0.0358020889873145,0.0508657662202428,-0.0263007972502802,-0.0510235585232717,0.0085199295411345,0.077172382608487
-0.0645468607157602,0.0538519139881708,0.0461683648526804,-0.0248478268938661,-0.0427286025482215,-0.00986335618630301,0.0693399922195933
-0.064793862773937,0.0722099867380573,0.0412209627408541,-0.0214288226440832,-0.0426826899422105,-0.0282184706940062,0.0539608557081386
-0.0507345871821169,0.0771446752218155,0.0394165979599308,-0.0171437126577376,-0.0421781539609099,-0.0423200925739018,0.0405522183658518
-0.035886421335698,0.0934800212336228,0.0389909270946439,-0.0115129021244234,-0.0434503308014833,-0.0644025177402558,0.0226562539383998
-0.0153075185049723,0.0944777333532172,0.0442499818875056,-0.00867303291192476,-0.0376195241902109,-0.0708027079457301,0.0113481797678087
0.0114511812113988,0.0968976124471811,0.0453486752057527,-0.00188405650323338,-0.0339753117703193,-0.0712907373437827,-0.00578663636862796
0.0252681611924472,0.0915238348925876,0.0478389070629117,0.00625674552503233,-0.0367889902194108,-0.0732263635701009,-0.0167496838833724
0.0441254785749269,0.0897971474191339,0.0495545743939612,0.0150877127918544,-0.036519967445378,-0.0699230321317771,-0.0338121562898907
0.0569216335234031,0.0823934393880279,0.0535868692767125,0.0220628663089515,-0.0388767863851872,-0.0695953698885224,-0.0441673234926938
0.0599862370621683,0.0658002689960335,0.0575159605043134,0.0288378694001438,-0.038344210065382,-0.0562537267090957,-0.0441515425360234
0.0851775502180358,0.0280095300783322,0.0671016065267922,0.0514140251657748,-0.0321096129320018,-0.0223237836475736,-0.0618076984229066
0.0934421436938951,0.0151428772172923,0.066868810581163,0.0582943211025253,-0.0293684960694765,-0.0130868682473103,-0.0674962092653799
0.0834921224974777,0.00241897926228032,0.0723921819454905,0.0637149859809846,-0.0290318596468205,-0.00815706350695323,-0.0606259707554722
-0.0270857964240001,-0.0584526019852272,0.0662777083286433,-0.00835304638496995,-0.0412962537967234,0.132995891132828,0.0698044052957309
-0.0385624301829759,-0.0553158193724177,0.0654975794500559,-0.0107728574368683,-0.0408768776708421,0.118397565491044,0.0773234904628177
-0.0428259386381132,-0.0358505409432844,0.0621944992960288,-0.0143365493880651,-0.0367326820937896,0.102479196456342,0.0716586491288684
-0.057370963020732,-0.0138209254260011,0.0573748472105854,-0.0242818033486611,-0.0336780642797839,0.0728889630924488,0.0752613231980158
-0.0755808055260904,0.00763534583644028,0.0514958800808334,-0.0371885084801416,-0.0327533700469598,0.045069743469256,0.0798651152356697
-0.0751019340045184,0.0182194899359609,0.0469624507438531,-0.0352489360404018,-0.0285793970655423,0.0305660428834933,0.0677156155896043
-0.0760408258082036,0.0427429511277003,0.0401926192136408,-0.0286356144841786,-0.0222594859747768,0.00382227208044145,0.0481711916358258
-0.0805752453061049,0.0534610936083664,0.038747422426067,-0.0238502541640901,-0.0207480559337089,-0.0140317638305728,0.0377492159088682
-0.0685467666296786,0.0589179687191816,0.0377430509272223,-0.0203932866234232,-0.0189046715752548,-0.0291517352151665,0.0253928414541089
-0.0546240174281347,0.0641796186369299,0.0428232921422511,-0.0119672290615301,-0.0168040126658125,-0.0447765064256293,0.00988523641643597
-0.0364813555981711,0.06337490082806,0.0493296231094182,-0.00775501096083967,-0.0083393374950956,-0.0529230405228664,-0.00230376741321044
-0.0106931270802201,0.0753541280861777,0.0470133241526931,4.80951510981237e-05,-0.00824412734552857,-0.060691504577552,-0.0202468164484585
0.0014332035841483,0.0664784997014227,0.0493442724658086,0.00699508492790025,-0.0085491793929775,-0.0632666272482807,-0.0250844632422087
0.011036057108024,0.0586019911471745,0.0550993950537175,0.0180361997821217,-0.0105310753323697,-0.0634084603956222,-0.0382541101021563
0.0386536688656656,0.0199291718754432,0.0678861119715278,0.0395614781597955,-0.00828922261750758,-0.0285076112461382,-0.0586507744593279
0.0498308362650504,0.0118791845302737,0.0699226198311843,0.0454803688345008,-0.01128013451971,-0.0235667160617131,-0.0654388261916324
0.0664719664516133,0.00115220051064547,0.071997251121083,0.0560837836578017,-0.0128260370179107,-0.0137493715862401,-0.0751361191807411
0.0698094170592983,-0.00371912117922354,0.0722120194713629,0.058614506728256,-0.0135743440743313,-0.0128499800656457,-0.0726844508566451
0.0667886359475951,-0.0137852578839669,0.0740262961084128,0.0596955119640298,-0.0118315032833963,-0.00481421303629193,-0.0666044789133753
-0.0229422206746148,-0.0546040522576764,0.054116903660296,-0.0134323022622894,-0.0256786596235284,0.158383441540111,0.0483753320790593
-0.0286938807758792,-0.0494736859162325,0.0515111047572894,-0.015513297523985,-0.0243335109371418,0.140862145044516,0.0508496255753362
-0.036112978854676,-0.0345728027670862,0.0466997417502321,-0.0208283322961655,-0.0241164713984276,0.127560783320077,0.0473961394736568
-0.0471985620063359,-0.0247214110102073,0.0457425380006624,-0.0204918128207569,-0.016297282752647,0.108486276065714,0.0463796725810902
-0.0547441884357686,-0.0120452076837987,0.0430366722716367,-0.0231523739980094,-0.00715754142083727,0.0913277253340456,0.0434932311332763
-0.0623359518354753,-0.0109458101440279,0.0458525765214584,-0.0210399851483882,-0.00272518955730769,0.0729368093890592,0.0361830908135098
-0.0819409985670377,0.00605293509071115,0.0433271104138599,-0.0236773149476054,0.0054234643733703,0.0502977937170456,0.0315052297074015
-0.0883349156544441,0.0149112887014347,0.0418047359160049,-0.0181784735799328,0.00641087006813457,0.0299550562263699,0.0206717994322454
-0.089197320510261,0.047089497897745,0.0343502784013581,-0.0285991733006219,0.00612031003992292,-0.0168155230515284,0.0172428159339909
-0.0751950559605992,0.0501109793541071,0.0390475359755917,-0.0181734224301611,0.0110871568157459,-0.0318675630997027,-0.00292554985796381
-0.0564253108178064,0.0557251098649605,0.043036646707652,-0.0122139611181276,0.0172002091999123,-0.0417642455425026,-0.0189390174495044
-0.033435560001256,0.0496689562097826,0.0477165144584702,0.003822291249833,0.0221618975009616,-0.0398782527205997,-0.0357701705771395
-0.0201496816924572,0.0304797740811616,0.0545108699746205,0.0165237625860976,0.0187256493865975,-0.0376979101443627,-0.0416870576303422
-0.00972860584199234,0.019462647348376,0.0610149439729829,0.0232923305517923,0.0146109930374175,-0.0399047448810892,-0.0516174170284916
0.00890301144819259,-0.00709334270299498,0.0714320914238762,0.0381211586195279,0.0145794050847841,-0.0208768010541115,-0.0630636171404567
0.023144380448668,-0.0132602383079088,0.0740892190283371,0.0419682034542566,0.0106884940842386,-0.0199364537018643,-0.0633212992190147
0.0425721970476772,-0.0256039908816231,0.0761539924392592,0.0506442268436666,0.00556709172088036,-0.00933882756199029,-0.0685605383309213
0.0398693271072525,-0.0321770571297389,0.07544137734562,0.0502399829853742,0.00475484116503618,-0.00976572295255085,-0.0594009715774296
0.0521141309299474,-0.0322073981857592,0.0754755445236984,0.0509773970773925,0.0019219712119358,-0.00390530680969972,-0.06057427377861
-0.0213236880231381,-0.0510105787626848,0.0409712709817683,-0.0219453953154038,-0.0173030104803061,0.16937530292803,0.0366241698345632
-0.0162199426834967,-0.0381564346095584,0.0350183706391901,-0.0258054180957781,-0.0174102746644656,0.162597058253095,0.0364238997138341
-0.016183933386546,-0.0233462186391975,0.030671237583995,-0.0257053228433673,-0.0140981386575434,0.156453489998723,0.032101294488798
-0.0277615799116984,-0.00150282733091392,0.0229427101467595,-0.0311803166829289,-0.00183132037587257,0.138382385974945,0.0174860173577311
-0.0347518750281483,0.00838413130963589,0.0215957953220143,-0.0329113866491974,0.005929647548574,0.124105745489406,0.0126724510092248
-0.0507407219376623,-0.00288274833683544,0.030109155819111,-0.0254339569604194,0.00811551499549333,0.0883434937858553,0.0113382180458525
-0.0756991053999505,0.000801883546499582,0.0348327288634255,-0.0253755800290344,0.0185102254892791,0.0602659510918577,0.0104507070965947
-0.0867558429474059,0.013211084433552,0.032365567463327,-0.0211052428328313,0.0247860728412058,0.0421701654361574,-0.00280389826083798
-0.086598173434833,0.0290609346385693,0.0324216877329069,-0.0229800085347491,0.028437851855624,0.00801637132500301,-0.0146860822990959
-0.0782074171565668,0.0370796989597003,0.0337666547621224,-0.0135949884060335,0.0351923766019129,-0.00793520870684942,-0.0349180494062104
-0.0579140545701192,0.0355838098411558,0.0388894568549163,-0.001165863430553,0.0454921552806326,-0.00988112559503657,-0.0547876757783497
-0.0552621749451739,0.0222514792917475,0.048866609459451,0.0104324441340091,0.053666121829169,-0.018507733706462,-0.0663844573150074
-0.0517790151954303,0.000272827220111117,0.0578336046234528,0.0231548202622162,0.0535273196920725,-0.0210237751082191,-0.0761255667896522
-0.0428872049283801,-0.011551635533705,0.0653878660970781,0.030887922220673,0.0512129202378521,-0.023405371246101,-0.0812746216601743
-0.0214525073261025,-0.0346340230438171,0.0767631590867642,0.0363187188702159,0.045705430481403,-0.017614919690384,-0.0698502975461873
-0.00518817019232298,-0.0492529736316398,0.0804645490090177,0.0375363630364228,0.0352361321217282,-0.0173652321980838,-0.052287655228472
0.0137352410320649,-0.0529785497216755,0.0789822127226792,0.0437802111530435,0.0266913328191865,-0.0107624522028526,-0.0484447241040518
0.0355290668514167,-0.0484853597352588,0.0746132370448163,0.0437216868804711,0.0232272120728998,-0.00529055837743687,-0.0495747982509707
0.0488907343961035,-0.0427499530835583,0.0711912789503013,0.0454718750010378,0.0184139316361879,2.81141637969933e-05,-0.0560205536417756
0.0234366624372889,-0.0204612434949926,0.00944336306672664,-0.0394746834319684,-0.0208334761150599,0.180541487231788,0.00529633377900019
0.0240988080288489,-0.0119246945930074,0.00579663655367031,-0.0416348480690746,-0.0170552164529369,0.178449452585876,0.00568478663555535
0.0230899347116352,0.0205393766300408,-0.00739198494511143,-0.0474671915986926,-0.0107244461019585,0.166574693067351,-0.0160564816038849
-0.0121050894506978,0.0486354532491408,-0.0137959110011407,-0.0518061437573058,0.00951851222465607,0.147043491602001,-0.0261338430760976
-0.0210449312235985,0.0560575823666446,-0.0135943860228062,-0.0502728386339825,0.0196079190579716,0.129898285655461,-0.0336599851684497
-0.0309156060317162,0.0325158109201898,0.0043239175798632,-0.0349575157019373,0.0186857643258514,0.0825933304053154,-0.0282060500778878
-0.0538691472823491,0.0433767727642658,0.00496674034905978,-0.0374588957009669,0.0312383634869439,0.0673341464815602,-0.0361414626584604
-0.0810695775582321,0.055930208441177,0.00357168611066951,-0.03527548105188,0.0450409942827818,0.0439188498419402,-0.0473208442141143
-0.096969443545757,0.0525627416006101,0.0119541607566077,-0.0257829939357023,0.05436094791456,0.0146819351642894,-0.0631585145875738
-0.0983333983690748,0.0458991022359726,0.0218632175494343,-0.0184374449624273,0.0672521829199292,0.000931963005634543,-0.0802000516500425
-0.0705184579690287,0.0298299679810865,0.0309924349503267,-0.00641149895098626,0.0680980493137035,-0.00365671047581616,-0.0825388173216935
-0.0655708214590048,0.0113555107011831,0.041296895043675,0.00444717099798448,0.0690873385274933,-0.0124693415934282,-0.0839722060145529
-0.0610276052061135,-0.00275014058953691,0.0489979140414459,0.0134086377296109,0.0703954479913508,-0.0150430742445417,-0.0873671169664944
-0.056761456701246,-0.0265969835531893,0.0611029069628653,0.0216136415811737,0.0703265769192127,-0.0185671528017695,-0.0838561153902911
-0.0361640916983977,-0.0526125905851021,0.0748201143184965,0.0318242227204767,0.06468344571134,-0.0157127507132627,-0.0731073960769039
-0.0144678857216007,-0.0687812114611864,0.0794719043421497,0.0315233031437854,0.0533044932581502,-0.014610178896502,-0.052226326248372
-0.000779986882970798,-0.0729660086038449,0.0815020878400643,0.0344520439435142,0.0538667532161947,-0.0144154542807377,-0.0449073021603905
0.0343890417166876,-0.0635841210752867,0.0725228749731591,0.0293264876769502,0.0361601201790721,-0.00939570292109842,-0.0341173536095836
0.0465847774798118,-0.0580431291810638,0.069817041615947,0.0309137356687497,0.0303588086584585,-0.00240977571031075,-0.0404851403193749
0.058149176978076,-0.00257146470997409,-0.0111449383918684,-0.0391918930642395,-0.0288970075378664,0.147280949031539,-0.0293908968662501
0.0633702867875009,0.0170007766376797,-0.0236963314650692,-0.0471872708233905,-0.0282561609493018,0.146382246238822,-0.039043148360609
0.0642989657007066,0.0664591686810439,-0.0464382994516109,-0.0624863258446839,-0.0157489693305734,0.152795936369595,-0.0644132549777261
0.0199897416570356,0.0624842521406142,-0.0357859472386261,-0.0567767410918241,0.000471044367850461,0.125314834526552,-0.0562175537969352
0.00916861213041638,0.0704945372903771,-0.0345265559590036,-0.0543944773453187,0.0111535393074022,0.11114389537576,-0.0603898681485877
-0.0109596741145171,0.0729689805983316,-0.0299087518246432,-0.0530813489535698,0.0220064464520506,0.077675548891815,-0.0681521295702371
-0.0373955299710372,0.0770517883425576,-0.0286523907020495,-0.060388313285478,0.0336471342381807,0.0607547193887882,-0.0681031217676279
-0.0850060082383835,0.088920782132589,-0.0239877165410209,-0.0536979482935663,0.0616727470237748,0.0355845397446244,-0.0902662439414643
-0.100254160196055,0.0900295327717794,-0.0180506947575557,-0.0473716718572453,0.0756404828327108,0.0185748969564641,-0.103272656816935
-0.0930380439728535,0.0785056787981716,-0.00843977956996945,-0.0408435605280772,0.0819283087215351,0.00758886543717874,-0.106925048083437
-0.065373715886239,0.041083127621427,0.0131043155084597,-0.0229598744044518,0.0784800571767347,-0.00241199208417683,-0.097056405755337
-0.0597814881614012,-0.00309653573687734,0.0345310470966944,-0.00579939341208791,0.0742161268507751,-0.00996222795071666,-0.0834871092203235
-0.0525439947323451,-0.015064056260192,0.0406439842510174,-0.000522623475468933,0.0756588373700291,-0.0128017528185758,-0.0859618300837413
-0.0481429743897852,-0.0401054600794547,0.0536658338065147,0.00744646109205064,0.0721449852321464,-0.016820988946874,-0.0769216192329558
-0.0246773719433528,-0.0641665217936365,0.0661240328272318,0.0107917222488261,0.0679655695559781,-0.0190463361719931,-0.0602974292348352
-0.0123929606605936,-0.0701611141545265,0.0699784491059289,0.0169293612549625,0.0650784638570608,-0.0158721746272472,-0.0534171648170853
0.00384674746574014,-0.0755674732191165,0.070860454286649,0.0158786707341663,0.0633360743596028,-0.0132311821666743,-0.0452991543161969
0.037127013941203,-0.0716600502278359,0.0660873217656569,0.0143439055247362,0.0456805990147278,-0.00757947037553566,-0.0326631073784071
0.0477693987406399,-0.0720458538194547,0.0661453105857636,0.0141407697482238,0.0411138081851957,-0.00494722168147482,-0.0290350398400081
0.0635959742034397,0.0013544987262767,-0.026856446661876,-0.0409230034725805,-0.0381240085202126,0.129780207905028,-0.0444116202873931
0.077671181274604,0.0331320398097639,-0.0434533387113369,-0.0548592485544145,-0.0308963648657577,0.122954661730514,-0.0613198560928618
0.0753163898578943,0.0421058162553739,-0.0480112862367853,-0.060182392821826,-0.026113491912911,0.132133031519032,-0.0624419338315544
0.0631281040619862,0.0790379014760025,-0.0611719014606013,-0.0681523517092485,-0.00961388965985253,0.114666629339271,-0.0852292576571989
0.0474369471498672,0.0876330499283823,-0.0598268913112022,-0.0727865361272588,0.00117828469040533,0.0863942823159717,-0.0871141875957235
0.0157188409812318,0.0805355690469267,-0.0533100416228123,-0.0699776273321824,0.010238245994485,0.0544149452153894,-0.080903593059704
-0.0286919255943862,0.0941377469436313,-0.0537069502956302,-0.0749289457907384,0.0281355959545351,0.0258767818770662,-0.083922775164763
-0.0618738642660197,0.0980395141893408,-0.0464179651319734,-0.0711330196737549,0.0475582447437986,0.0134461476911505,-0.090105271929254
-0.0808740174803401,0.0811583953761892,-0.0297695167223759,-0.0629450683916579,0.0691300603928352,0.0063220711301481,-0.100654086159626
-0.0777645353309535,0.0655610974146556,-0.0167203734003952,-0.0524092939812179,0.0781862467674084,4.20822502780441e-05,-0.104125595840195
-0.0725002880766622,0.047210995324501,-0.00385349814898194,-0.0466479089443673,0.0881379505957409,-0.00318187637426128,-0.102464746366257
-0.0648951865985951,-0.0140182343833966,0.0273466433483139,-0.0233334189858075,0.0799298859042299,-0.0134084249047412,-0.0736074161539656
-0.0525489025188894,-0.0382608477285061,0.0392433098026389,-0.016093768997811,0.0759279414819628,-0.0190919420188538,-0.0628751209403289
-0.0443775564963247,-0.0495365352335142,0.0454972154796084,-0.0129573961165756,0.0781269953959549,-0.021388694824072,-0.061657857656208
-0.0205816824686173,-0.0672595268376033,0.0535954204549161,-0.00953885501006852,0.0728783895842975,-0.0193630357392743,-0.0506809134785802
-0.00725591652012925,-0.0726720200496641,0.0613338929777182,0.00533922481593047,0.0740084449511719,-0.0182291769885214,-0.0518781142152453
0.032060990105045,-0.0776238940376327,0.0623082673794256,0.0113183018104378,0.0576557336941766,-0.00676002957839785,-0.0328191742716107
0.0432594200436758,-0.0780291972804151,0.0628632487101272,0.0134357630615048,0.0534504211270945,-0.00529318108086129,-0.0256707492819887
0.0554085023334395,-0.0738419779410317,0.0604098003881272,0.0126010036431259,0.0488489829726582,-0.00466847334733796,-0.0216399689127576
0.0679650053544451,-0.00324438378974518,-0.0369282436607178,-0.0387939957487832,-0.0486986237211823,0.0835511170782014,-0.0522114365133673
0.079124775776098,0.00657194514265402,-0.0466683940237014,-0.0487334695211853,-0.0485151661153374,0.0857817553172279,-0.0573505747552813
0.0860894678522694,0.0162384488216468,-0.0511991317723616,-0.0570573909833067,-0.0461671789585653,0.0785591617960148,-0.0600933396212684
0.0737647831143334,0.027404283906372,-0.0550955894341969,-0.0684537062148777,-0.0381104892180362,0.0641667748951356,-0.0614499974213446
0.035780101402202,0.0270559166959595,-0.0456515262364991,-0.070430685556729,-0.0199574787115492,0.0277493432452577,-0.050289589125864
0.0144342487836121,0.0569935430542058,-0.05989017176368,-0.0874864241757635,-0.00499733353470639,0.0113007611919542,-0.0703077033530959
-0.0110203037729727,0.065927726870078,-0.063428965111502,-0.0991513182562017,-0.000735918893150735,-0.0121378716395811,-0.0657868532940826
-0.0412862547191552,0.0847331710564516,-0.063234588188496,-0.0950830962901864,0.0221155163552681,-0.014887807570176,-0.0748332105322779
-0.0522658689722706,0.0395881574482311,-0.0334437143191386,-0.0738432122401092,0.0347502376997313,-0.0255920059656446,-0.0509321513313689
-0.0642353647678551,0.0250557793484388,-0.0162879700455324,-0.0641405705197379,0.0528284386957752,-0.0266271105358491,-0.0512514092209259
-0.0645544932707887,-0.0178098858021376,0.0105033320627793,-0.046918163627048,0.0688984190721995,-0.0306717004790129,-0.0504895367943669
-0.0477520793186888,-0.0436824163891099,0.0237471883440541,-0.0410009077570143,0.0677087884927812,-0.0266260671177213,-0.0386598150430023
-0.030843559100865,-0.0598348611667611,0.0317142421633832,-0.0400048687443619,0.0671338446031679,-0.0285113034945221,-0.0261888346309892
-0.0219904943931477,-0.0670912831858927,0.0369920010498842,-0.0349976994327837,0.0677655387160303,-0.0281359493952852,-0.0245512549295896
0.00924431165822309,-0.0777502096189335,0.0428341267019813,-0.0228642935493649,0.0568258615557974,-0.0185762443322289,-0.0150386774114009
0.0351347178801272,-0.0797593673023531,0.0473281426772094,-0.0127352550867807,0.0538660004448296,-0.0168393887731526,-0.0122673439728391
0.0486439590929306,-0.0850952915315863,0.0521106157620729,-0.00199031530606243,0.0554890006643304,-0.0117830267715531,-0.0116911041807259
0.0542913008717109,-0.083302801370956,0.056174796687806,0.00342020686984154,0.0580041099959268,-0.0102677644297096,-0.00914394322703431
0.0688154127712821,-0.0696730623885074,0.0492741944916602,-0.0013855293605352,0.0542031542678379,-0.00551131987932629,-0.0064153921682625
0.06911349357217,-0.0137900501803604,-0.0521628280449964,-0.0405378757879774,-0.0700248925057437,0.0544372543858525,-0.0596905715714519
0.0688319237877367,-0.0137315235571851,-0.0518604212275434,-0.0461113762498999,-0.0667246818030385,0.046084608338581,-0.0556871619930739
0.0790284048380286,-0.00136727802424786,-0.061254842316149,-0.0599010057746695,-0.0683096499147041,0.034787481724392,-0.05734349727649
0.055985853009756,-0.00754758892241676,-0.0588020268368993,-0.0744898656988645,-0.0630110546341762,0.0012972568241859,-0.0503281127952672
0.0516456841872217,0.0100041560303054,-0.0642788991264253,-0.0894184967902789,-0.0524038369355864,-0.0169513622475957,-0.046972875425923
0.0316028231073993,0.0105009493836344,-0.0667536557307426,-0.100749301157096,-0.0489028362264065,-0.035285842605652,-0.0427839291612074
-0.0107341325442974,0.0182889664461978,-0.0634974248989765,-0.112720121041589,-0.0398885484807496,-0.0628280185141694,-0.0232893569604452
-0.0424671115322205,0.0217270365612996,-0.058603660738646,-0.117650751357071,-0.0317860685754125,-0.0850069698756803,-0.0115739003103474
-0.0515476593697632,0.00996257844439925,-0.0435880774585852,-0.108747331623375,-0.0123511103194505,-0.087711467907007,0.00640489254123642
-0.0446143786933305,-0.0130617195400458,-0.0241689448417486,-0.0856642321188893,0.017127865817214,-0.0619959210021077,-0.00338466126977372
-0.028619649988956,-0.0308458083063736,-0.00400885124282605,-0.0656442409320435,0.0437152759246227,-0.0417941155799732,7.89651854837244e-05
-0.0065431503628324,-0.0533106673418024,0.00843918506948475,-0.0548531867328953,0.0448712107472809,-0.0342625197054336,0.00430441716154826
-0.00484688798888779,-0.0682963282721418,0.0196352409286391,-0.0509650557525141,0.0517128281593392,-0.032677819250553,0.012366766059754
0.0116783145639573,-0.0759006055240309,0.02544981262291,-0.0460771253752933,0.0498992329657877,-0.0340280443001282,0.0156964899873315
0.0338808033291401,-0.0782826898197138,0.0290761621456473,-0.0400412108898622,0.0503525574444291,-0.0299771023439724,0.0141149229833058
0.0561338692459853,-0.076610918145513,0.0314303761825495,-0.0313376985052158,0.0498138499701963,-0.0233808493896729,0.0115504770394193
0.0682984004870669,-0.0779083905981063,0.0354358444307087,-0.026908181538484,0.0530240697158006,-0.0190086633526985,0.00813569308625348
0.0695050422827036,-0.0815140098449358,0.0389376212705953,-0.0215176770566162,0.0550158091382179,-0.0170740984948829,0.0115083030503541
0.0775275476567235,-0.0723906808575098,0.0361923853387363,-0.0185573705441044,0.0517579734567477,-0.0145122973082798,0.00720992460340438
0.0386408168369994,-0.0450928202716076,-0.0500458262421714,-0.0318712095727134,-0.0852448790423057,0.00673237063187145,-0.0457614570034926
0.0607962550546973,-0.0359032525902864,-0.0595820595374683,-0.0433517431427232,-0.0875041987442604,0.00229000134143951,-0.0563836593302551
0.061234353864677,-0.0272986912167109,-0.0637495133083809,-0.0532677637836619,-0.0851518272792432,-0.00531677152838915,-0.0521348254054751
0.0534607041863382,-0.0272877596185342,-0.069187994509474,-0.0696712677309656,-0.0884899048459401,-0.0260569489880991,-0.0491317135812539
0.050368736655433,-0.0257984638110072,-0.0672681405941919,-0.084723200740281,-0.0790574664087004,-0.0404040986985936,-0.0385251207305851
0.044774848101511,-0.021826492964253,-0.0692006682053305,-0.0962679513620811,-0.0745782056559763,-0.053414389200453,-0.0322373823738329
-0.0123925836255236,-0.0258860007983169,-0.0621787598232173,-0.112415565651496,-0.0634560061102003,-0.0877803987045095,0.000443725016000855
-0.0328227479524222,-0.0274777354351082,-0.0569044756876098,-0.115297983883009,-0.0505008854492367,-0.0977325188844805,0.0104912434905386
-0.0536112476834209,-0.0240492810405919,-0.0487509029281645,-0.118148936959387,-0.0327528307725801,-0.104564829139689,0.0314060366591846
-0.0459395786551637,-0.0231851908159033,-0.0366332346978481,-0.104363664609515,-0.0127166970259041,-0.096412108403691,0.0387319616139326
-0.0262263413554539,-0.0336483764301263,-0.0173755915394201,-0.0793753107871257,0.0251824671701806,-0.0584364188653343,0.0381443896933173
0.000506165635977629,-0.0552628753970568,-0.00163746206295935,-0.0613442847831732,0.0397167256231188,-0.038687975195852,0.0312493329885716
0.00458381008025316,-0.0694763316273884,0.0104367054751752,-0.0539337670287636,0.0463164318796137,-0.0341161103199696,0.0367113662362344
0.0234163215298031,-0.069264520166704,0.0125341652901449,-0.0518807070851587,0.0510936187187683,-0.0359928187174454,0.0381653624229697
0.0479048401283334,-0.0697670019496836,0.0145169473027488,-0.0437667321627569,0.0465872548462012,-0.030708192362279,0.0353939578178524
0.0643587641825307,-0.0655533130221848,0.0168901731573105,-0.0333556725879249,0.0492189295386287,-0.0247537728041003,0.0330134424944058
0.0713149732226903,-0.0696831676390297,0.0213355641224979,-0.0278724687789207,0.052125861536364,-0.0191188811154696,0.0302519404128273
0.0724672372354362,-0.0700133958085186,0.0235043398986249,-0.0233450956872615,0.0527445420747999,-0.0169302573749284,0.0315735336862366
0.0824740557039042,-0.0651811012513384,0.0228272040281776,-0.0199932471643259,0.0523758645630092,-0.0165817355208251,0.0227452303151936
0.0262837590546366,-0.052802736380638,-0.0542288779685799,-0.0101347195442603,-0.0894490368446277,-0.00489990886159179,-0.0448554421151035
0.0417576188153238,-0.0491220847740916,-0.0610066857307427,-0.0177751337742617,-0.0906148474544806,-0.0104110667318844,-0.0481484683891502
0.0459774381769898,-0.0422118208222796,-0.0646935849534844,-0.0281700569965639,-0.088301717181052,-0.0202720057594928,-0.047843943954832
0.0372550739584767,-0.0468162754295424,-0.0659894116163681,-0.0391649547556027,-0.0889198055485893,-0.0331230915829783,-0.0442482290771738
0.0358935657136011,-0.0487943873911573,-0.0683313251979427,-0.0653177989129633,-0.0855199154653103,-0.0487741316005031,-0.0333690370866711
0.0306486694336614,-0.0454249352936422,-0.0677898470765232,-0.0779173645317363,-0.0819106008637034,-0.0608209893948877,-0.0207112561063135
-0.0101651776824308,-0.0607710175916014,-0.0593020230095576,-0.0945425808971213,-0.0698851431085643,-0.0781855152040641,0.0115785657369194
-0.0447407013950615,-0.075246329331191,-0.0449132475392457,-0.0920617386953322,-0.0494650289357597,-0.0724089213601459,0.040525959697788
-0.0614783394442084,-0.0579429559937605,-0.0468958289181489,-0.109256170754325,-0.0368529685415742,-0.0882537742334,0.0590324064444741
-0.0420323338080713,-0.0376980343302867,-0.0403025011340441,-0.0831197520133482,-0.0148141739487126,-0.0808190896715647,0.0532466261862618
-0.0280105589863154,-0.0554007307305101,-0.019758432312315,-0.0596828938464734,0.0245748193571904,-0.0389366985147196,0.0560723059665754
-0.0110609383159599,-0.0580371265410353,-0.00902707414167305,-0.0537645206939559,0.0379322339726688,-0.035755980388133,0.055880245935998
0.00655061660891362,-0.0631656146597842,-0.000103915702563565,-0.0449038464772827,0.0452717988379128,-0.0304611157970377,0.0553577936992653
0.0275152195756402,-0.0565873866928374,0.000202376062085945,-0.0411178824894216,0.0502849358756122,-0.0267272243551704,0.054740258661345
0.0558811993758896,-0.0478719427899238,-0.00124467482842828,-0.0363014597370052,0.0506258869175768,-0.0250232039362034,0.0528717535772474
0.0701541531409309,-0.0490997221300508,0.00464214966242107,-0.0296135010409286,0.052149409168934,-0.0233792115884493,0.04865059824598
0.0727441586569525,-0.0534929772064745,0.0083390467260243,-0.0294900283094944,0.0537139224506433,-0.0219205390375754,0.0508285236532657
0.0768606341277976,-0.0521551226101264,0.00928715395934049,-0.0219320361498966,0.0537729004701555,-0.0128837862332,0.0460755973353698
0.0852073922434976,-0.0449838665823411,0.00861557546117199,-0.0182864797226239,0.0536938324538502,-0.0140490974604781,0.0349806558051721
0.0104780312316145,-0.0645695466861997,-0.0534371121880343,0.0159581753920715,-0.0907157607989596,-0.00695980864449315,-0.043241309948285
0.0219290736656273,-0.0616089160703903,-0.0596802931567582,0.0109579119000969,-0.0924712982027375,-0.0112501946963098,-0.047773938182584
0.0295587652283567,-0.0527420289183801,-0.0652344271824126,0.000137183442341944,-0.0907504388974716,-0.0209642689250257,-0.0490445810163566
0.0178739274915842,-0.0566812838586256,-0.0645543870998129,-0.00510700066930934,-0.0897810636983914,-0.0290204128333443,-0.0393559201186991
0.0158007236695266,-0.0621192917695288,-0.059877573883818,-0.0162681214826651,-0.0798846194548883,-0.0354775754171977,-0.0274941858676001
0.00420769529351162,-0.0638398255656537,-0.0618756493004621,-0.0372857740359198,-0.0769422798969499,-0.0491554515747068,-0.00986795671562047
-0.0299343133000587,-0.0785680726818285,-0.0543532624004416,-0.0616726850236884,-0.0649625779989627,-0.0639871461678926,0.0233442627558217
-0.0472268894490802,-0.0833273663002833,-0.0452664561839003,-0.060684164521205,-0.0499964033661504,-0.0638462874727604,0.0459072666986023
-0.0475926253959437,-0.0744625908883932,-0.0456925969737391,-0.0626601735475493,-0.0356593290612861,-0.0620559178368615,0.0554771152861515
-0.0388724756108902,-0.0538371937354728,-0.0407301009277924,-0.0475442730177333,-0.00769960698463961,-0.0498604699137251,0.0603480039844686
-0.0279576156399486,-0.0455780892710578,-0.0284007515378008,-0.0377691869930357,0.0237403722750999,-0.036040665003051,0.0638946204245857
-0.0143011044275762,-0.0436766441723089,-0.0205078553427037,-0.0322859144253533,0.0379773263205894,-0.0297099490880588,0.069979263007162
0.00811489089283305,-0.0421839720523001,-0.0155983160125128,-0.0322278807709318,0.047432245098244,-0.0240578816534521,0.0736864929070538
0.0358793246058036,-0.0317201045698549,-0.0164496304940602,-0.0278256060826066,0.0512745946303002,-0.0201246791868415,0.0693015339420364
0.0619465124480173,-0.0218803423240625,-0.0147034704693588,-0.0222228756748759,0.0583420829271019,-0.016413041423282,0.0674910014012417
0.0695666660153528,-0.0284380825158165,-0.00866575590068382,-0.0189514324230002,0.0604934115555022,-0.0156827185524271,0.0694522822190746
0.0760428416826496,-0.0302279981353088,-0.00575328849667118,-0.0159485430667659,0.0594366947750241,-0.0130120257306744,0.0652168624963497
0.0812958834153542,-0.0256919135539915,-0.00561602171092745,-0.012417599310625,0.0583579638690807,-0.00977736245392308,0.0577308840893732
0.0858353908020751,-0.0256571207537443,-0.00469291319805067,-0.00927105610999164,0.05788328248895,-0.00697557912318381,0.0510912306753495
-0.0164500650122297,-0.0721709767119245,-0.05058976951467,0.0536944272311472,-0.0876706147763466,-0.00590722823975217,-0.0414372133059132
-0.000145984808542547,-0.0641727417044158,-0.0583597395052374,0.0472091036069054,-0.0892670047256358,-0.00941481762074128,-0.0471245245012131
0.00891401541912045,-0.0567239695629756,-0.0643501258167429,0.0367785173095482,-0.0895632115222105,-0.0136780845613801,-0.048894827195987
-0.00103191458677698,-0.0598718448838873,-0.0641274556438291,0.0319666948333355,-0.0854036600610119,-0.0216332719443542,-0.0380302256064309
-0.00333506658668721,-0.0597673182709659,-0.0604724490619109,0.0220914416415296,-0.0750891076343753,-0.0290649877766545,-0.0260584381774134
-0.0168087964404467,-0.0655847588250656,-0.0547289296326114,0.0132031983104079,-0.0633385220769421,-0.0319822596533599,-0.00897238527986981
-0.0466308450475847,-0.072765648734046,-0.0505245651082352,-0.00626800203617208,-0.0513735534323039,-0.0454970920654571,0.0140718460735486
-0.0512810354578703,-0.0652462434798862,-0.0498617305098112,-0.0114681411151359,-0.0400684374958479,-0.0508568541012233,0.0271699652557482
-0.0337934417407972,-0.0501814980521357,-0.0538139563714031,-0.0108817150943846,-0.0286277634588507,-0.0544532053044208,0.0336088696857755
-0.0275637347070432,-0.0392040451965163,-0.0463714654852317,-0.0114540225052139,-0.00157129046105466,-0.0412728836639321,0.0493821206332896
-0.0312194218503848,-0.0308740778726543,-0.0347662461577245,-0.00762918376246711,0.0369140557905555,-0.0263646874216119,0.0668037338978832
-0.0150573719134885,-0.0292938123805662,-0.0290055432731346,-0.00685402384782519,0.0461806346712327,-0.0249325365292497,0.0708211851163183
0.00759131784391564,-0.0212750564104645,-0.0260227211773983,-0.0109761840066589,0.0531347165121976,-0.0179489393669288,0.0798536078816064
0.041633458613184,-0.000837270694979428,-0.0297278928983778,-0.00780010427106036,0.0627564302882857,-0.00976280676119127,0.0742948150407618
0.0632545759826993,0.00919845115312224,-0.0292508006903369,-0.00432035402755353,0.0667568077907508,-0.00754613102868315,0.067968421348198
0.0731390891467538,0.00429197445357792,-0.0241283610503625,-0.00157959463970658,0.0661045441689978,-0.00772994780381819,0.0657588969353922
0.0788496621372891,0.00306745363154503,-0.0205321838200252,-0.00332739713687936,0.0692591840825022,-0.00501929976260642,0.0660718716755395
0.0847280676737517,0.00499214255080363,-0.0198167732347692,0.00264490385077606,0.0700962564303214,-0.00202758626413457,0.0605752759896857
0.0833698112809666,-0.000906327728470604,-0.01754601409066,0.00101515283161947,0.0660033032264416,-0.00136195193856335,0.0588941691125126
-0.03560855815123,-0.0625125528206036,-0.0463030450557392,0.0825090504791687,-0.0652015391987567,0.00503870037916673,-0.0398614874717003
-0.0235885385086139,-0.0600827787037138,-0.051421840864081,0.0799343917712705,-0.0714094388375932,0.00315783797976153,-0.041207894734844
-0.0165909334009503,-0.0512139663161268,-0.0580302157764432,0.0753426633357185,-0.0713571188792431,-0.00242405822864125,-0.0439651248284507
-0.0215806323825081,-0.0545343239493851,-0.0577099972367755,0.0711668988457849,-0.0680554708971939,-0.00773427794940518,-0.0327251344359401
-0.024648276762106,-0.04983559003983,-0.0561124240872401,0.059625990116925,-0.0547579135336762,-0.00961201540910213,-0.0199380696379904
-0.0396903792854512,-0.0459285292549731,-0.0542903659401035,0.051748981899001,-0.0405589178844354,-0.0122932466279293,-0.0059869731821012
-0.0540777124557854,-0.0455569647168818,-0.0503854784682366,0.0412410202391448,-0.0264286518111167,-0.0181742709004717,0.00876951461568872
-0.057049343464235,-0.0288997939545173,-0.0574864894505455,0.0285793544056053,-0.0181672356898023,-0.0259847895170261,0.0133982139454923
-0.038179802275687,-0.0217372465909984,-0.0597798194593838,0.0245218720190605,-0.0098591080123083,-0.0304821525085463,0.0302577720829569
-0.0318501064968041,-0.00938121608146849,-0.055314670535226,0.0200847630641996,0.0170364123791866,-0.0256389074273907,0.043919284534058
-0.0328313632426064,-0.00770716533489986,-0.044579033669578,0.0176275959511962,0.0451502519575582,-0.0159885124381469,0.0642770938852564
-0.0153785303234341,0.000124678740414659,-0.0429129992219393,0.0180249231514562,0.0558617633243812,-0.0175809821562788,0.0678723839695438
0.0210186775295788,0.0145180865202965,-0.0451180911442115,0.0120303315819469,0.0574476691734937,-0.00986854627508432,0.0754662493858145
0.0461712096822658,0.0354940706166216,-0.047196516408771,0.0143420981175187,0.068045727811983,-0.00203907137589595,0.0746378515327244
0.065062057624838,0.0421536866738894,-0.045711550552139,0.0119629558045895,0.070893768019279,0.0034176953042215,0.0725439364761502
0.0699618938565157,0.0327373908668004,-0.0407460169911066,0.0145704577334879,0.0681980202912098,0.00163370089057121,0.0627631885088192
0.0785173828023951,0.0313852603987903,-0.0383029627600848,0.0124178423460637,0.0696615315933404,0.00472790260698001,0.0599131368059547
0.0785027904026905,0.0301161340756635,-0.0354455154279975,0.0166978110131555,0.0731189893770259,0.008429580285629,0.0617784134348677
0.0809673461779033,0.027653783687305,-0.032249172952473,0.0131744311902751,0.0733405805489932,0.00743364258443501,0.061352852095339
-0.048689119565965,-0.0499237118684642,-0.0460427282451959,0.108492805614911,-0.0476828897604145,0.016074905726464,-0.041712358954421
-0.0380403495896789,-0.0483867774227606,-0.0500897139823357,0.110827158498011,-0.0536062569420394,0.0135342919300008,-0.0461546414084602
-0.033084266880972,-0.0444164200213414,-0.0533060705811833,0.10995630188766,-0.0542287085089562,0.00939161257801678,-0.0432210971569928
-0.0359661406998635,-0.045923114913638,-0.0545310605877352,0.105718450017824,-0.0518445837148671,0.00366278059125544,-0.0299732125506386
-0.0412710605874909,-0.0413254237954213,-0.0536114580969227,0.0956363783434327,-0.0408354928840699,0.00249357177843837,-0.0155332487147606
-0.0546916585822969,-0.0376526286227119,-0.0510399833446861,0.0849412821474928,-0.0229368911868429,0.00451566140652819,-7.51750813583847e-05
-0.0685225303840784,-0.0281147691701284,-0.0494245383226403,0.0747681588758575,-0.00681327145550059,0.00045185965579726,0.0158456916428068
-0.0621757564216325,-0.0151077447360481,-0.0561949665470274,0.062720814816782,-0.00259579389038117,-0.00841103708793289,0.0184710909685332
-0.0485215028241766,0.000710485170142583,-0.0592878923475697,0.0614969191546806,0.0121291184704165,-0.00941085424950852,0.0264729904533157
-0.0366741207221695,0.0151137122571569,-0.0603841685789071,0.0531437270946312,0.0309519928149865,-0.00973471118307647,0.036508106562549
-0.0357006958034332,0.0185285019123238,-0.054800086196144,0.0472821343670298,0.0482172131530115,-0.0116830111574048,0.0510241035985531
-0.0172796685976259,0.0264873665754864,-0.0539908286808398,0.041615965993838,0.0577489190310339,-0.00786752374571224,0.0618742597226588
0.0189586970968862,0.0396565391284367,-0.0579194021241853,0.0399224700602502,0.0592097086055898,-0.00153544577593194,0.0623732698765299
0.0389719408900214,0.0538479189680622,-0.0605852738209681,0.0303582888851339,0.0620696757419272,0.00440647060494162,0.0679670358382303
0.0560350940522855,0.0540075763493023,-0.0575301157154329,0.0292483328198776,0.0623544922365141,0.00846003664444821,0.0656426817780854
0.0661059164501006,0.0452803718860308,-0.0524228494996172,0.0243202963384378,0.0634659148596985,0.00492983592702235,0.057814229687681
0.0774597262315068,0.0501596806317985,-0.0516022485446684,0.0226861251239015,0.069469286451855,0.00928268891405555,0.0567280899901044
0.0817462144474523,0.0496344739249519,-0.04991387296549,0.0246208386082248,0.0729048407658366,0.0110489977091815,0.05686694098508
0.0802850503026584,0.0491960983716849,-0.0475551528466711,0.0213498446396516,0.0729672046932952,0.0109342457469916,0.0576551555812608
-0.0542779446954017,-0.038941503323553,-0.0516599059171552,0.125658726262102,-0.039379914750855,0.0215131459354054,-0.0386899000525263
-0.0429845201718454,-0.032573515121044,-0.0571376479585445,0.12559998752629,-0.0409535540691018,0.0198028794454207,-0.0440482234707643
-0.0390456796122164,-0.0342365250496572,-0.0564458340882386,0.127666703531497,-0.042043006769589,0.0176691163292767,-0.0430740216979951
-0.0432376478685964,-0.0340006940615464,-0.0556180195302948,0.129505344539761,-0.0378017436288097,0.0109517327378116,-0.031517222492979
-0.0511924168585635,-0.0349062689313882,-0.0520725013731048,0.122426172267973,-0.0289051600806856,0.0118792234590649,-0.014025779910618
-0.0642878694655833,-0.0283899180873219,-0.0516823646165155,0.107154194323632,-0.0141165274894767,0.00659893054489164,0.00392867135151816
-0.0675290344705416,-0.0191302203663461,-0.0530280994380146,0.097966377005901,-0.0056917598695658,0.00310576922445244,0.0136224347699151
-0.0668736096961101,-0.0080552553537979,-0.058136923296552,0.090041620818643,0.00340291689362197,-0.00298626908724078,0.0163079613968972
-0.058516027947267,0.00836328705640008,-0.0631286640600576,0.0865387380066626,0.0155636442042629,-0.00692554029081241,0.0228029687821642
-0.0567926742670844,0.0238512748983482,-0.0634322585825136,0.0783440071374114,0.0382990821256306,-0.00518831495889494,0.0278496959675268
-0.0452784967020731,0.0430989257975841,-0.0644691394652001,0.0686886429735609,0.0566671542536784,-0.00402296034151916,0.0352595360005571
-0.01934797069677,0.0482248099136794,-0.0651635997797464,0.0600707936604113,0.059417151001857,0.000519172768198979,0.0515408119941525
0.00994429004893313,0.0609622233226015,-0.0694221121678742,0.0599298125507414,0.0601950180335978,0.00697117137411395,0.0521384763848766
0.0265276655422211,0.0658601817002153,-0.0685138266178302,0.0563114948228727,0.0576836750382192,0.0130313089954356,0.0597153395268333
0.0454143865129488,0.0670815741237826,-0.0696213694126873,0.0482047395495976,0.0563905897962638,0.0151096265990004,0.059940708634532
0.0601077466732377,0.0616724009069784,-0.065881451698605,0.0384534990153147,0.0571730523083716,0.0102670187357588,0.0523885771769096
0.0708433270779091,0.0573483989762033,-0.0618662318629505,0.0328020782264025,0.0611927648621754,0.00860998434385842,0.0535652407008966
0.0757796318921311,0.0596558535046088,-0.0596252427880518,0.0369492880841497,0.0657917500079929,0.00835645453713486,0.0517121516624239
0.0832907512263413,0.068768325716232,-0.0616043036556207,0.0339086311585683,0.0670491794700196,0.0116282533593498,0.0528733018845727
-0.0557815024644509,-0.0273019888260631,-0.0549338659768308,0.131403975140156,-0.0317654485750975,0.0181108229458534,-0.0296113716600125
-0.0450176199735016,-0.0155844598986934,-0.0603514570147757,0.137139045296578,-0.0289661514604298,0.0196708927571526,-0.040503576615285
-0.041403850921347,-0.0185656090314927,-0.0614680351148801,0.136957103421309,-0.031444515973418,0.0190692508458762,-0.0388238042819408
-0.0443307593794557,-0.015825619194733,-0.0602747821193945,0.140837806511617,-0.0265164819578177,0.0186206407452055,-0.033134344246017
-0.0502890938294307,-0.0159665247776599,-0.056063688465084,0.133477101253562,-0.0150044606647227,0.0143834370188258,-0.0166391153915828
-0.0614537054016802,-0.00916416588065959,-0.0582371702830953,0.122593559544211,-0.00629661329203183,0.00986704865792761,0.000172021172567773
-0.0706685747484248,-0.00555320153307684,-0.0593688343763578,0.116278215929808,0.000168844715487304,0.00899662777549705,0.0102088711140301
-0.0691292311843167,0.00615936635184239,-0.064174031133101,0.10829481047745,0.00796668281113796,-0.00050808389966163,0.0111369854045287
-0.0605408829051468,0.0192242801666319,-0.066921157419374,0.105076089460443,0.0193985713944585,-0.00226412419558974,0.0154805826532397
-0.0644382950745487,0.0429399737197534,-0.0676829474655203,0.096738299727021,0.0483869387044658,0.00185148464351666,0.0197662254806552
-0.0460476313259291,0.0617450460073199,-0.0717826770026187,0.0875801992110281,0.0606530411301571,0.00639653513757948,0.0273058649644876
-0.0107050278682915,0.0722993716009208,-0.0742623075162147,0.0783511940157601,0.0595007601278688,0.00883433387785946,0.042885447602066
0.0117469340785983,0.076921394888699,-0.07679508278865,0.074653024885656,0.0587788519591198,0.0121831881405608,0.0413332494471013
0.0295484972854867,0.0787499885268886,-0.0789728573546998,0.0694573871768603,0.055175094352078,0.0170188843652546,0.0474068361411299
0.0449004931757865,0.0838881473214622,-0.079614378837327,0.0610686218942487,0.0545819046078606,0.0200041939916489,0.0520166915343721
0.0591232574960238,0.0755922281910918,-0.0736363454841411,0.0536172905399052,0.0559366942812054,0.0168117042023945,0.0502407611286926
0.0668495091120779,0.0761687050996752,-0.0719315800913326,0.0493275387302667,0.0570960568318547,0.0141670644684718,0.0459049879255622
0.0731861196484449,0.0748567750146602,-0.0706296313740804,0.0484307408806951,0.0630633912437448,0.0105164786744083,0.04702630343514
0.0761705930370103,0.0719959704513661,-0.0685678324950911,0.0468813337276197,0.0614312315264803,0.00729804970504924,0.0466042844958838
