0.022121580770364,-0.00425267193555396,-0.00689090024207728,0.132202642164492,0.0249760083000829,-0.0894470198975571,0.0341354110612986,-0.0429316917607418,0.00170004694216901,0.0190395870769115
0.019533590025874,-0.00539574689715021,-0.00594056236360209,0.143353514918344,0.0294134252131073,-0.0855223995155976,0.0385703141010325,-0.0432825812461513,-0.00189919255612924,0.0138119484143941
0.0233263758766464,-0.0105786499320173,-0.00877494024425844,0.143022710266716,0.0300545398236392,-0.0831502810537354,0.0353933770216765,-0.0435393284440892,0.00169488313013373,0.0153078972114133
0.0239514302128014,-0.00362755673199996,0.000709394281959883,0.132072939905624,0.0290565999470155,-0.0838946783932625,0.0205354032508824,-0.0443949135988762,-0.00488062225041614,0.0090384702284264
0.0174159046457078,-0.00606835172646521,0.00690855498614196,0.122032444438297,0.0265626089083083,-0.0907321082487697,0.0116420356111124,-0.0402450792093377,-0.00520406380060898,0.00970988487091751
0.0206650621854246,-0.000793816895596836,0.00902108147427141,0.103626694148241,0.023088727769222,-0.0965513357351142,-0.000310787290535675,-0.0429718278404192,-0.00653845295704654,0.0104342442141586
0.0150003017790992,0.00624741444917924,0.0197137551395564,0.091953149425352,0.025288535167978,-0.105742119575094,-0.00425583019268135,-0.0418663502708332,-0.0066906890625502,0.0116162734193589
0.0189512391673014,0.00821284285631345,0.0206553803757095,0.076530908868545,0.0224746075393784,-0.114849567830896,-0.00924174339224111,-0.0437965245140783,-0.00801600265177672,0.0120189243894625
0.016333960036658,0.0119064804769638,0.0250817390099139,0.0631209170642315,0.0204227221802007,-0.125761693238342,-0.0129862713144233,-0.0446506326109053,-0.00598612692143131,0.0125655918173216
0.0168238285948702,0.00795180062805018,0.0238034528354796,0.0487125877195704,0.02106284496491,-0.135253061439253,-0.0144894537249472,-0.0439893738381431,-0.00422739947774719,0.0138808497628011
0.0130774256575091,0.00655361827452075,0.0266911949588581,0.0332455277488008,0.0183581605729421,-0.151647655501332,-0.013032459578075,-0.040157748799216,-0.00909090356966707,0.0108683696817472
0.010885455204353,-0.000501396526182767,0.0281239941717627,0.0218454458963977,0.0158539610690186,-0.159576055908916,-0.0162084485049654,-0.0340202888440883,-0.00951894520662514,0.0117152525078783
0.00855889337960198,-0.0073017166966604,0.0216576373855197,0.0151274507947025,0.00614585061933611,-0.16709635316205,-0.01439854390813,-0.0327638426346057,-0.00913479958688838,0.0160213312427872
0.00456358759537382,-0.0145698314241648,0.0232391986964328,0.0121901524045438,0.000850846423806157,-0.179198311528813,-0.00579910193806726,-0.0268440721443854,-0.00764938410216208,0.019910931406524
-0.00494557233919732,-0.014556038674497,0.0186419305538768,0.00713654894206965,-0.00468773052598517,-0.178341863646469,-0.00444584712272089,-0.0199294309246226,-0.00754706319246832,0.0222984749057762
-0.0105133878382107,-0.00957538682528495,0.0239327020851644,-0.00223286801532692,-0.00590737323494308,-0.181731196581876,-0.00454020366828075,-0.0119128264147912,-0.0123921976675286,0.0218140908903839
-0.0211543169438537,-0.00721622519256635,0.0277390662822727,-0.00232940594698612,-0.00570917433334237,-0.181475187151328,-0.00603087418800076,-0.00826331253723764,-0.0105521724292642,0.0243695461734327
-0.0205406000769238,-0.0111265986222907,0.027290424643881,-0.00154029936193081,-0.00296975031760189,-0.178486486395402,0.000924435335220844,-0.0010356963276553,-0.00809339199433019,0.0232380187436914
-0.0156239433081505,-0.0158983004242222,0.0227579200679337,0.00438304032083123,-0.00675959904271639,-0.180547440807726,0.0100713056767354,0.00343994535762046,-0.00701406833188286,0.0215118159831446
-0.0093147296228159,-0.0188375908037382,0.0209840055048596,0.00818589212861194,-0.00383064635487379,-0.17110916035412,0.0114130102896489,0.0086423149673866,-0.00423987094725206,0.0211608597210716
-0.00661019819888174,-0.0203820692069128,0.0191777819990972,0.00369670858733162,-0.00281509480973409,-0.168327130878328,0.00681657208697443,0.0107231601042064,-0.00611919894698032,0.0194310310452516
0.0220011828867888,0.00465730761357306,-0.0215696995515932,0.140462399211233,0.0238702589334383,-0.0335126262149258,0.0314874908797708,-0.0299401594591331,-5.27088491610386e-05,0.0143922906554605
0.0199233485996314,0.00326671139879338,-0.0203856451532258,0.143773940787342,0.0238339300616328,-0.0339544069855057,0.0330859269287699,-0.0288811075522609,-0.00957735246954508,0.00803016707567994
0.0274298238675821,-0.0107853287289119,-0.0323859368098241,0.1503608782127,0.0226342206480311,-0.0335214604767182,0.033237264773419,-0.0295703854853454,-0.00191995790627447,0.0118695284413952
0.0269838139101991,-0.00618633845918122,-0.0278829195499125,0.13759587361778,0.024321944176955,-0.0359330165066555,0.0226721271319921,-0.0327132658569133,-0.00550258920180937,0.00922923230531097
0.0261460809556174,-0.00532479790448461,-0.0169492956070341,0.125427967114946,0.0206409336320391,-0.040116597363599,0.00100164656700625,-0.0270501912275513,-0.00462322735774012,0.00697521732043965
0.0249943154276807,0.00120812474627441,-0.00895747038643471,0.106093539153402,0.0199393529234276,-0.046987204973626,-0.0138278656111187,-0.0304959476252951,-0.0054612475222659,0.00737159601122824
0.02325624369341,0.0151873151532563,0.00339096484277777,0.08436521880857,0.0183625473014623,-0.0577559783388086,-0.0208737071747711,-0.0307396320497145,-0.0109256250422992,0.00616509443431894
0.0247354950386729,0.0197611325372151,0.00950888513791672,0.0619237066252204,0.0190808801867674,-0.0661025299412,-0.0340208992274628,-0.0318637461411523,-0.0105412842127785,0.00880049476600136
0.0239240258594909,0.0213503511924596,0.0131630305178702,0.0415157821553939,0.0160795880278537,-0.0793249626269484,-0.0389336474592617,-0.0328806865803482,-0.0121090137669905,0.00955941972537961
0.0214833152235738,0.0177935345324442,0.0115452586139409,0.029626659050778,0.0134530116698368,-0.0897687056998011,-0.0382677604882384,-0.032019811607946,-0.0145605888426999,0.00998831435136679
0.0182421858931353,0.014102648251623,0.0158253870447307,0.0189296479423652,0.0124380343000169,-0.100234045978052,-0.0399170690245371,-0.0227820920488283,-0.0186093905827005,0.0062780271062835
0.0163868543884336,0.00837524069280061,0.0167311831576733,0.0146492806157967,0.0117448097694535,-0.10302849967477,-0.0388634318601008,-0.0103968024277904,-0.0174122751419755,0.0033026716827776
0.0106964665742865,0.0047649417797792,0.0132861722297732,0.0047509922554174,0.00597434177808869,-0.11346492866962,-0.034300260563199,-0.00985742225022991,-0.0191250266206303,0.00351026971606072
0.00484915969422394,0.000953930957523007,0.0171456237930185,-0.000611287020095435,0.000833839971115361,-0.124010369062085,-0.034163099824028,-0.00325035659800602,-0.0178333166791349,0.00652978730633317
0.00111147610873502,-0.00588745521857028,0.00773395727356793,-0.00352232037113979,-0.00735262365982753,-0.124184542556843,-0.0297295081744555,0.00746283847317063,-0.0148889350333987,0.00772011910592249
-0.00624597326690221,-0.00269043950157018,0.0148246626050049,-0.0108696872463993,-0.00766813065327336,-0.126752963786775,-0.0290340429406518,0.0151176931570713,-0.0180694005635877,0.0114845951997688
-0.0121333480987227,-0.00129395651796566,0.0227835198469183,-0.00756833869230309,-0.00522570579199138,-0.125676808213513,-0.0278303980955466,0.0220685361602909,-0.0177440851027011,0.0135187417508908
-0.0141968496182418,-0.00353416024145039,0.0241681887797101,-0.00847320809277009,-0.00335035375722116,-0.124885589945943,-0.0177914085885802,0.0299801953682997,-0.0145408016968104,0.0116557176218474
-0.0143204665025412,-0.0113631411757888,0.021741887535426,-0.00557748027615313,-0.00283779225727694,-0.1282645195407,-0.011699109934477,0.0347421155697312,-0.010520472677327,0.0144901933141213
-0.0105725697814756,-0.0112904305820326,0.0177428149284187,-0.00645635796317223,-0.00436341119959623,-0.124475802941005,-0.00804448993633204,0.0404475157559755,-0.00788676817987339,0.0160233182481035
-0.00372351198708756,-0.0166840834899279,0.0130853451522757,-0.00881276078540097,-0.00180019572822951,-0.121492533523548,-0.00870330502165298,0.0432122924007871,-0.00925121181862066,0.0170222761097369
0.0171405677856683,0.0129622995784014,-0.0189885213098865,0.140807306609514,0.0244918668300196,-0.000641126273949311,0.0200453513746041,-0.0181290272995959,-7.03841265057125e-05,0.0118444662458526
0.0171253812009191,0.00809653857094307,-0.0254322098688014,0.144280203694391,0.0201817560865976,-0.00255795267938579,0.0208923163988074,-0.0192964439623115,-0.00637342593331708,0.0112655018555752
0.0239396897943995,0.00531376383512368,-0.0290112278187679,0.141901736908661,0.0212103541317252,0.00106691349098931,0.0138654441022517,-0.020338876068852,-0.0096443094748655,0.00885447326748552
0.0334969091787043,-0.00721563924959608,-0.0437168436737354,0.143605182345015,0.0255843973560492,0.00166764997411773,0.0166863245734839,-0.0234075775489226,0.00150936848168796,0.0121626305736384
0.0332314035988824,-0.0101371271971447,-0.0430382877578593,0.127434241574116,0.0184865342285269,-0.00611063093407399,-0.00609420762645203,-0.0162326535988365,0.00736294445775987,0.0124495629195516
0.0313334047239135,0.00917073045776538,-0.0250429093783295,0.0922582033510285,0.0152848424866405,-0.0142122546970115,-0.0281210028425809,-0.0229402734773862,-0.00366726800498831,0.00707086907031096
0.0278727875161552,0.0183942517052064,-0.0154829315264749,0.0683967765655877,0.0132946455767406,-0.0268856098788418,-0.0380292555458539,-0.0210008619042574,-0.0120927079828484,0.00623549641726829
0.0284664604745554,0.022508481051012,-0.00513910575140698,0.0417313591770945,0.0123091883658101,-0.0362651837500888,-0.0537616700089894,-0.0133778771906624,-0.0139215713528866,0.0104163804638778
0.026023241004896,0.0262782246183781,0.00172759353039742,0.0266615870643646,0.00903987685309126,-0.0466045302299808,-0.0586909205576108,-0.0141343889429828,-0.0156252602051586,0.0100885044429246
0.0280147468295591,0.0246888482078871,0.000283411761735838,0.0149182958145489,0.00785112294959618,-0.0529999864890549,-0.0616623968404989,-0.0100060156847046,-0.0165232713666016,0.0068185768152522
0.0272538050384813,0.0179668189325384,-0.000267103139613644,0.00753149995164802,0.00788541387348156,-0.0609277440778774,-0.0590654636674397,0.000494064001602546,-0.0177580392824625,0.00372410333715486
0.0261212593183069,0.0157202928088472,0.00475702718427816,0.000600271480710832,0.00781166121462992,-0.0640469731546367,-0.06315211569611,0.0172031567322458,-0.0158099905389048,-0.00114270586082617
0.0139353712305171,0.0202542169562093,0.0178715525748053,-0.00497146355422683,0.00980277979668874,-0.0675419032248497,-0.0598345346932508,0.0209141826649951,-0.0217089164544239,-0.000826081472487872
0.00709856762880578,0.0167455937781548,0.0196857012896251,-0.00838159903923895,0.00516481267119141,-0.073404475435464,-0.0544452956612,0.0288829372204508,-0.0212274814132472,0.000575326205259088
0.00387495140385591,0.00508879888401883,0.0159408702935528,-0.00662725102680697,-0.0041124442189467,-0.0714774606529399,-0.0542939984934584,0.0576581238839658,-0.0218029266720274,0.000970989333811452
-0.0013482851591154,0.00488730788850381,0.0176895506953831,-0.0148979703764861,-0.00500805901306767,-0.0745166128413606,-0.04929782303623,0.0598279013811202,-0.0214388662859006,0.00508350639612384
-0.00905169517906258,0.00207277261399103,0.0226452091942476,-0.0138549919856181,-0.0046692882415266,-0.0763083626884611,-0.0447093771329356,0.0741511355315389,-0.0198522122727622,0.00485035804999842
-0.00379059956312566,-0.00631334953577248,0.0205456045688918,-0.0132167281166587,-0.00138727318612118,-0.0765939738771241,-0.0338973309501075,0.0806543492771292,-0.0166222544559075,0.0049610547185409
-0.00460196664626967,-0.013132729767732,0.0172338160296005,-0.0145269704518015,-0.00262694985311767,-0.0812514315379112,-0.0257989220354331,0.0844958549442162,-0.0169945624224621,0.00605653774274106
-0.00533395325318829,-0.0193394159390292,0.0172020904819266,-0.0135022533006332,-0.00490256470922757,-0.0755645659352901,-0.0181680227611298,0.113516633502405,-0.014228303346811,0.00700723517538288
-0.00578901323556772,-0.0218055654626964,0.0172042710057754,-0.0129204705535712,-0.00169509543241876,-0.0742765916231124,-0.015872089279182,0.117553764574546,-0.0141492945521448,0.00744096077985429
0.00823608750133782,0.0158130030086925,-0.0195005221664064,0.135709495229477,0.0289692944155629,0.0252893924313641,0.0175217918493294,-0.0105131310280523,-0.000149260253397976,0.0100407281835911
0.0118975903781376,0.0174548874383908,-0.0221908236263676,0.139723929176398,0.0260397819154122,0.0313224989932678,0.0134726761210546,-0.0120500655820134,-0.00776401832956568,0.0105235676022564
0.0172318623628683,0.0212365596736471,-0.0265849849799196,0.133388751399262,0.0228172533588088,0.0349054352230801,2.08897165834298e-05,-0.0138419249792352,-0.0115856150935764,0.00994345432443871
0.0247374847363367,0.0232310234304379,-0.032351963759298,0.126154012256023,0.0186287883977459,0.0331328624248176,-0.0142642406353576,-0.0161871130325831,-0.0101990965832011,0.00702852489307689
0.0320090876238143,0.0159422206161228,-0.0357589373675794,0.106960512973726,0.0165955112762794,0.0259677847702256,-0.0324294734297178,-0.0132498183374908,-0.0079878730375853,0.00808955017959151
0.034496592415119,0.0228174384652431,-0.032297858447592,0.0823266280569007,0.0156642686019178,0.0197836133605516,-0.045717163610111,-0.0182631355583991,-0.0119627468561029,0.00615990165900482
0.0340813657296079,0.0292229647670225,-0.0232529002980717,0.0573762422972652,0.0166383066012268,0.00628008249593448,-0.0522255292926058,-0.0214581078048655,-0.0169263123773392,0.00661227695594052
0.0344132131557867,0.0303788956484409,-0.0147689514369652,0.0284385277763989,0.0128984919669692,-0.00033760733266958,-0.0700937221602308,-0.00546209060062057,-0.0207112957121935,0.0076523322490729
0.0314414792732091,0.0370597696132475,-0.00726036291791549,0.00975539247556162,0.0111804942651753,-0.0105870265022233,-0.0763930913807556,-0.00686105173199107,-0.0204505962481651,0.00788454468162486
0.0265177989571478,0.0348481724759794,-0.00336669055696337,4.26083904455808e-05,0.00994118434579802,-0.0192721817820114,-0.0778210715643297,0.000505298065149467,-0.020117592476693,0.00441998476639891
0.0277789830606268,0.0282354301362914,-0.00419617728304797,-0.00400539481838189,0.00703709261087001,-0.0279109744619934,-0.0710532540125545,0.011294536228996,-0.0217020345372343,0.00241644662222274
0.0243761289450973,0.0228264656652613,0.00386858289811569,-0.00789952883385015,0.010531493423954,-0.029760503635268,-0.0720705657513159,0.0352679270219893,-0.0183858739371015,-0.000687598162089789
0.0236621911174516,0.0240200194118022,0.0156755710580176,-0.00660844424373836,0.0147640106248831,-0.0282339712830086,-0.0721030504846121,0.0426654441281991,-0.0241706670242023,-0.00368480021165846
0.0183365060180861,0.0182659714395649,0.0186457396108811,-0.0122675025301284,0.0111888786839065,-0.0352091792850358,-0.0701735743791092,0.0499525056455247,-0.0257478151530037,-0.00147665007437353
0.0121190635774142,0.00994205032216011,0.0156947069002704,-0.0134193060351642,0.00470034634799046,-0.0392126813610473,-0.0614495821583716,0.0694311596653472,-0.0279978324727712,-0.00141741185720209
0.00652627968811824,-0.00123251843848822,0.0121411428561103,-0.00801068845565895,0.00118430576416395,-0.0311894136613199,-0.0429126217762728,0.109564395094878,-0.023643023979298,-0.000297680777245215
-0.00515984591405795,-0.0012018984349946,0.0196778829591721,-0.00834365522956336,0.00477812186984604,-0.0332453925739676,-0.0375812662497749,0.118400481526873,-0.0202293332183118,0.0042560372554296
-0.00144281469855839,-0.0103877695011148,0.0125130821297385,-0.0169181444954516,0.000706241975376937,-0.0421174985504507,-0.026880508826452,0.12871764143273,-0.0164784674914214,0.00389670643048694
-0.00302857670627807,-0.0129309767705025,0.0124611865457696,-0.014597540654834,0.00236836313420637,-0.0419869912028533,-0.0212693774299995,0.131599913960596,-0.0156629480681674,0.00385830403153601
-0.00513016405141465,-0.015026334527042,0.0132048165333927,-0.0139581185456542,0.0024424975083747,-0.0384831434099328,-0.0115452634366884,0.147292134160113,-0.00966431736942605,0.00703061279140152
-0.00325378520362773,-0.015657125269867,0.0145780836774931,-0.0112291962047678,0.00721665456894322,-0.0388457763447863,-0.00543807671570986,0.146507263178195,-0.00738228134256456,0.00703915391025609
-0.0097112192810477,0.0250066013350146,-0.00485844946591185,0.126807434263051,0.0371570434555285,0.0411441022393362,0.0110536460967308,-0.00648121720578939,-0.000512404031303587,0.00372929178008004
-0.00367205825461538,0.0276201100423136,-0.014820971827303,0.125300797891618,0.0319446580218833,0.0482565584110108,0.00314767830509056,-0.00779131654923815,-0.00540432465901189,0.00941396557243556
0.00364141005177657,0.0302583713605034,-0.0231782239672656,0.124599858297278,0.023529390759609,0.0573921831705649,-0.012392745067035,-0.00787425814368666,-0.00838654494655614,0.0132137354484006
0.0132207505534416,0.0320130075416897,-0.0270004341578156,0.115728509797988,0.0204390893808096,0.0561138537246718,-0.0254445569921948,-0.0111300013059326,-0.00969676651331491,0.0134850233275842
0.0211318522317509,0.0339144533850841,-0.0278586117598779,0.0943045010319884,0.0223689436589714,0.053013211682071,-0.0448305494636621,-0.012636344855447,-0.00890611813234866,0.0161542745287059
0.0270627123593895,0.0333658995131337,-0.0254530946667254,0.0694839933053391,0.020347713365527,0.0459558301349679,-0.0580135158421113,-0.0161444364658454,-0.0164494052026199,0.0163727313434948
0.0350972168123179,0.0413992278031871,-0.0214573703861797,0.0325060041739713,0.0196977299537205,0.0359857992898523,-0.0819401749892101,-0.0246671471432865,-0.0242429827856052,0.0109272337750878
0.0323781144949177,0.0466435406394523,-0.0164951442113105,0.00942281651795,0.0176555259504582,0.023140651165902,-0.0882501266876466,-0.018379622373259,-0.0249657338897366,0.0106924348407613
0.028059915171574,0.047727602422592,-0.012304998251194,0.000505313228593076,0.0168160817586875,0.0101226003581893,-0.078795802047595,-0.0132432605932583,-0.0220295346393511,0.0117985659430687
0.0274138486666801,0.0478405962124502,-0.0120268638054235,-0.0112139950548864,0.0161527533515809,0.00308002682355031,-0.0806209030694992,-0.012481712651363,-0.0209161417346571,0.00842198587841324
0.0245137660319185,0.0447338151102291,-0.00566784224312249,-0.0193426587237261,0.0157315927679138,0.00340298501881117,-0.0822342483533384,0.0136058843080874,-0.0202467892029704,0.00529167997714354
0.0333365763443972,0.0376009148485572,0.00262601073297098,-0.0291974743274566,0.0190913562381774,0.00205064785254853,-0.0843339005761921,0.0375231721586911,-0.02154054108455,0.00131423325742011
0.032047390243092,0.0348043396084347,0.0114701276097546,-0.0291457024743231,0.0206569373958085,-0.00125356397029149,-0.0810662669166319,0.0490935398046759,-0.0231987078431144,-1.11629149444036e-05
0.0299804253853123,0.0193719930356289,0.0115240304172483,-0.0196222705919642,0.0167873003343574,0.00973359592363955,-0.0693267662453456,0.101175518111442,-0.0232861787008722,-0.00158139081131516
0.013833470752054,0.0134710137737071,0.015177088941143,-0.00983999168861033,0.0142978893491026,0.00876607565507053,-0.0541719382141244,0.125265261292346,-0.0243049900158499,-0.00209969440259491
0.0052635004009084,0.0103072652004154,0.0155071710029361,-0.0128362338297858,0.0120212474581827,-0.00181095113909445,-0.0396886421098974,0.134985898582722,-0.0187598673043503,0.00266159783117935
0.00131590546543706,0.00285807385662995,0.0113876217030055,-0.00683179018149431,0.00963637116009647,-0.00325979869323849,-0.0257559614767994,0.143871573741536,-0.0173483708188029,0.00510863006362777
-0.00416128805996798,-0.00375683846772586,0.0111930600974359,-0.00714223895766155,0.0109140478721982,-0.00878046160311568,-0.0126147020767825,0.150334045081848,-0.0127954232509941,0.00413139571190562
-0.00310455113592746,-0.00170270228903465,0.0137618563358693,-0.00641187361968799,0.0112131117557484,-0.0118827031374679,-0.00251122826156162,0.153433805775385,-0.0085559068880164,0.00196514802509207
-0.00412753779825304,-0.00833021764126463,0.00696746458994469,-0.010510377926608,0.0100646342840283,-0.0173322448759676,0.00446028992890066,0.154921103713744,-0.00385518592830155,0.00654583583292136
-0.000465595365856951,-0.0102873493148549,0.00879926680377469,-0.00498788813307137,0.0140019641078825,-0.0151664991660725,0.0103325089940638,0.154198271017278,-0.00293556491648212,0.00637577408444807
-0.0336204539868239,0.037617431609334,-0.00215039620368148,0.107433867426555,0.0331564469809494,0.0503493735041715,0.00116608558247991,-0.00467240426684177,-0.00512364390551333,0.000338202792091322
-0.0251427250564141,0.0348191167943852,-0.0135398389192389,0.112008723909924,0.0294390813304787,0.0603475528935076,-0.00294599853214525,-0.00261974036279814,-0.00742656887332069,0.00770039438314123
-0.0136708225489409,0.034309601362767,-0.0246513817546635,0.106785622490971,0.0218978330867071,0.0647605782018853,-0.0180695112616036,-0.00546233939253837,-0.0111214513034322,0.0128150343113964
-0.00398454172069455,0.0336255141459191,-0.0321592055327164,0.10160335664553,0.0180687859158244,0.0669412657055157,-0.0299240364323834,-0.00766963334519864,-0.00949238164519925,0.0196208054618195
0.00780160119070307,0.0357513669365807,-0.0363663731191864,0.0879840601610628,0.0222728175178441,0.0672404655462949,-0.0439194287756555,-0.013830327505677,-0.00602265151127516,0.0220461162039522
0.0267276170040145,0.0496891150675244,-0.025549685960824,0.0325842704725723,0.0257135118574307,0.0620133629393983,-0.0916906770408662,-0.0319543727401947,-0.0226992579425813,0.0121094937528765
0.0353448447282899,0.0512687785538298,-0.0232429570863729,0.00755177253984762,0.028345058250908,0.0518993939549639,-0.0986230629271651,-0.0338133810854717,-0.022929508349139,0.0134176578304603
0.033701620093274,0.0567194836704216,-0.0151360459279858,-0.0149687196604104,0.0276427290686191,0.0443356626303571,-0.111294548034944,-0.0281160291860749,-0.0238834971241502,0.0110278819400018
0.0374447173858335,0.0642822956445363,-0.00904356750194828,-0.0370356999433112,0.0272181459511437,0.0281936864276957,-0.110537456376625,-0.0301583328780746,-0.0268339616653834,0.00435051898838361
0.0377577182674602,0.0623807537735609,-0.00713616644131751,-0.0467873834332502,0.026247074705165,0.0244131637144367,-0.111840738185945,-0.027742125170507,-0.0303230541321533,0.00138316643454705
0.030169815971323,0.0588051470687095,-0.00606974917767787,-0.0429936487330117,0.0287769257745034,0.0170732731073616,-0.0913107559966675,-0.0138370591439211,-0.022192743734834,0.00475528567813669
0.0384131894938215,0.0487780271572562,-0.00364877192739635,-0.0529723578362888,0.0285248992759596,0.0147172366647137,-0.0924396197090531,0.00912169586335372,-0.0250241813965279,0.00213907206830949
0.0398118248322129,0.0439520778788954,-0.000462240439461406,-0.0581831813028261,0.0277632014943893,0.0168200608910301,-0.0901741044085365,0.0365874671616331,-0.0222380054252336,0.00263835764485552
0.0338640698398269,0.029095621281748,0.00126758964689896,-0.0326646367826723,0.0269995444159146,0.0289263087682303,-0.0625127241074099,0.0982777584682415,-0.0180447627938475,0.002280269841603
0.0265250258705394,0.0249291069166522,0.00132540863936115,-0.0241933004119421,0.0203394894920694,0.026551779617641,-0.0457910400455123,0.122158419180946,-0.0175591687846321,0.00306917257862364
0.0113627206359725,0.0217031033248244,0.00276979099301787,-0.017896876273128,0.0183549092515048,0.0199873306420494,-0.0255678465868607,0.136144942385452,-0.0123117115952272,0.00529494986023463
0.00465914243360027,0.0137256154528335,0.000794132123826577,-0.00838151689195374,0.0168365467288747,0.0198165677945581,-0.0126696404832154,0.145366873514742,-0.00805764623410413,0.00774456932901792
0.00327656619347235,0.00889548524620877,0.00161270825907704,-0.00229559537541064,0.0171054447968164,0.0151675895926687,0.0049236926566129,0.149025601967218,-0.00473458305587726,0.00749198137672827
-0.00602318028745657,0.00540961387496041,-0.0024147573996526,-0.006373331193461,0.0143429963953566,0.00587819878075812,0.0158097640501751,0.154341678883539,-0.00121787989598901,0.00871676597171234
-0.00157699910709808,0.00260788696261481,-0.00404198794683055,-0.00923236359521147,0.0133669240071022,0.00189834064146279,0.0217234278022033,0.155158445046953,0.000799283872072913,0.0113544326433568
0.00316031259494513,0.000884591292066228,-0.00548529425963529,-0.00680512574473971,0.0168432039225084,0.00471406413314652,0.0285360386984726,0.152882912484555,0.00264305273563586,0.0138164172359259
-0.052281603093967,0.0350471806925493,-0.00936495035980883,0.0885600208469557,0.0291219039683287,0.0544746484999308,-0.00300989503720845,-0.00217389481696709,-0.00302216677805153,0.0047672396165156
-0.0425679762361818,0.029516205969899,-0.0242837185411129,0.0928982501827761,0.0242408735864025,0.0690569840193967,-0.0164427458289027,0.000164480792509405,-0.00506986996376343,0.0144542649059768
-0.0363792487886658,0.0326817267108145,-0.0315014829648084,0.0879605801102555,0.018002891441123,0.0715392347005089,-0.0267461645706668,0.000152138900946236,-0.00886298422753323,0.0178512752538244
-0.0216569754686373,0.0354270187374825,-0.0350337494795328,0.0780794483673374,0.0153310332473551,0.073173399038702,-0.0385414962536377,-0.00438507744237614,-0.0116730135956948,0.0214172201564171
-0.0156011027503309,0.0317341802289499,-0.0402430058793211,0.0648025593644047,0.016880614211184,0.0678861454026012,-0.047041933785022,-0.0116947656067289,-0.00639872388628479,0.0300807358113818
0.00653979026578414,0.0405055009618424,-0.0363074172577419,0.0212194621500131,0.0224920646312371,0.0659740114895074,-0.0846023070874185,-0.0289398960577301,-0.0186218708325877,0.022464319744308
0.0193108415881178,0.0457815318126202,-0.0326974984979545,-0.00847409998356521,0.0254499496033124,0.0539656541386765,-0.0967307633759688,-0.0394183621714228,-0.0244346427419015,0.0187199818551519
0.0311975507583848,0.0536161898841167,-0.0286553747314417,-0.0279204664684064,0.0239076385932352,0.0491216528457025,-0.103844574395375,-0.0371946784856866,-0.0319309121097398,0.0121820398364627
0.0424024720507968,0.0545899914515065,-0.0304287613194856,-0.0505676866645917,0.0224398817005676,0.036690334339778,-0.106426706841783,-0.0418800048193618,-0.033832280125518,0.012518069234795
0.046440249823591,0.0525808943547752,-0.0231505578366897,-0.0613800751183719,0.0247336788397321,0.02935348646617,-0.105340416297324,-0.0409411638516649,-0.0334163795937041,0.00952970663422785
0.040325863248443,0.05686076032026,-0.0182973390057239,-0.07196226977629,0.0315165407023228,0.0227187074392564,-0.0991962936194214,-0.0324210060093914,-0.0269511837433358,0.00636193143161605
0.045820098037511,0.0485051638838429,-0.0147604192979551,-0.0802384560014814,0.0363184829042232,0.0175689801778366,-0.0926533890029136,-0.01409734959407,-0.0253137757767005,0.00647341019670359
0.0463836324869503,0.046505799683573,-0.0176354720204642,-0.0802725155680013,0.0337161425497886,0.0213657628611139,-0.079256608445142,0.0157245549741585,-0.019667494766809,0.00714315687990845
0.0458822154478811,0.0472331704239663,-0.0128405195447039,-0.0695141161016157,0.0345288760915534,0.019433558584634,-0.057273544355085,0.033459548101782,-0.0170400691371217,0.00743672654615294
0.0346032736022392,0.032104852961283,-0.0152409705049382,-0.0352780023908643,0.0250887573509967,0.0388334011483722,-0.0287251326330243,0.10535584354689,-0.0107780067389747,0.0108726054824855
0.0139164744506719,0.0315461776877472,-0.0071742965325778,-0.0244975147973654,0.0274249896971546,0.0317958862590606,-0.00755535024976766,0.119882908276382,-0.0076568372425019,0.0063373581626175
0.00858983984466212,0.0238984488817509,-0.00779921294276919,-0.0134513597442703,0.0268361842694613,0.0334993820141686,0.00569151025223696,0.130316203959392,-0.00667280904866249,0.0076013096881498
0.0082090053644546,0.0167064803471358,-0.0112395027693425,-0.00184132715332029,0.0241538818059974,0.0339826863665686,0.0248642291913955,0.14654146578256,-0.000284470711017408,0.0124182580195671
0.00551782660517928,0.0172274351544571,-0.0160921987478862,-0.00142514087099778,0.0183436416279519,0.0289507039919918,0.0367481869545967,0.146079493922153,-0.00133871157824644,0.0117259301460781
0.010046265457562,0.00944818961087142,-0.0154028329055846,-0.00474392361521993,0.0153596469520202,0.0222290767986598,0.0398374812146445,0.149184730455637,1.23296989949177e-06,0.0152577863918329
0.0148220903417321,0.00299444108788544,-0.0149440040621454,-0.00431573219392629,0.0155969354580691,0.017608372184478,0.0459356859693911,0.14880591198141,0.00509329359471689,0.0195659027765811
-0.0909159043943245,0.036797232535822,-0.00119400417819033,0.058142149676053,0.0224314236744707,0.0444621646736853,-0.00990556800627586,-0.000974341055918979,-0.0090181162390094,0.00144867823067428
-0.078144965603071,0.0299880761435012,-0.022039666082019,0.062361673889676,0.0208396419681468,0.0593837788713167,-0.021300748234241,-0.000513409014067187,-0.00420437156588905,0.015652880345073
-0.0673422319504612,0.0223669549862003,-0.0362703162422469,0.0574241422778952,0.0114989697387362,0.0572636702888805,-0.0272735417290487,-0.00377500167265624,-0.00763299261010224,0.0271033032007174
-0.0523484225357712,0.0211053829343433,-0.0433552952229655,0.0478827426814166,0.00868294157870567,0.0596622761964209,-0.0383137200462886,-0.00930297114694182,-0.00659564539231911,0.0376340781466859
-0.0386626588631766,0.0180421181976253,-0.0456863620081101,0.0412964766458777,0.0147014374671021,0.0610619832907264,-0.0471418545211605,-0.0139367276267519,-0.00275862064820768,0.0391788049743173
-0.027491343976649,0.0215880081358907,-0.0519532239338858,0.0263690760034358,0.0112842595456154,0.0566078440410934,-0.0519709669385302,-0.0190607695930726,-0.0101104891702029,0.0366237881453156
-0.0133892316155776,0.0227247691409867,-0.0502740228529584,0.00554360599819626,0.0147460656491676,0.0467237663750735,-0.0577658279569961,-0.025451170142114,-0.0127952167403737,0.0362162300524959
0.0106453556700275,0.0306147733920953,-0.0485334855406636,-0.0156321324721549,0.0176379530643545,0.0418322790226573,-0.0630979190759688,-0.0297820538080852,-0.0209513536036045,0.0318642086434163
0.0365470529714055,0.037692280552252,-0.0427728777636399,-0.0595314503398374,0.0215275856430756,0.0338038270354071,-0.0930476833878232,-0.0466917147108175,-0.0316754965536251,0.0226469042093211
0.0442144134266419,0.0295255838068807,-0.0461745342300273,-0.0759668056584338,0.026033268868573,0.0175702115043024,-0.0783797014880775,-0.0537345466155128,-0.0275298110221806,0.027768710915539
0.0314304758360548,0.040042046708761,-0.0337887067639011,-0.0891653654615043,0.0345311551973481,0.011970841986113,-0.0746686272136482,-0.0490141091777064,-0.0201035115260257,0.0217830508079974
0.0409300848426877,0.0325946530226608,-0.027872426295898,-0.0969368317279274,0.0357938509879333,0.00215342499741377,-0.0602639413666285,-0.0318394222968271,-0.0138245206873924,0.0192572173873394
0.0378818587232289,0.0392791491655741,-0.0272822566635278,-0.0995825112722195,0.0381008469682205,-0.00150589399039392,-0.0436551725277964,-0.0227056867489061,-0.00763560927187724,0.0207668541894692
0.0485284425926032,0.0524042399872688,-0.0337855180500024,-0.0844055114916774,0.0405396972904076,0.0169959930047666,-0.033598526161584,-0.00438861120738362,-0.0128016515189919,0.0176204478570834
0.0405281181054295,0.0573844638912327,-0.0273718425629875,-0.0729195807650855,0.0382445629109613,0.0194088015422059,-0.0163852505922342,0.0217939409710478,-0.0121588264549393,0.00938505295560159
0.023254532406889,0.0490609554502513,-0.0321218230856276,-0.0363212857775846,0.0330686009545321,0.0185869834012779,0.0269375072167746,0.0449152522947369,-0.00585110226255968,0.0146472473854823
0.0129273701387513,0.0343341928280699,-0.0311799674707043,-0.0250759743728616,0.0308095611994744,0.0295436122209636,0.0414150595886862,0.0952918834492555,-0.00391442894070305,0.0145343218630368
0.0127374656801173,0.0223880253762731,-0.026623560888867,-0.00842169323287293,0.0308496679847169,0.0400716770162697,0.0553798845483,0.131537604838703,-0.000192000743783351,0.015941266155709
0.00966091536676657,0.0212518915587548,-0.0311804891991713,-0.00574379643098296,0.0238916228188487,0.036257346490292,0.0594068321711229,0.135673826380862,-0.00231637973396262,0.015964882950481
0.0117024294803985,0.01689275352844,-0.0302028077290243,-0.00723321553344295,0.015168085481259,0.0318422227245703,0.0614751047448638,0.137286719904682,0.00218962763085997,0.0233148403003905
0.0182229238667302,0.0108172030198749,-0.0309209288655394,-0.00178211904003179,0.011516234286956,0.0302001904865236,0.0628494362624627,0.137453253363331,0.000508133085562978,0.0221679791813723
-0.123976110316056,0.0303916907620006,-3.34433074720068e-05,0.0388315658220299,0.0217228957002316,0.0326716729407444,-0.00229373840805526,-0.00378848984439446,-0.00923829206151066,0.0040188943845506
-0.120053113601795,0.0271959022882353,-0.022155299002192,0.0325671630189189,0.0102067492041796,0.0411571084262231,-0.0179960253853794,-0.00415750872426691,-0.016763601602648,0.0116534435484415
-0.0985148386656309,0.0218909124007201,-0.0361022085045905,0.0347049033559379,0.00532422101735068,0.0470673496086007,-0.02396931356935,-0.00538871138043176,-0.0131315572390363,0.0244063855188906
-0.0799546504923875,0.0100594424121862,-0.0428091138119816,0.0246872552148216,0.00834510846590357,0.0468052998584816,-0.0331057097806009,-0.0104497099446361,-0.00457402583752136,0.0384443267660047
-0.0547274658137269,0.00712196665450572,-0.0512032921380851,0.0186264348377468,0.00864442683867944,0.0522998530286157,-0.0422300733009443,-0.0174025366662003,-0.00754225011356995,0.0388679051638174
-0.0468896719445054,0.00435458938971968,-0.0549742374631937,0.00770803182116575,0.00832027994202006,0.0466726331001785,-0.0434297008672662,-0.0224384023271792,-0.0128021411247191,0.0390367876484753
-0.0278587162310695,0.0064851346683854,-0.0517729667802882,0.00277331730553738,0.0145311154070465,0.0461449886304965,-0.038286279906091,-0.0252396208265662,-0.0118336589460241,0.0374629896422927
-0.00588201297053439,0.013412994130024,-0.0531741271517267,-0.0206677411922344,0.0180405860398595,0.0337278247856144,-0.0403007731328479,-0.0334582898705211,-0.0167417328952356,0.0364392217276272
0.0152561988365908,0.0114944784446921,-0.0594322152869115,-0.043590678703061,0.0169816732127081,0.0204987537337081,-0.0399927344457213,-0.0419870980757923,-0.0219402306695151,0.0386595896510452
0.0307199608109565,0.00951612512831637,-0.0659793170851657,-0.0537211578781505,0.0202030967062741,0.0141556226079748,-0.0225688653751419,-0.0479598008464552,-0.0170062091399616,0.0437945234866746
0.0297003636755905,0.025627672499572,-0.0492861027841622,-0.0886733994135162,0.0338607020642639,0.00393126807534607,-0.0383036480322613,-0.0592185419968512,-0.0158480568713436,0.0327779197795408
0.0321817656475471,0.0317946850068015,-0.0392680954256033,-0.106645302503429,0.0432134529375104,-0.00671066357740519,-0.0302112345666099,-0.0625741464188061,-0.0116150892270999,0.0281008859444948
0.0408901449859609,0.0292677925796594,-0.0365087954416519,-0.116996389970806,0.041465497718805,-0.0221529954003264,-0.0131420815125165,-0.0538742021846063,-0.00376982549215103,0.0305633093591104
0.0472047250919765,0.0407418003503494,-0.0315716153922612,-0.107812919756725,0.0444758681615629,-0.0164053739537644,-0.000402993585152564,-0.040903421363525,-0.00260436426981998,0.0260917209130408
0.0342252624549529,0.051749787322069,-0.0341497406324621,-0.0959774085227325,0.0457955836919896,-0.00189578522786778,0.00526316473607541,-0.0220622971922191,-0.00792514755502265,0.0233467497771737
0.0147566032675953,0.0527028227997946,-0.0323716903499897,-0.0517954267192812,0.0437974187003175,-0.00725895611219057,0.0662415228474683,0.00398902130205906,0.000221266141944385,0.0211118115246022
0.0138629019010774,0.0503712940971988,-0.0387959074346789,-0.0442286370841887,0.0372047887713976,-0.00532953559362477,0.0793155274995046,0.0135806507441206,0.00356519023558406,0.0270086175710612
0.0151142206258358,0.0223079779355509,-0.0481602842872529,-0.0202350205182391,0.0263620008344325,0.0254076243439277,0.0864189810501117,0.0888884672426028,0.000445892978402892,0.0302573231959714
0.0122782744789669,0.017707182277594,-0.0540573790757285,-0.00835793708048326,0.0191229160759499,0.0267841818873937,0.0968269587862209,0.105471872887081,0.00168380229820526,0.0306659905410857
0.0297465316420305,-0.0032654235403766,-0.0549352023984754,-0.00786354342870112,0.0082585302988217,0.0118072876385583,0.100730113498733,0.105916731218274,0.0066795329840883,0.0354030965793823
0.0262271015036599,-0.00740544890761081,-0.0505128069896837,-0.00415584700093428,-0.00157604517005402,0.00759029010977263,0.101487733652428,0.116265518936158,0.00110674260652034,0.0276592359173889
-0.224814361333874,0.0460047101171015,0.0255321267658387,0.0116665623996608,0.0197910020152146,0.0104002023556254,0.00880890525727917,-0.00156666337507187,-0.00249200059105872,0.0090552450663072
-0.222213808303879,0.0346416293946805,0.000972591324899759,0.0129997920340262,0.0040087237078671,0.0162442910463128,0.00139205979112075,0.00426959849753246,-0.00737024164546011,0.0206850949195526
-0.203232762377216,0.0254989255100308,-0.0113709250060521,0.00590245806086316,0.00167975084465551,0.0178646865124076,-0.00999310632835351,0.00204459520458919,-0.00415254254777292,0.031529759944244
-0.18338450629558,0.0206819288894813,-0.0150682206009662,-0.00434351653030739,0.00594191859695739,0.0244799184909932,-0.0231638574990817,-0.0032167929417519,-0.000144401416546886,0.0399872620560235
-0.0765452362348121,-0.00714583201410447,-0.0465328488608842,-0.0047900402111824,0.009397735785354,0.0377025860919977,-0.0356280076120143,-0.0198054091718508,-0.00849071627422479,0.0370281151297656
-0.0517537744234589,-0.0141447543276564,-0.0478934302152302,-0.00705475667767649,0.0179680967521653,0.0406583054758525,-0.0325073842796966,-0.025050976821948,-0.00862294689687832,0.0383002293079309
-0.0309278738856295,-0.0127658088121299,-0.0539913056139316,-0.0156322744655772,0.0184751641444964,0.0417236950829119,-0.0290056400162953,-0.0327593202263309,-0.0157546698671551,0.0357147284296319
-0.0118861843132817,-0.0129858592266907,-0.0583432988611592,-0.0302506577346362,0.022502413593953,0.0269062413356255,-0.0191708370610627,-0.0396807832272523,-0.017450878205507,0.0392163610816468
0.0072822583763275,-0.00903758825366416,-0.0680706890852636,-0.0471867669334521,0.0192462262522681,0.0118425078559369,-0.0122933296519745,-0.0482171760561462,-0.0205137296556005,0.0429070474896771
0.0269592368581745,-0.0043994599659349,-0.0663422549689818,-0.0577386681743681,0.0276535951141205,0.00995827116630505,-0.000280002284500861,-0.0522325318266506,-0.0185948214597705,0.0432952934877905
0.0115902308426816,0.0053945112098469,-0.0532982628948736,-0.0713443147118145,0.0353328938721074,-0.00248422266815043,0.0136157013408642,-0.0555957351319176,-0.00926271241287839,0.0446003586584439
0.0184771351263873,0.0108735558067853,-0.0486245595455702,-0.0808241878762838,0.0425059295536123,-0.0114779739191609,0.0270827430166007,-0.0591797406167469,-0.00282168202551249,0.0423050311035995
0.0079914980376963,0.0324723103448492,-0.0326061773558058,-0.0886345356470944,0.0523115562421309,-0.0207000897349662,0.0441731383263573,-0.0571929246667518,0.00401031960033612,0.0385944955964205
0.0128531330407729,0.0386747295662979,-0.0302226461933552,-0.0848818460757404,0.0522348243158645,-0.0232948976948724,0.0567495391070256,-0.0434044665850234,0.00484715998546554,0.0365282479040041
0.00283753387927463,0.0532003871995381,-0.0110393496494517,-0.082828356248537,0.0585933493003551,-0.0316212783430978,0.0741872169244273,-0.0326021151394302,0.00460893598107924,0.0233756859275944
0.00681503365115898,0.0518152352145684,-0.0256608028405758,-0.0560718417580805,0.0472813006985589,-0.0183756774382485,0.0919759155189152,-0.0169951753867585,-0.000793300925458108,0.0241238090981058
0.014320222877848,0.0482193529925566,-0.0397949024359915,-0.0407014046517926,0.0395215521558206,-0.00833561524416287,0.105366957472646,-0.00630936511393634,-0.00049477416741349,0.0272904394591819
0.0235267741111111,0.0360256732898542,-0.0537746012629644,-0.019929921327555,0.0289104447032548,0.00494337358118297,0.112610583511652,0.0083941886017255,-0.0035484478463611,0.0309343002343258
0.0157202712386896,0.0215514376471886,-0.0606298106896272,-0.00077316546112346,0.0191436952276653,0.0168380631793742,0.124466340229339,0.0532774661364253,0.000630896567757127,0.0336377776546622
0.023257838139388,0.010114025300201,-0.0592595921593746,0.00594460394359936,0.0073761296545543,0.015156965310883,0.12566495026977,0.0692243334515878,0.00224690187821826,0.0337516838022941
0.0302218191780403,-0.0158969942059706,-0.0365768306678682,0.0103460533810867,-0.0113760741575501,0.0137443274435496,0.11629316120389,0.0791956236171623,-0.00820819191885219,0.0360068915226919
-0.241724904593092,0.0441651996712542,0.0281690141885684,-0.00394764059625731,0.0149689718950438,0.00231861570421606,0.0103864701345049,-0.00753585593993684,-0.00725720321833991,-0.00225566251996387
-0.238165790675448,0.0352723788927583,0.0166440296252708,-0.00308319085377483,0.00887847761429621,0.00933622062895619,0.000101294155679216,-0.00136674860269249,-0.0162752238362628,-0.00287304722480307
-0.216807364612304,0.0212448833510832,0.00599264029699584,-0.00546386792123525,0.00700238882136899,0.00981780418927695,-0.0020055206133668,-0.00076234334528014,-0.0117896802165835,0.0135298942015088
-0.185054006493321,0.00746694867740843,-0.00880833454292667,-0.0160827120721698,0.00668146241286896,0.0184387544471685,-0.0186586191350971,-0.00521942204548466,-0.0143564669358023,0.0260543076043412
-0.1054779201123,-0.0207362369080044,-0.0348535726726543,-0.0207622796424418,0.0108821381518147,0.025677352517649,-0.0232004837827049,-0.0202288159394525,-0.0103139792790089,0.0370108606963419
-0.0775081431983996,-0.0280093053856511,-0.0434278606747102,-0.0212608882494843,0.014554730527693,0.0306371664781408,-0.0185190818379064,-0.0235645856022668,-0.0104071107499566,0.0414921400884116
-0.0383385228424339,-0.040888942629302,-0.0556450475371606,-0.0300860193506847,0.0202259093029714,0.0262246389424554,-0.0118625402747194,-0.0321223118629155,-0.0191200699450719,0.0394691460216055
-0.014560879646717,-0.0441215483099964,-0.0628563584978092,-0.0432146602312836,0.0213204312404274,0.0151248631636596,-0.00418268059376646,-0.0401570228142633,-0.0232940917791037,0.0456066367025591
0.00812554572895689,-0.0391668462850183,-0.0665865871886701,-0.0502033796346572,0.0240289668958471,0.00937204720456686,0.00526010700360571,-0.0460861730478757,-0.0230802851762862,0.0454400458901443
0.0350440066644115,-0.030667129737882,-0.0652376821086066,-0.0570276624073631,0.0290437747585081,0.00748321933172512,0.018606830522113,-0.0525763518016639,-0.0255960804281158,0.0420603013490025
0.0188733889800516,0.00078504128201993,-0.0323489156900252,-0.0735182620395425,0.0482564047777662,-0.00973470837634752,0.0372273684813168,-0.0608494339084859,-0.0111698270003883,0.0364866164068542
0.0145469151269899,0.0166248743568794,-0.0138228425076015,-0.0796617836857555,0.0545370846505166,-0.0206319803362926,0.0533289956138804,-0.0653658574456376,-0.00625949158073313,0.029203238685352
0.008027081246158,0.0260949025072891,-0.0246333274876262,-0.0787620922376045,0.0498469958255098,-0.0184579465961559,0.0660482351818057,-0.0593976391451252,-0.00184900744012648,0.0357540048002868
-0.0047334492961266,0.0481166580654093,0.00458507855832741,-0.0843805791371346,0.0639995961763357,-0.0395192683745079,0.0873926527011334,-0.0604374726305699,0.0021102156459527,0.0209924703896443
-0.00944986409577311,0.0588545691598225,0.0209867577062067,-0.0817002762665704,0.0705352956687369,-0.0490319874693467,0.10722566837214,-0.0517566155691533,-0.000584154913411697,0.00903019006861263
-0.0014539736405625,0.0574233652532914,0.00221666387806537,-0.056576642356807,0.05496149593979,-0.0311097027903977,0.119241463942446,-0.034265869035854,-0.00227097492214016,0.0125305988045849
0.0154294199329803,0.0503432757474579,-0.02726996621591,-0.024255232914245,0.0377524011329886,0.00139331743455366,0.121505186550012,-0.0200919993180724,-0.00962494093660948,0.0194496580600131
0.0252784543560894,0.0443532260619355,-0.0442683321023075,-0.00468010116719619,0.0239040523306983,0.0166245818269362,0.129428607779249,0.000214299104356588,-0.0120950029393274,0.0219266845195613
0.0266607448430094,0.0385404103725221,-0.0465446914659987,0.0103531572287049,0.0145663576409418,0.0237950307403003,0.124832431923598,0.00588261446453892,-0.0152777179713949,0.0211335159272667
0.0291575607524521,0.0149492084741843,-0.0319399528387042,0.0254082564945897,-0.00545477659989332,0.0301910988188253,0.119448289007196,0.0286024903136497,-0.0211484697261828,0.0307599774538878
0.0211580710973244,0.00989646903431604,-0.0305900262859479,0.0260271851871608,-0.0194605559067421,0.0207928638887069,0.118787552074322,0.0337471723102265,-0.0300482801705038,0.01721481580588
-0.230347146245213,0.0238061780206782,0.0234284246035406,-0.0112639051741643,0.0172103020493721,-0.00119465877418228,0.0155789980976234,-0.010449215728992,-0.0119151777875532,-0.00904933182706458
-0.233326693742499,0.0134764262080959,0.0133409102398233,-0.0132124441948687,0.00901782531536311,-0.0026870086114803,0.0107705642346419,-0.00426645221152985,-0.0190725387108909,-0.00780321190993125
-0.208042245090683,-0.00504545484927012,0.00178306310238435,-0.0199584708977641,0.00514516309431962,-0.000287281193617003,-0.00497460831809715,-0.00271632533828088,-0.0154769526667332,0.00488974090824974
-0.174590761139983,-0.02356302208711,-0.0181257087426903,-0.0308664991728227,0.000207507791880487,-0.000718556424381593,-0.0128396995467075,-0.00764153743469485,-0.0127660890404795,0.0180588265359214
-0.094248941125726,-0.0520684989722233,-0.0471098268022305,-0.0378208800301181,0.00776267837681347,0.00781528169573919,-0.0214645315560753,-0.0211905292961398,-0.00987327692669051,0.0309834355923286
-0.0758876495312766,-0.0657211616508577,-0.0534293541491253,-0.0370923392990452,0.0104310351945017,0.00643260006149278,-0.00364148549247626,-0.0247625278924271,-0.010071889815306,0.041722704264802
-0.0259820232508471,-0.0707485201055418,-0.0609625706855808,-0.0406781394210702,0.0135980268521155,0.0124937954674507,-0.00105188979392118,-0.0351185077674863,-0.0216543140042514,0.0386068307151626
0.00254048038551773,-0.0793346809357468,-0.060002703411468,-0.0422012343938446,0.0196605894780435,0.013018669763184,0.00479317347778441,-0.0403484839800871,-0.0223324114477005,0.0435229129130138
0.0364716034581301,-0.0819497490029962,-0.0589672066667739,-0.0365448356816073,0.0216551059076202,0.0191010916329073,0.00829958251913642,-0.0398208831388126,-0.0315000745722376,0.0384121453230735
0.0756621663826323,-0.0821793143608665,-0.0598436406274271,-0.0375168327516906,0.019996793582351,0.0241674655076166,0.014333649631602,-0.0468491334534122,-0.0440146557655233,0.038854089065233
0.0644726368690073,-0.0508086619951908,-0.0329506536268585,-0.0490399764571172,0.0335733061041968,0.0106813792384604,0.0361794278249251,-0.0546266969580737,-0.0359448277424004,0.033203670644852
0.0330633514707929,-0.0054851734668279,2.7153503252973e-05,-0.0585436490704355,0.0575108684563482,-0.00542642534210951,0.0657545541446591,-0.0604820022709462,-0.0158097585266408,0.0229075759508051
0.0112844650300563,0.0255992059221452,0.0151336572949168,-0.0691409876055536,0.061949763881275,-0.0166442502359966,0.0807763121080611,-0.0620234024042092,-0.0101981709759519,0.0169724954799162
-0.00374305116470623,0.0478814351488653,0.0280229295200115,-0.0739715851079498,0.0607642392657465,-0.0291105724365189,0.0920912813219449,-0.0609480873348438,-0.00810972478457145,0.0104245750000636
-0.00917967740640367,0.0580164367494787,0.0460688462513521,-0.0653405018309437,0.0688849632209187,-0.037726113194647,0.112185681683831,-0.0573428825869564,-0.00768848113904147,-0.00175419471636715
-0.00091774415492179,0.0570311003984758,0.0279948686524194,-0.044990875158058,0.0509896142499403,-0.0255644782205778,0.12359093992981,-0.0422306230997257,-0.0112413019222412,0.00155349320047868
0.0161678126427236,0.0462791332084654,-0.00505237639707985,-0.0166139578799602,0.0302558664886323,0.00192137487521958,0.124457893357337,-0.0265834549271232,-0.0169410511912513,0.0119508739202438
0.0223586983998052,0.0429098406577431,-0.0192579474984354,0.00168811591311067,0.0122253814149348,0.0166570858675011,0.125474598885475,-0.0130430708350568,-0.0237850217639541,0.0139105156304444
0.0298409305889456,0.0348839576689341,-0.031744276867126,0.0211851354605057,-0.00423908552384605,0.0254077063151538,0.127309739392566,-0.00669722847375645,-0.0337083345352056,0.0146740634920823
0.0420330302818354,0.0279118432737999,-0.0420183874208809,0.0272350450512607,-0.0125459608537983,0.0281010126698428,0.124354367370697,0.000185653470745084,-0.0354150189422058,0.0140753195207594
0.0344593667104026,0.0166248582500109,-0.0189057304159538,0.0403690974882788,-0.0371808552812127,0.0329881098845954,0.108363697628425,0.0145574384039701,-0.0567751436364256,0.000107972649597705
-0.132892783026125,-0.0172597780759819,-0.0177940677928724,-0.0154991106530894,0.0216538738978063,-0.00306889488735357,0.0169489129997003,-0.0266318844872523,-0.0118034440577817,-0.0271751371756341
-0.142764610174233,-0.0386719856027182,-0.0307598356588271,-0.0192785766350132,0.003018729825152,-0.0146961033322914,0.0135889001994637,-0.0163916697659339,-0.0117427168736622,-0.017921745094219
-0.130038072630892,-0.0570862866782551,-0.0511761353308865,-0.0195669860892145,-0.00185834225666206,-0.0213927670024625,0.0173452662213377,-0.0103560666505259,-0.000721603174805951,-0.0128114667350496
-0.0877017334530654,-0.0778380595566162,-0.0724580104520168,-0.0349132216791666,-0.00785027926888678,-0.0205717920665062,0.000882617993105796,-0.0180339347216903,-0.00485726462923418,-0.000282077516423618
-0.0536720021567815,-0.0948605150806281,-0.0843021112154982,-0.039954026581102,-0.0036374360940551,-0.012535653818371,-0.0032220309025824,-0.0220931395402222,-0.00132915464347348,0.0121625721583481
-0.0100293561026494,-0.123646892200301,-0.0776117185102082,-0.0416317146296055,-0.000533240868039585,-0.000130214640279274,-0.0114052863444775,-0.0271048698484725,-0.0113371317486314,0.0278056564875784
0.00501801466862924,-0.104391376791602,-0.0455200637827336,-0.0356729255617639,0.0207237170385961,0.0156924951035495,-0.000759442319445493,-0.032482334664423,-0.0209032741645581,0.0286594625057747
0.0346394533770274,-0.121770378422008,-0.0403325285723903,-0.0236971642439895,0.0168680808817864,0.0249350201359526,-0.000446521374912693,-0.0296603281923863,-0.0273426716664705,0.0352377044595426
0.0712949262093127,-0.126092424581659,-0.043063897534187,-0.0134695953262577,0.0194012255475373,0.0375544832783279,0.00600585340083947,-0.0293223254285758,-0.036307386440061,0.0341891753155004
0.0849443094702412,-0.112070384289942,-0.0382063140340966,-0.018471100092818,0.0162629968721707,0.0413217107014249,0.00790097861871022,-0.0351739940488317,-0.0426410398436934,0.0345045015932722
0.0725858776284569,-0.0817132631192817,0.0176201108036193,-0.0259462174942285,0.0281248764502454,0.0290804316691292,0.0252406388714543,-0.0451302984788364,-0.0472104845919119,0.0259601289879544
0.0266457294824848,-0.0214395708034274,0.0659265972989088,-0.0483879322483343,0.0587949078439346,0.00716832027960636,0.0490975447501759,-0.0559321991988983,-0.0289162357962192,0.0128101797017249
0.017618983500165,0.00230342359584761,0.0529920713361187,-0.0504151352241485,0.0455037581850962,0.00987662270430254,0.0598584777344114,-0.0512109405112734,-0.0286473134967948,0.0170591977643188
0.00451252748142457,0.0235714001637274,0.0797044369740351,-0.0435224752990411,0.0454617277682188,-0.000558715485182992,0.0741118012625593,-0.0489392541129823,-0.0278651290625677,0.0060030068689054
-0.00772812362031453,0.0622542742327533,0.0689887396897897,-0.0553314024132599,0.052865894481419,-0.0284526354733951,0.100351612900728,-0.0587982441645919,-0.0201241347563819,-0.0172430092222304
-0.0111738635066567,0.071861506105876,0.0668947522638492,-0.0430834105395417,0.0452584453327216,-0.026277364457704,0.114595007336215,-0.0510628831188059,-0.0221710729711903,-0.0178139908030971
0.00737034023703624,0.06222061116301,0.028069588997001,-0.0246344084833588,0.0229503952398469,-0.00587748079376609,0.116079343879215,-0.038549005560922,-0.0243816459212011,-0.00346520230704646
0.0253340967756909,0.0496086632012045,-0.00400765510349151,0.000712977015129621,-0.00316087699582493,0.0195579061837745,0.112684604413532,-0.0243402743384783,-0.0353101588122479,0.00652371738406553
0.0326427985483487,0.0445413259992188,-0.0107983907490659,0.0212340317489452,-0.0197394570679534,0.0331601278457699,0.105776838119825,-0.0112259246040639,-0.0435457429304977,0.00280180613442905
0.0423933620610516,0.0346633765378693,-0.0323861481705329,0.0297096425280778,-0.0344510198005462,0.0302384735298523,0.11003077935667,-0.00407298889428512,-0.0420799588183551,0.00759895253180276
0.0292749095220871,0.039496829232342,-0.0302949744351467,0.0324783774470073,-0.0483870470499736,0.028436055801161,0.106099531433529,0.00300913137584167,-0.0567645622585846,-0.0123678514340558
-0.0943108738545931,-0.0457582141602821,-0.0379966819584274,-0.0145175454403562,0.016398065330877,-0.012554873807652,0.0242994107467849,-0.0235270788789605,-0.00702108672552004,-0.03940460217442
-0.0954021135474955,-0.0661868751317032,-0.0458992918013861,-0.017762230829645,0.00555847681985954,-0.0214137037430837,0.0242489149546099,-0.0186040274019583,-0.00384040245593315,-0.0284401181876806
-0.0785652533024615,-0.076791074460996,-0.0596985874518671,-0.0275422833262404,0.00252893331275558,-0.0258099186159477,0.0220053292609816,-0.0164344071146988,-0.0017110527370693,-0.0217866664516901
-0.0455092400889916,-0.106247998787584,-0.0831066588749433,-0.0253363343118315,-0.00964534539076729,-0.0182123964736568,0.0094473206974212,-0.0140173293371656,-0.00510396319543338,-0.0122247831710341
-0.00846502718396698,-0.139187980824166,-0.0899474478779538,-0.0199563689896381,-0.0148160058009799,-0.00324044328312579,-0.000300925844712059,-0.013887166759978,-0.0104328671679081,0.00974971744538006
0.0146553866541118,-0.146928309986019,-0.0667589424274671,-0.0164490628261843,-0.00198198117046391,0.00977042073861858,0.00367838720789122,-0.0196753339979314,-0.0160660684577118,0.0183199434554683
0.0313094536445652,-0.158227295097395,-0.0116318315290689,-0.00573760398075188,0.00663071295980686,0.0284078572432141,-0.00823127789453404,-0.0145470838325367,-0.0237644272616142,0.0265304024008828
0.0551323753367385,-0.163612231521284,0.00194910434448514,-0.00229398038778692,0.00822737146729796,0.0375841879090848,-0.0104447017678768,-0.0110086297267416,-0.0321480852843541,0.0302786951497654
0.0794420959165482,-0.1583543595029,0.00148997994459783,0.00637012736874761,0.00660842498747984,0.0494491296411975,-0.0114624858004496,-0.0141463306705505,-0.0393224458584508,0.0331877767101649
0.0678020082922955,-0.110906241935098,0.0334223744152679,-0.00943424136484122,0.0142589309603756,0.0458544687475007,-0.0081705845349855,-0.0237539951804188,-0.0412752821955224,0.0214558302004869
0.0525389137874714,-0.077118662216002,0.0756515371058812,-0.0165115430842369,0.0246878607175086,0.0415726545535722,-0.00143619960860399,-0.0279061277867403,-0.0432346897605969,0.0180168048895647
0.0270527990445766,-0.0300832793712055,0.110441631714444,-0.0229049230000078,0.0420878977465737,0.0382793429791462,0.0103943452567656,-0.0378231725818076,-0.0333207965543187,0.0129514053111685
0.0045287182573128,0.00188760853987248,0.11902272402629,-0.0300068033312084,0.03873410451862,0.0389381074410786,0.0145265205019051,-0.038050857198511,-0.0371252162532468,0.00769363248624814
-0.00669077274733544,0.0289150803819797,0.144384284260732,-0.0292240564557617,0.0418179215721274,0.0153501986472934,0.0399886882464189,-0.0433423774116591,-0.0348807321115013,-0.00736091751561257
-0.00402817162566407,0.0431688672617842,0.118290390023652,-0.0210856152912715,0.0208242584182567,0.00730260919159184,0.0607874464045385,-0.042392550770351,-0.0409302500132219,-0.0182064898063104
-0.00809003049260255,0.0559208068135223,0.121377731579761,-0.0229280269607872,0.0168567554484748,-0.0041168260808193,0.0748696184504486,-0.0452295287216661,-0.0385307134791839,-0.0202821731148176
0.00935244168877664,0.0554678290687048,0.0768937791094074,-0.00379406984096998,-0.0179727713998884,0.020822796825749,0.075349725897042,-0.0302985174208039,-0.0403910601545258,-0.00230893019458499
0.0213069369023593,0.0519013797730082,0.0437093080008776,0.00765379018983311,-0.0346121031603871,0.033463634114486,0.074751484961582,-0.022139857852321,-0.0405425037244387,0.00614689193416889
0.0301015045780423,0.0397675897955855,0.0273452671540697,0.026613498609745,-0.0536021867916506,0.0428374021466209,0.0729680197826603,-0.0125232438605374,-0.0483022362103997,0.00904417064819238
0.0360115075414037,0.052012869501644,-0.0234723675903717,0.0245209421358687,-0.0565034822129944,0.0318186962124194,0.0921183964829402,-0.0132349346264315,-0.0417366523606087,-0.00245452410353243
0.0294427613795231,0.0361379682630124,-0.027233601816229,0.0271375641281147,-0.0702352984253634,0.0277896805718008,0.086920121445448,-0.0052602893484059,-0.0640799815648921,-0.0171390774681716
-0.0798064044024478,-0.0403382723631713,-0.0150880794952934,-0.0153987279006692,0.0239860739679775,-0.00486287370732816,0.0214328193444402,-0.0181382087881794,-0.0228609834237424,-0.0670551893404418
-0.0596745850535647,-0.0731294322149048,-0.0360256304995061,-0.0206923737836658,0.0102268647076568,-0.0161589166401767,0.0191076602509358,-0.0127575436295594,-0.0170362660926914,-0.0559344276187143
-0.0451158361167902,-0.0997047697216459,-0.0632819358448582,-0.0206221682200721,-0.00491822406477779,-0.0260185282482566,0.0243464378030503,-0.0064254620131565,-0.00715001834744729,-0.0507007112957258
-0.0235473332044715,-0.111179522927476,-0.0711647570884181,-0.0281835353216249,-0.00734142204422076,-0.021616356725985,0.0138082979316427,-0.0110929577565659,-0.00864575259646524,-0.0441325157813714
-0.00719860243249151,-0.148881321898415,-0.0408248930477646,-0.0141988121638429,-0.0142531444501132,-0.00393911521089815,0.000401225303979426,-0.0044715788424196,-0.0104628625528304,-0.012313514121679
0.00747293427804518,-0.161117846726053,0.0066259160194308,-0.00631954971905837,-0.00108548081754558,0.0163706076282173,-0.0112819574181253,-0.00346648138954222,-0.0190263743798315,0.00872167882111676
0.0179589555158177,-0.139097682553974,0.0267692336768095,-0.00565324934993193,0.0128910020043898,0.0279739496882868,-0.00256720857248941,-0.00771229533667209,-0.0129287160668817,0.0139949227809944
0.03685940115259,-0.146173271795454,0.0411489677178309,0.00623737768098773,0.0122166686323245,0.0408376257458177,-0.00637393197001101,-0.00192708794872307,-0.0180512604255163,0.0208057695714139
0.0509824457763638,-0.136491247789949,0.0470955801253609,0.0139136696411991,0.0103649346635231,0.0528027090322579,-0.00967450940155139,-0.00285481123774363,-0.0201669211197331,0.0257793661221783
0.0469876717304265,-0.113824229902563,0.0689780772124201,0.00820764759409446,0.0121944569060498,0.0548738401964782,-0.0153238602945575,-0.00925644991005639,-0.0216897910580786,0.0233542403908205
0.0237274596404448,-0.0657588083876667,0.108144597358892,-0.00671463257119743,0.0308795946013203,0.0447827905371882,-0.013667082497584,-0.0195740640714949,-0.0168788476992924,0.0143155747279472
0.0127388221087912,-0.0215699645316787,0.139129089654392,-0.0172192826315003,0.03734420020438,0.04798236449033,-0.0178934074933116,-0.0293077679955149,-0.0226171193676385,0.00579116496533693
0.00594091891535307,0.00651738429684948,0.140394983256449,-0.0226795278452429,0.0299711478651776,0.0519995876627187,-0.012089395452535,-0.0324335062056742,-0.0343126803390424,-0.000593342308403053
-0.00707150867069753,0.0352800747154661,0.167307160031308,-0.0249649353790379,0.0350902222051211,0.033448656299454,0.00476207450215922,-0.039385133031658,-0.0346140077124896,-0.0207927633149402
-0.00271559433662151,0.0410984511102703,0.145196698819146,-0.0172742838176707,0.00376588308904117,0.0176805913186358,0.0305794029967465,-0.0401036181637789,-0.047588977450426,-0.0258703238160681
-0.00327559804891243,0.0451006950360248,0.128747911585239,-0.00263115457717282,-0.0147380356917749,0.0181626240398217,0.0450097525994348,-0.0320190850392691,-0.0442627575813532,-0.0202405908956613
0.00645805142277305,0.03550130359429,0.090769454232152,0.00703422420068458,-0.0412968768263243,0.0301186405179277,0.0467405890237287,-0.0220871711314093,-0.0467023016885954,-0.00337617037063119
0.0191947911016239,0.0330393604946721,0.0615217550094176,0.0142244366704074,-0.0659692269154025,0.040575103065894,0.0448570255271462,-0.0139176008138481,-0.0508264481746608,0.00467125326862875
0.0288266738730801,0.0141251036447787,0.0478796123197293,0.0182288411445371,-0.0777850011470321,0.0406079002163605,0.0409049702918632,-0.00813322899571094,-0.0618131168914406,0.00646966570188862
0.0329050689227569,0.00973577409880238,0.0374182658140888,0.026398339697993,-0.0871047474184359,0.0423699714817558,0.0409174178555596,-0.00127740790116134,-0.0686324234998773,0.00228719314078058
0.0311823633084912,0.00801961777713748,0.0295595435235401,0.0259335590694176,-0.0954748596375406,0.0425025169675113,0.0422043163381299,0.00241411645332346,-0.0755085802081939,-0.0026234434503599
-0.0521047675154723,-0.0310286115958902,0.00486172392744129,-0.0172660514575683,0.0239040593882739,-0.00162427965919056,0.015458763930771,-0.0132480992306298,-0.0519839700532001,-0.116077269158769
-0.030898070276437,-0.0755768595119927,-0.0260571627188653,-0.0105897950226286,0.0011265469487961,-0.0108864518784324,0.0116695118429183,-0.0061170980259307,-0.0303480860237294,-0.101659937516997
-0.0227993348866771,-0.0924664566812772,-0.0424723470300401,-0.0143147183417815,-0.00799926977408773,-0.0180506860924192,0.015916632268486,-0.00440985694152939,-0.0208007612072076,-0.0886650623113689
-0.0082392765462522,-0.0977552456017211,-0.0490145579559548,-0.0191354762457383,-0.00839113457228667,-0.0137928626093819,0.0105164406507681,-0.00771635875269891,-0.013393545532421,-0.0780191218508844
-0.00122226758241532,-0.136834847492267,-0.0219282490153378,-0.0068477994594513,-0.0153722923821009,-0.00183113035870281,-0.000529947250607832,0.000972481347917251,-0.0115874378816832,-0.0455728765686823
0.0063368701115722,-0.137715492579431,0.0124975601846959,-0.00465333805376757,-0.00595690747589058,0.0102185764785561,-0.00124183863802728,-0.00218642197792244,-0.00777237370271991,-0.0213694956920145
0.0108112706737385,-0.131735165987385,0.0410644621560465,-0.000100039895938674,0.00812658341438813,0.0251924826069511,0.000398513563085365,-0.00136055095049494,0.00321825344330114,0.00530846456528391
0.0179823465971015,-0.128571038626341,0.0542516473123691,0.00505227824096224,0.0104714939922582,0.0299080886867484,0.00124110201869232,0.00463920892546893,0.00999545272759064,0.017362668451322
0.022719168523001,-0.112164322312153,0.0671280828297832,0.00396803421502241,0.00994615068834661,0.0379278194095645,-0.00811196291730219,0.00479640655179247,0.00953677626599021,0.0187239353606409
0.0162296406166093,-0.0914882774714057,0.089335100892353,0.00482904896560082,0.0158760328662953,0.0435184552491864,-0.0150165716563405,0.000172129509143285,0.0153812932323989,0.0181286635270023
0.00981978478537495,-0.0555840517870178,0.121253830538013,0.00134053352727911,0.0264016722436865,0.0477125338088021,-0.0154027101765578,-0.00906677726226947,0.0131778571629482,0.0186626289064687
-0.00267676523371429,-0.0212672641219596,0.153170702052682,-0.0127792812357841,0.0355085244625836,0.0514124770005277,-0.0310696266819899,-0.0180198693580252,0.0107176591163325,0.016549632067713
-0.00062379616480925,-0.00205147541694583,0.160075136608189,-0.0147485871423363,0.0285079826649643,0.0523075310516166,-0.0295272368215241,-0.0213813889278146,0.000824407597215973,0.0141220509410216
-0.00468234209308101,0.016015986400265,0.161126994272166,-0.0070237385987086,0.0124890972093003,0.0467197551815084,-0.0134663972334059,-0.0220395939775063,-0.0134312007891629,0.000778445628652134
0.00585565036959031,0.0255676432358237,0.131604131308562,-0.00695500436199821,-0.0190654812008244,0.0381935158200365,0.00328132950566075,-0.0262001001154314,-0.0377269241629946,-0.0155075707245987
0.0053086442629285,0.028337867117433,0.116509127444449,0.00330181847435379,-0.0422014118104351,0.0276755663792716,0.0227124672091495,-0.0207823344182084,-0.0440823273638992,-0.0196261594621148
0.0213012310618072,0.0141343062152983,0.0724061909234401,0.0116985419238987,-0.076581674124857,0.0350971096515227,0.0250385307406124,-0.0127526440900945,-0.0492058956928732,-0.00148715437264031
0.0267591206238218,0.012806988886638,0.0513019282911463,0.0154174826188079,-0.0941882267085235,0.0419887688216612,0.025361967185238,-0.00938297743441495,-0.0561996978431106,0.00554044407635443
0.0274426779200681,0.00893519703523197,0.0381744864309316,0.0151209349600153,-0.104520041223463,0.0393656276998641,0.0273487710964491,-0.00578214284607914,-0.0584040630103994,0.00738429076501151
0.0246400204325191,0.0102039773744185,0.0334901529474474,0.0169989011519378,-0.109046658144733,0.0374824985665359,0.0235226021811285,-0.00262571460892896,-0.0654319157158235,0.00138017749363901
0.0246498868962097,0.0121690875526734,0.0310564034065724,0.0159316505012509,-0.115350101051798,0.0391777930037331,0.0225601680951889,-0.00142438975324484,-0.0771385644644211,-0.00367931692137064
-0.0440512264874207,-0.00524076119933285,0.0233143687894239,-0.0129211965936014,0.0174938692093308,0.00542448293579176,0.00349646957664051,-0.00941954599804082,-0.0766447275619052,-0.175870101507504
-0.0214244602268981,-0.0336126282624152,0.00792763745316785,-0.00876365860506317,0.00312639837670853,0.000151657480360246,0.00418593124024969,-0.00530452042380555,-0.0659570676741408,-0.169722409419424
-0.00391715619090341,-0.0610627050676317,-0.0299652503970097,-0.0136145128677262,-0.00977403474360378,-0.00965799563510352,0.00890490675853415,-0.00405494538906209,-0.0320633770763086,-0.138026514542118
0.00896695462847313,-0.0875443231120725,-0.0230506920181882,-0.00699142776411356,-0.0175046662073041,0.000609363288605625,-0.00284156985040772,0.000626218800468706,-0.0196048995723339,-0.110461279635964
0.0127038694960505,-0.11237647755364,-0.0319605200076081,-0.00799307448078976,-0.0200118773773164,-0.00226823100212096,-0.000609723795597448,4.19984194330479e-05,0.00169469455812513,-0.068908779954267
0.010434184079107,-0.117673425338958,0.0240440953154628,0.00086255054419091,-0.00343402747984275,0.0185500423293656,-0.00463493973508482,0.000599880590294175,0.00787207758477487,-0.0277870615743593
0.013231025601849,-0.115314776943069,0.0390562501971957,0.011120880470174,0.00857586000457976,0.028422401920519,0.0025871526930425,0.0016897025602131,0.0275454518489725,-0.00676102211759121
0.0176446706878038,-0.111998215621951,0.0493899835512,0.00668461582950576,0.0094785095563336,0.0292291879369625,-0.00143182885497979,0.00288673344173872,0.0344895314145582,0.00903706693939895
0.0165745825765719,-0.104115514171085,0.0615087585358656,0.0109150338895261,0.00707106608013793,0.0365914520337713,-0.00202399897979137,0.00938647272516154,0.0428800051125344,0.0223940034940337
0.00471535090579739,-0.075686104375683,0.0956991787224117,0.0185034264378857,0.0213294169848782,0.0463455589276038,-0.00413510375820023,0.00785400564491838,0.0563579016172176,0.0279094245956412
-0.0114937003671757,-0.0425247340687441,0.127144169810327,0.0137995449436433,0.0284641685026514,0.0494093551726037,-0.0117254045246587,0.00458177578509232,0.0613125963180805,0.0312940676939852
-0.0217723733516224,-0.0217854634287023,0.150374964168213,0.00960221173196722,0.0279104099725529,0.0540119225058632,-0.0232723312080009,3.8590598578938e-05,0.0559089675544503,0.0346177542422358
-0.0212441900861672,-0.000547036165606384,0.151248179524671,-0.00658252807533527,0.0197959047922404,0.0498790723649646,-0.021874776857369,-0.00570159155570734,0.0459999688332259,0.0350442110361337
-0.0202971388060128,0.0155233931999976,0.140802424226362,-0.0149751428987795,-0.00869872060114212,0.0316963416412663,-0.0140598893157017,-0.0157837853904768,0.0182924755365449,0.0143446877786794
-0.00930941948268542,0.0177907055423276,0.114129733547788,-0.0141815060639831,-0.0393626791287557,0.0258024521065815,-0.00256671939871612,-0.0162821732123053,-0.00311748639489459,0.00167420278563604
0.00110625107014609,0.021977671432657,0.0867637958850117,-0.00184681720106135,-0.0717198319403466,0.027054468422425,0.0101836979581993,-0.0127424625647549,-0.0229659901911292,-0.00537619593922543
0.0125241556992549,0.012688783139677,0.056048580364873,-9.06756449505662e-05,-0.104648536136399,0.0224426998727047,0.0126427904100789,-0.0123101865690611,-0.0316175727178315,0.00426812731406533
0.0174134213266799,0.00857666518853465,0.0375561692243108,0.00942924488487427,-0.124243923002835,0.0283045119839844,0.012535044777177,-0.0095190755850868,-0.0447529980780057,0.00807707497535616
0.020002655799458,0.00396095904220771,0.0283525997667603,0.00344252481106992,-0.132254375960867,0.0220988638640087,0.0114832351884723,-0.0100097961629679,-0.0482732819447796,0.0058897294836974
0.015098154092041,0.0120912274676139,0.026960835247731,0.00162161523912206,-0.135948146152099,0.022129637300443,0.00802120979212134,-0.0069605869791487,-0.0560055777744923,1.94949720287523e-06
0.0184857368233204,0.0148882218248834,0.0264766543401283,-0.00335965857523489,-0.135639020334085,0.025727748609228,0.0031338973581598,-0.00912616046806331,-0.0622735733506682,0.000661543095036467
-0.0332582149942777,0.00939613597865522,0.0292837110257096,-0.00647346686804138,0.0144070845698576,0.0080264985888472,-0.00326564493046099,-0.00551323683386223,-0.0631477194107503,-0.199286368206661
-0.0231216207965061,-0.0122787678539533,0.0208535348922214,-0.00589168483766761,0.00312501360726406,0.0055520439074106,-0.00588265262083252,-0.00293216327852292,-0.0574276922211116,-0.182286256912822
-0.00203073276685173,-0.0276055586065782,0.00791783837185006,-0.0106404760894191,-0.00211490928493024,0.00814460673147386,-0.00692829148579084,-0.00465306203308879,-0.039552869211236,-0.163236116079493
0.0091216791279107,-0.0416160637709948,-0.00248740718374666,-0.000940478981364212,-0.0035103357922233,0.0131597997202042,-0.00710279100813323,-0.00172636480472196,-0.0162175345003934,-0.142318959063458
0.010293790855355,-0.0617429896290743,-0.00690952233165176,-0.000197807715340625,-0.0022812633965524,0.0113561369362444,0.00181846959987032,-0.00184087309761867,0.00965917734094805,-0.0929432852653014
0.0115328109724826,-0.0733278372670561,0.00205986761982923,-0.00146559389527909,0.00777690608446244,0.0128305773132519,0.00823450905285223,-0.0040115507498039,0.0397604577816657,-0.0491863580987872
0.0138630237292702,-0.0743360556119113,0.00754606617781934,-0.000400892148423082,0.014331335977857,0.0145031494291889,0.0132779543444414,-0.0037402282263807,0.0584035827312054,-0.0258882872039021
0.0143886550026681,-0.0861933517675449,0.0348629915999201,0.0111353319142676,0.0153107751897711,0.0223517996477945,0.0101006160669956,0.00685553710166011,0.0788002421771777,0.00701529443834887
0.0117561012338724,-0.0788154797320017,0.0535931224115118,0.0150038161341209,0.0116199997906361,0.0288528844453557,0.00589871232558795,0.0101305156347465,0.0843312401086103,0.0189929298524697
0.00163807610217841,-0.0564304312673049,0.0777799137187834,0.0216019107332997,0.0215305954178107,0.0380467295445281,0.00320352514097731,0.0111479788765036,0.103894817407687,0.0316036362321224
-0.0110894463978588,-0.0404468699854123,0.0989612947464976,0.0172717911718283,0.0216800745751521,0.0429601566657388,-0.00879090743877165,0.0106309893288278,0.109936854125561,0.0455149986645352
-0.0194849865719202,-0.0249846124747362,0.116749482715075,0.00334243909042743,0.010849600887868,0.0386253461474015,-0.0205653574611545,0.0041008591750479,0.0907994456900348,0.0403957428680913
-0.018618926257087,-0.002294474353468,0.114555998733688,-0.0189024005174103,-0.0112056840661404,0.0232245490111574,-0.0244687497943723,-0.00774049414429127,0.0717207562489219,0.033709934135011
-0.0237742110462695,0.0132009678387343,0.101532583049064,-0.0236266927453616,-0.0365286521676473,0.0153244191461168,-0.0221027488349371,-0.00873696730480411,0.0545674127219778,0.024121483536529
-0.0143018682509456,0.0120553940771048,0.0750023466957635,-0.0166535623806558,-0.0672495755186656,0.0136877066592915,-0.00867070212910851,-0.0102252216363027,0.0308745214887086,0.0188137293040256
0.00143310462957642,0.019817584969038,0.0513090918071501,-0.0116888279859131,-0.0948978062608275,0.0136075588030667,0.000855691698547396,-0.0129968895920485,0.00997676212588001,0.0107674701447584
0.00710849402827094,0.0114027878580201,0.0298395851499651,-0.00346684004148716,-0.123796571716571,0.0159083102502807,0.00101934385328633,-0.00875061430811131,-0.00611023356261477,0.0159376496477061
0.0105845021790218,-0.000315340737800154,0.0128542580275178,0.00169055550273646,-0.148758480243399,0.0170645511188503,0.00449847772066541,-0.00609420883281048,-0.0263768529168944,0.0159482465690867
0.0117085773505206,-0.00181792654150603,0.0020640110868465,-0.00249586696733795,-0.16187776210857,0.0118612426178394,0.000127977878731406,-0.00794638027027643,-0.0376644548886855,0.00786213681262827
0.0150766456478085,0.00181088228218083,-0.00161335422771764,-0.00833556746133674,-0.168308599454419,0.0107362738767371,-0.00585785976815272,-0.00890218498589799,-0.0460797426283151,0.00319168887734032
0.0170576831906776,0.00683275000280342,0.00340358549408544,-0.00960428992860948,-0.162602234397748,0.0117859122964814,-0.00566962278146386,-0.00917936874172548,-0.0524770685336981,4.32657541524942e-05
-0.0174781046377535,0.0198973577797051,0.00639063039385335,-0.000626778189236172,-0.000106004112309697,0.0111587171244793,-0.0104838673477148,0.00049032060246638,-0.0480262474931448,-0.221427959227193
-0.0123152346810285,0.00805324406979105,0.00686022364579537,-0.00130298376111648,-0.00362765265005912,0.00529719983695269,-0.00892401433741049,0.003452531417292,-0.0404178188625907,-0.211383934638968
0.00734103379407486,-0.011458062748142,-0.0205782941088133,-0.00624078455988224,-0.000190093612841183,0.00559637329754244,-0.00952067714094244,-0.00172544299733407,-0.00159977096513915,-0.181273681334398
0.0174793208604713,-0.0187077397634121,-0.0373373305222068,-0.00382597410013508,-0.00338890319384264,0.00922073274958468,-0.00622220282316005,-0.00143605665084744,0.0170798894717479,-0.158193385528103
0.0183930726065084,-0.042059023390318,-0.0479254446041908,0.00763341095221242,-0.00624403806898212,0.00988550268971078,0.00893359818850056,3.98276857608865e-06,0.0485468566103904,-0.0971813550958987
0.0166117179841172,-0.0447831576481503,-0.0335146647093257,-0.00112870326932559,0.00594731395547806,0.00426899998107973,0.0125037190676669,-0.00283037712314945,0.0734126700016756,-0.0666391970946538
0.011322529761534,-0.0340068353633078,-0.0124722082246067,-0.00380750566731794,0.0220277332636236,0.00274311054478079,0.0231706743178275,-0.00491418039131223,0.0933650747231595,-0.0465609441668606
0.00902561872254286,-0.0309822013340623,-0.00837443200744491,-0.00240997799471925,0.0234169618924506,0.0011656300686622,0.0213783335537957,-0.00270540926646586,0.11713698076966,-0.0224467659241012
0.00606840257832182,-0.0451503634808707,0.0275821337828732,0.0140887701131713,0.0118161142484732,0.0155390257403577,0.00945837908968418,0.00844917894268842,0.135244692825262,0.0162485975116468
0.00127782325920002,-0.0448825492224317,0.0514450976871313,0.0135892665287861,0.00782658422995763,0.0244402231325092,-0.00156884260291408,0.0106696421853377,0.142556684558251,0.0377775807667771
-0.00656554724189907,-0.0321853523834112,0.0647935276117867,0.00882511595137382,0.00876456584794412,0.0230113651770855,-0.00977298009319484,0.00873071489762711,0.159589645323201,0.0548051296996641
-0.0120012019303476,-0.0161804961144957,0.0801491922559328,-0.00226705010028397,-0.00287950988997613,0.0219819713641105,-0.0198776565412808,0.0015619664261844,0.136003343727751,0.0450650334997009
-0.0110745809310622,0.00175136064632618,0.0779469868951545,-0.0152632223860183,-0.0282801919140491,0.0137192093421063,-0.0244801187639428,-0.00636846101513362,0.109044672003045,0.037406128920398
-0.0117028485890712,0.0206915772606986,0.0724657699824916,-0.0273347557596349,-0.0500437378646486,0.00763893821766066,-0.0296182260979217,-0.0142197447523528,0.0865858802702014,0.0300342047922415
-0.000736315603209964,0.0260747987960541,0.0484283608422422,-0.0292344253294933,-0.0805376874578418,0.00378348594129836,-0.0193063376124564,-0.015564851369164,0.0656451153755955,0.0297583264898892
0.00284555183852615,0.0151790978092804,0.0160872530859381,-0.0175654298404525,-0.114212206588076,0.000425956431630085,-0.00605815968768327,-0.0137900608946317,0.045418592690187,0.0257130795314679
-0.00379631678362783,0.0140219610730564,0.00168849899548347,-0.01187905316851,-0.139572631898965,-0.000584575439754697,-0.00105225447276169,-0.0106969945393906,0.0225847583886467,0.0247519513032276
0.00203051652807633,-0.0038476096627686,-0.0108802512264188,-0.00637149392873935,-0.159826395579189,0.00292685800108363,-0.00243478541370737,-0.00725073257946793,0.0021119018315997,0.0225826264051326
0.00286285604376852,-0.00125352846921857,-0.0154022981794333,-0.00814928202460238,-0.176026636880004,-0.000245028469749972,-0.00504535288241486,-0.00828582035454748,-0.0165326813570595,0.0129974582495888
0.00742136755319967,0.000121402070918824,-0.0207471882334105,-0.00740064612750257,-0.184058533835342,-0.000541902912361103,-0.00761239593393958,-0.00853158828845927,-0.0230103932660441,0.00885906068010283
0.00927242578600114,0.00639986923995619,-0.0163628521360903,-0.0159376601862456,-0.182359475042886,0.00141850182475674,-0.0185639990558553,-0.0108989778248793,-0.0269319304599726,0.00475576426998186
0.0102081866688528,0.0418056849355512,0.000835328922514615,-0.00969107233126382,0.0136996414690564,0.0126727800721099,-0.0236961430367856,-0.00401618300965119,-0.0123075768482791,-0.23274265067952
0.0136708352598384,0.0387091574393076,0.00441684655588602,-0.00685656366599409,0.0125529547642813,0.0133570489204758,-0.0213548934305069,-0.00440727677889756,0.000920962500841245,-0.225959635547802
0.0269123416194078,0.0311091834716684,-0.011393985017764,-0.00849429478029074,0.0186660107577733,0.0103157636450031,-0.0145855919056763,-0.00751684109286741,0.0288811159885815,-0.202365651181897
0.0367874220419367,0.0266595399855426,-0.0219236499206992,-0.000152087616736539,0.0210483993042764,0.0170053229964903,-0.00296634019230272,-0.00950913426745829,0.0454209315170915,-0.180137964862395
0.0316026657005405,0.00656150883905107,-0.0296480447108311,0.00661236360351515,0.0152040096959576,0.0176989273461528,0.00332326976764017,-0.00568853481455504,0.071106550641569,-0.123903337349393
0.0361801696645904,0.00191464142859729,-0.0319813586937928,0.0030316858420102,0.025689053912772,0.0125712667485896,0.0127718811566591,-0.00690050579530764,0.105701901755283,-0.091563999904574
0.0303860511894573,-0.00259320381196305,-0.0292552057313227,-0.00698719437506618,0.0307727819232338,-0.000680142154205063,0.0228549690758669,-0.010580744523714,0.132460520242011,-0.0594518829867392
0.019916547564822,0.0014707569247263,-0.0246707846229119,-0.00288643995563639,0.0262544779950393,-0.00150954288736235,0.021388051638916,-0.00682098414347548,0.152112471012864,-0.0421777829881245
0.0175995847371661,0.0108015481377264,-0.0255135822499039,0.00374149918159598,0.0265284649443775,0.0022353757254633,0.0255493226554189,-0.00451815501207513,0.181180273414146,-0.0244479508537005
0.0090222821870518,-0.0155964030857281,-0.000370955354185519,0.00923953177999543,0.00269463609567871,0.00613461804384129,0.0136124073993527,0.00199452970991994,0.182277483523999,0.0238336806835972
0.00822074642283951,-0.0141544875508115,0.0168321256664974,0.00767404731543719,-0.00761009002865894,0.010829739064754,0.000369624184186319,0.00324176597899817,0.181861024160019,0.0404723766394512
-0.00442935971514571,-0.000311337534911096,0.0378148720059587,0.000482485228396757,-0.0105434853631173,0.00941776176338182,-0.0118966643157645,0.000545811201390327,0.177427768412291,0.0433559256306124
-0.0094640342936138,0.0201399224730357,0.0440427357976833,-0.0131075304019627,-0.0313758009531591,0.00672575664733599,-0.0256770709977059,-0.00710838181428297,0.158982698150102,0.0433047861405944
-0.000663492370458853,0.037158523555963,0.0229457993730939,-0.0244357837150342,-0.0581601996386778,-3.52854382506323e-05,-0.0240548506856551,-0.0165335654928452,0.11757400486618,0.0203919543647564
-0.00304764107164287,0.0449661841653434,-0.0023095216416302,-0.0338164730011324,-0.0859470132741941,-0.0122475320584346,-0.0122146220382371,-0.0223970722649103,0.0955175896246456,0.0159429070806997
-0.00352940739659508,0.0328572816012496,-0.0259440424835274,-0.0281432853147629,-0.107789631211962,-0.0160293447558828,-0.00278438884913344,-0.0220581266272226,0.0769610043224212,0.0136021330917133
-0.00732124927884045,0.0344059880023857,-0.038493017779872,-0.028424279563742,-0.131579528406063,-0.0173685417210444,0.000282092590604096,-0.0224210515190808,0.0539662805774159,0.013417779057686
-0.00472535989378362,0.0259537286144069,-0.0495221565175765,-0.0219776267865357,-0.147107456676507,-0.0155709971075942,0.00164850557082372,-0.0189999686742602,0.0373554631652863,0.0112130192524719
-0.00291196716380934,0.0223059072297275,-0.0568881266702186,-0.0199794790026617,-0.167748747388365,-0.0156175886447008,0.00408326443726996,-0.017384359474557,0.0191433951481228,0.0074618400767019
0.00491348974216939,0.00484882382937386,-0.0433890583385779,-0.0140239297995372,-0.181185096081259,-0.00958731116960208,-0.00703666272422854,-0.0100163459633576,0.00267803342713131,0.00663339360049837
0.00189046386665879,0.0163654760757819,-0.03497998072934,-0.0173393397804549,-0.180615839437399,-0.00702273387868915,-0.0151373934907408,-0.0116499272876714,-0.005482573684616,-0.00113330933006464
0.0130292316150116,0.0589195954914567,-0.00151113669797861,-0.0107066635658465,0.00972810513990414,0.0182227246573326,-0.0255077624655926,-0.0108671599057442,0.0030968737636147,-0.221972428181997
0.0132214024566615,0.0573310938208137,0.00341994230544922,-0.00884218757493523,0.0103743761400718,0.0149082667383491,-0.0223605193724328,-0.00977903017771066,0.0175533141037772,-0.21681471114945
0.0277869634301964,0.0433501815216154,-0.0145565548113945,-0.00828626489306896,0.0170314332689767,0.0124100324233744,-0.0111431278874489,-0.0139253236425651,0.0573438904724485,-0.170604251006057
0.0330775139862501,0.0393040383325924,-0.0296814961653371,0.000728110936451943,0.0117894305527549,0.0154674604440975,4.74986072383759e-05,-0.0118266868326113,0.068530007030187,-0.151607235319564
0.0412266106420475,0.0361094522038499,-0.0363351014301353,0.00675579831936886,0.020620069496831,0.0215147706467448,0.0118930080350352,-0.0120650254630846,0.0994130235023419,-0.122822822094158
0.0406838838559612,0.0210816608082934,-0.0441704676568685,0.00168828637096931,0.025087981822626,0.0141203739978535,0.0169515961695403,-0.0122233163114804,0.131881744620731,-0.0845721287750981
0.0294266278949574,0.0208656271775323,-0.0477794043727024,-0.0113659459195791,0.0275776234676619,-0.00272963773948303,0.0240606388635573,-0.0158332009221814,0.1553629754415,-0.0604851687865861
0.0327230579696992,0.0282371114024223,-0.0512087585591439,-0.00555223535652244,0.021362958142325,-0.000575184077852727,0.0252784648924046,-0.0149514363672397,0.171587903312744,-0.0495079910086275
0.0327696349803248,0.0318596113271606,-0.0379268905153023,0.00389491006176516,0.0208105500256723,0.0026003419740909,0.0263832330435579,-0.013267596323301,0.192413475050421,-0.035503814906027
0.022822969726587,0.0300164497087238,-0.0371875286097334,0.00194920584396133,0.00242756489701065,-0.00294535420248511,0.0233207381856283,-0.0132651469007206,0.188619590701749,-0.0191448714871086
0.0158163572874514,0.0218469441391265,-0.014517147549541,0.00554569580019241,-0.0035327011216525,0.00615944528873636,0.00702096662049308,-0.00952082056970546,0.18640902402148,0.00449809896228336
0.00629729318527066,0.0351656461876049,0.00291723725317196,-0.0047012211279617,0.0017428730671191,0.0032275325393345,-0.00743471332233085,-0.0103618083879129,0.200599643816674,0.0194959857175696
0.00235789805519243,0.0477211203765215,0.00556600942228672,-0.019637808024707,-0.0174024620808723,-0.00189943723183733,-0.0183944171674657,-0.0169833837732337,0.183055747154775,0.0188426725992835
0.00414758169401465,0.0526724435774366,-0.0106377412944888,-0.0259253401903128,-0.0512018706932161,-0.00736620933728475,-0.0180780382279393,-0.0207768853700205,0.142852402069944,0.00180104583568253
0.000170740894291494,0.0597977114045757,-0.026900766537998,-0.0385333331099006,-0.0755356515841449,-0.0194154280597195,-0.0123153445991757,-0.0258884674589407,0.116813803173006,-0.00184300895021728
-0.008121874284183,0.0491786559787533,-0.0512369421317269,-0.036554073365341,-0.103838182192584,-0.0257827179152861,-0.00228361456761782,-0.0274107337455554,0.101683067787658,0.00286771255868066
-0.0114569913752978,0.046042390090398,-0.0706265300633694,-0.0400639840802474,-0.134676471252195,-0.0312683764336567,-0.00351810350102181,-0.027797503512818,0.0840810221721195,0.0136787122469882
-0.00559523320975083,0.0332085972098992,-0.0801884422118842,-0.0321238649812974,-0.154182226570525,-0.0261879793542024,-0.00087479907587993,-0.0262575421862523,0.0563752492034511,0.0103704864802588
0.00131245773195404,0.0191844824134657,-0.0872646427151969,-0.0258599806012615,-0.164684864004272,-0.0235568471749801,0.00211451638209784,-0.0215335898982652,0.0440696367970699,0.0113583176384673
0.010377145141442,-0.00703921163711112,-0.052236541449898,-0.0186669012141683,-0.185506610110987,-0.0146636469675832,-0.0167144676382022,-0.0133367785921599,0.0176216047331642,0.0145460948184691
0.00747450724268434,-0.00131658880459727,-0.0399119368559166,-0.024166911217146,-0.18885809694697,-0.0136048259542952,-0.0262899805128977,-0.0114819663147473,0.00603060755775366,0.00963756451207077
