-0.000680030670952753,0.025638018176288,0.00432224759127732,0.0646081933671252,0.0370399117889195,0.00441504475559752,-0.00130126231853555,0.205922175957449,5.17433649597503e-05,0.00722464180023292,-0.0275160913619488,-0.0118161923995906
0.000212451430078038,0.0226062915935926,0.00144424232958718,0.061911747305624,0.0279396976875646,0.00139303735390799,-0.00543957191680006,0.230315811061159,-0.011378371954866,-0.00233764497826877,-0.0186344541991181,-0.00604229190214119
0.000433207626211097,0.0305947924332751,-0.00205746074086327,0.0439553230731154,0.0164395235058338,-0.00951850303916938,-0.00340852389642812,0.242713103545439,-0.0256003357995019,-0.0189876716469683,-0.0148181520226565,0.00821798435764724
-0.000661802838955745,0.0422140759671632,-0.00135767344627804,0.0254280465039224,0.0176419208623232,-0.0131450221884755,-0.00308658874032086,0.226545019789215,-0.0333332540089872,-0.028714430186793,-0.00989323022947017,0.0184371200255501
-0.00513941402560725,0.063746433636743,-0.00393568253177063,0.00665595084343317,0.016464708641465,-0.0086357429520349,-0.00422613139958534,0.204496777975615,-0.0398848701826322,-0.0335313162648103,-0.00287712101189631,0.0252550137525244
-0.00672826078830333,0.14957427054087,-0.00715080509860692,0.0102163511763807,-0.00977144401292328,-0.00688853142771791,-0.00961570067166286,0.159959019230844,-0.0343719478218781,-0.0365958970890296,0.00182359931744216,0.0333784277903661
-0.00886041969707341,0.178072954218241,-0.0149638233365455,0.00180965544300724,-0.0041807304916206,-0.0107165584298519,-0.0106750671069961,0.123652031083241,-0.0244273872636246,-0.0408017027007156,-0.00185794507663609,0.0439825753125971
-0.0135236661093663,0.200016267295576,-0.0205326022004966,-0.000644778737025356,-0.00127458230359557,-0.0169773847038819,-0.0133995739812392,0.0921030890618861,-0.0192911928258396,-0.0396650901017579,0.00150735452122108,0.0492470014666944
-0.01342888936103,0.217476273552067,-0.0119270449361581,0.00984219264392107,0.00262262064632691,-0.00877248531152485,-0.00764050549659233,0.0605688380883164,-0.0118645374290625,-0.0292765054311897,-0.00618522880512313,0.0372388722923873
-0.0179107954082145,0.216066789638423,-0.00769081352449191,0.0174745212201608,0.0222662485530308,0.00766012360279054,-0.0103646535200535,0.020637882458359,0.00550042304076203,-0.00133235257138978,-0.0100131979176176,0.0172675498698393
-0.0192835812574905,0.21472129134068,-0.00650879768375,0.0325871118039126,0.0320967487728404,0.010626113346063,-0.0114797483058366,0.00504100748743114,0.012970322676175,0.0128430262875456,-0.0185273376098376,0.000833581502976783
-0.0205074045144597,0.209013102766828,-0.00695132339527161,0.0441765630551762,0.0508426413754023,0.00958415080385498,-0.0173287297717235,-0.00648877126110228,0.011652258966204,0.0144918840776606,-0.0191801487483717,-0.00944506238477685
-0.0210589360063474,0.194633575734325,-0.00101965034581822,0.0493792698664085,0.0817686090774395,0.0139523557320692,-0.0105886931277054,-0.0114861962481698,0.0134461117507913,0.00552324284075095,-0.0210812551189947,-0.00774610831908389
-0.0178643757159149,0.146892581224534,0.00870155397742639,0.045188662052746,0.12404567433334,0.0191056172971814,-0.00634798716094607,0.00104887547513424,0.00544358940549902,-0.00406756741539409,-0.0209150908087129,-0.00896143225893339
-0.0179336565012998,0.0865494944219518,0.0151279845781685,0.0400345708377881,0.169708295022414,0.015014835676415,0.000492825643960602,0.016633327573389,-0.00758704503141891,-0.0153412196078102,-0.021800513738631,-0.004374070953696
-0.0182659001779495,0.0621980192703916,0.0199507045338935,0.0330322491245461,0.199084601227024,0.023748048615518,0.00779082260108235,0.0192802078768656,-0.0126063794147186,-0.0296342086753774,-0.0249854298409588,0.00282852127190717
-0.0200836489394332,0.0415513317929987,0.0206472361561593,0.0242329720580367,0.223917426083227,0.0287272360427119,0.0189639286103052,0.0270740356124601,-0.0129515280353133,-0.0389513848033741,-0.0285671431829194,0.0144889228112572
-0.020451085939521,0.0266763448648502,0.0195661768605745,0.024195914920303,0.237243473011416,0.0286954014170783,0.0235539079806889,0.0379768218931366,-0.0178196852367445,-0.0439305327269067,-0.0308217304662255,0.0190088088371681
-0.0201545019189827,0.0207201502737219,0.0155495183799867,0.0173362851200497,0.236537801255954,0.0309251796782902,0.0270929385633221,0.0457906846707718,-0.0164862961718472,-0.0474528199882362,-0.032002325684082,0.0208822312849107
0.00558530614429308,-0.0164625280276453,0.0146454013480316,0.0443561873011359,0.0103830625612372,0.00279371458351878,-0.0110295244475174,0.192373156842419,0.00692270382243404,0.0463956124258368,-0.0182699411577759,-0.035041915250559
0.00852859817604544,-0.0171696854646503,0.0138442864841758,0.03650730747289,0.0010164109875492,-0.00242426032766764,-0.0109555089161997,0.213182740623145,-0.00518157256885973,0.0275244301753247,-0.0132423161362788,-0.0251421479014338
0.00726379243455551,-0.0148786888976964,0.0140174527772818,0.0142157772313533,-0.00312387622170077,-0.00588423955430749,-0.0087720508214242,0.212494145363574,-0.0157257740075725,0.0178830037120605,-0.00673274500184411,-0.0172812509923334
0.0094925323759233,-0.00207955201365917,0.00956453215238653,-0.010096645348643,-0.01438011245959,-0.0137771344454246,-0.00600572269427348,0.210801286446784,-0.0295349002987369,-0.00245564885949644,-0.00528571361428213,0.000373946678256323
0.00251507324423474,0.0242580670118691,0.00527740706401356,-0.0378536748494972,-0.0155147212050465,-0.0160606847210538,-0.00596807081686572,0.183377795709308,-0.0405384070879674,-0.00970236983381297,0.00395665171844202,0.0176844595599484
-0.00437583998675024,0.0897281456629082,0.00153582722612906,-0.0558637183404163,-0.0250526103356115,-0.0124814510856615,-0.00684006694571602,0.132453170052312,-0.0402272579349885,-0.0169321887957717,0.0100890693699893,0.0347369937698704
-0.00203749867268201,0.114657525020124,-0.00438893733084888,-0.0674784222188073,-0.0244301685633467,-0.0218569373965027,-0.00740536877834354,0.098372125134847,-0.0398069221151234,-0.022422812296362,0.00989109717071243,0.0351990474755002
-0.00760747814972802,0.165935274592924,-0.00401055561219369,-0.0579851906144605,-0.030945838419224,-0.0133092639681188,-0.0130943545827745,0.0501415427758605,-0.0285090260081142,-0.00303028979279646,0.0116670352479372,0.0311959475053608
-0.00872374313257314,0.189547728077209,-0.00534660381513502,-0.0389784393237545,-0.0295204407409373,-0.0114686442030433,-0.0177524934015167,0.0165015510278578,-0.0136730455422852,0.00757532523405302,0.00526299927834613,0.0211223627651045
-0.0121539735915614,0.19546271580362,0.00084481733276837,-0.0247294276276876,-0.0184816816929363,0.000311835794400987,-0.0172676970059138,-0.0247860618468597,0.00179272131464118,0.0369646001755041,0.000610439654935852,-0.00430230643749699
-0.0120077217706932,0.200442151621409,0.000824563465330223,0.00977131537246795,-0.00851222844978952,0.00246594378710781,-0.0217195294570164,-0.0388526147118209,0.0117605170615457,0.0456612084728166,-0.00712987312747167,-0.0241176142749421
-0.0122889587167969,0.192191778662958,0.00503060826832781,0.0266185154267859,0.00782163729219703,0.00171453429977186,-0.0284850732750922,-0.0446128659671198,0.0131048221233775,0.0477009906519771,-0.00858819174825263,-0.0331687165612932
-0.0100828230320197,0.157746440435036,0.00725903290364378,0.031167988666269,0.0460590680691146,0.00182152267102544,-0.0188792105472373,-0.0413780022293457,0.0102471462112043,0.0394534402588297,-0.0180013411662411,-0.0415623490993217
-0.00917256991775543,0.135690958116548,0.010553072573398,0.0350282980423877,0.084475267149097,0.00227344104603822,-0.0164242039114458,-0.0409166811298114,0.00410662036080694,0.0297591731564311,-0.0182490651816933,-0.0379756125061323
-0.00886056787837913,0.0574085821643218,0.0207493792588112,0.0252581308407477,0.140411076675735,-0.000650054577649745,-0.00668695731226257,-0.0178974043171411,-0.00715881256203211,0.0168861502219387,-0.0185411908555376,-0.0310679622163544
-0.0106849880408141,0.0237575372046162,0.0194097890583014,0.0143038533743704,0.174988580160014,0.00710161506823957,0.00128679266993336,-0.0134269978705395,-0.0131186257553623,0.00525925966960294,-0.0226367659981347,-0.0240400006169946
-0.00854794823382288,0.000691926270748489,0.0218865671760515,0.00569836722623856,0.204982580749149,0.00962598920017869,0.011590311260703,-0.00752700643292383,-0.016980605138291,-0.00664132620929317,-0.024018824280669,-0.0136855779541337
-0.0123394692835246,-0.0127975110452265,0.0235511289504688,0.00773881681655345,0.218237674011001,0.0121222716706908,0.0119287327027122,0.00355064190750366,-0.0212293669674376,-0.0106626372415785,-0.0198790758373103,-0.00481107043853702
-0.0144967408579007,-0.0195525655029033,0.0205241310539317,0.00253770244830291,0.215075106129986,0.0113155809588557,0.012522963293605,0.0129230929111908,-0.020958603794109,-0.0126871101154946,-0.0173853033896671,0.00546056361312451
-0.00102162385607907,-0.0428113238373273,0.0233806704206515,0.0211885451526698,-0.0120273792060333,0.00293004838413776,-0.0156950841564086,0.164794618601311,0.0252657981599173,0.0781023101820207,-0.0168672525869444,-0.0518616917879594
0.000988533470175782,-0.0475857704741961,0.0213921655941256,0.00530990626837572,-0.0158389421539349,0.000350947582194603,-0.0155533836622671,0.178706622870789,0.0157000239411888,0.0665140247536711,-0.00909798276453666,-0.0414585190629316
0.0051597765465541,-0.0459779819477878,0.0229338346900799,-0.0278432751534239,-0.0198693957401018,-0.00586867926293644,-0.0166248699333025,0.179600162334897,-0.00106546230063624,0.0486834942773579,4.34988780580723e-05,-0.0287214726352927
0.00648110469935642,-0.0338859242368912,0.0186514364141871,-0.0577532737882452,-0.0271591481100867,-0.0132949504926324,-0.0144695412226228,0.16763136409397,-0.0139100826261361,0.0327747815199978,0.00443255999016052,-0.00856345662214921
0.00469202222016748,-0.0210743452763513,0.0130219427682174,-0.137772717021421,-0.0209581063586549,-0.0184765843530684,-0.0105318342074522,0.138004225827695,-0.0460433073215569,0.0118281794194036,0.0221006427362157,0.0217471902506738
-0.00659156252610424,0.0145910220092176,0.0165697306115174,-0.149311647202758,-0.0144870145923153,-0.0113135648863665,-0.00691495096215852,0.0891723196925163,-0.0473324977141103,0.00767404280248973,0.0208063339919157,0.0314667130330484
-0.00413149642279075,0.0426782646989284,0.0140096496812719,-0.150151878081386,-0.0134453203607635,-0.0132492844101457,-0.00741455831202709,0.0537986569103085,-0.0467917537499681,0.00231623275809606,0.0177844357025464,0.0267375424878796
-0.0102349703783826,0.129086728779878,0.0124853602340745,-0.133512695915736,-0.0404806254016639,-0.00462038093930173,-0.0128231564149702,-0.00583172591816643,-0.0387133782514967,0.0223744602081662,0.0192590555259446,0.0159242452944221
-0.00785717415215382,0.152051066005809,0.0133012042492205,-0.109671124798829,-0.0450182443526223,-0.00833887357536065,-0.0162729816575699,-0.0343601888930184,-0.025323005973351,0.0327601689820837,0.0151669553415485,-0.00117843950848629
-0.00993371854141965,0.170473410530257,0.0127870695324465,-0.0421378743944073,-0.0451747076223394,-0.0016406815906974,-0.0212316879166317,-0.0501966525401717,-0.00192353500216022,0.0553750879070921,-0.000507553035618131,-0.031021120706701
-0.010159989193873,0.171648762393682,0.0114893483942552,-0.0067064510306508,-0.0369933131031974,-0.00134751550761956,-0.0295241360863222,-0.061832056116182,0.00585648181418876,0.0697386370131265,-0.00536426752674478,-0.0561114392111035
-0.0124796383819628,0.163303194238603,0.015935176161237,0.0167684860821654,-0.022158369600679,-0.00540601893921953,-0.032057304380894,-0.067011471975599,0.00687119391893429,0.0753092018048952,-0.00605240343910909,-0.0651175105157198
-0.00786476472108948,0.101455012545848,0.0213094756988026,0.0195687162323578,0.0244391696546921,-0.0108650660559055,-0.0285578757154109,-0.0531172553370007,0.00385968106425161,0.0697797581617023,-0.0109790396507395,-0.0715764484467118
-0.00598985908636272,0.0805550161074849,0.0215406607024712,0.028702166274759,0.0596920913667593,-0.0139006080987609,-0.027979783736575,-0.0487767869687342,0.00154076168479104,0.0565942366894321,-0.0143479466292567,-0.062563782577327
-0.00573565013870581,0.024857719299558,0.0257089738538618,0.0176344454727575,0.111512405675338,-0.0212136854732234,-0.0232403134174112,-0.0367764973576735,-0.0106710095177229,0.0419812852898634,-0.010407782197793,-0.0498074541241294
-0.00778636440467555,-0.0045229431775695,0.023824400250989,0.00605183969663773,0.147815442277939,-0.0198336870491003,-0.0125723452600572,-0.0376109459385069,-0.0164938052668928,0.028972586104396,-0.0103723385196413,-0.0412827107897375
-0.00945245570861867,-0.0317063081963131,0.020920786669749,-0.00244928954272387,0.184049000730522,-0.0164905779334882,-0.00380187334711715,-0.0262076744765054,-0.0210347716635406,0.015583611962926,-0.011848678213908,-0.0237887953047107
-0.00976117019270612,-0.0410241987622876,0.0196239515544827,-0.00811193345892132,0.197049999893738,-0.018406455320605,-0.000902930437907857,-0.0200188361039195,-0.0177664279723969,0.00670309953754726,-0.0104258176047382,-0.00707715540243857
-0.00925786921460178,-0.0466274020496341,0.010038425064769,-0.0166139882088518,0.198855083510282,-0.0276386504744059,-0.00040800048270519,-0.0147631939590469,-0.0182050611237069,-0.00192461478712869,-0.00549464688660578,0.00373306324419006
-0.0085764840595538,-0.0538524699740176,0.0259994458325548,0.00787958979045675,-0.0221505272337029,0.00863947370714332,-0.0173116365340891,0.130042602773068,0.0543985033651474,0.0936122274590356,-0.017332919245389,-0.0590621990267418
-0.00750804646623074,-0.0628923704970555,0.0273390902893456,-0.0102028131314091,-0.0251113029617011,0.0113132780649015,-0.0165244091956895,0.140863848379261,0.0480430489810793,0.0895105277941506,-0.0172074435844215,-0.050902700535741
-0.00651347905497617,-0.0687307932049591,0.0275446104312268,-0.0622854125325568,-0.0198396508717895,0.0112009078215582,-0.0166509790943084,0.133115223891415,0.0212266677060094,0.0714415166558277,-0.0055555972976762,-0.0338781145701367
-0.00771285111986711,-0.0613547750516239,0.0283879127580375,-0.129880046191461,-0.0164308972769261,0.00331410319630727,-0.0143255398599494,0.102367568638641,-0.00207924090103417,0.0547100332384953,0.00957000211063761,-0.00743731662262644
-0.00640886840836018,-0.0420583097750981,0.014731044197149,-0.163747246379825,-0.00980054917056237,-0.00698929972732915,-0.0146049804848622,0.0774296777816233,-0.0139732563938142,0.0235062260452582,0.00918128466052131,0.0147319799699419
-0.0119304233616526,-0.017771257680016,0.0177313051950111,-0.178970848876657,-0.00626642118318964,-0.00136294467072866,-0.00789435311401704,0.0424085711510828,-0.0230057043190997,0.0165323206098456,0.00891675538740946,0.0175825513607909
-0.00429399187569271,0.00126458620819095,0.0256576769036104,-0.187336821414723,-0.00578661539520266,-0.00389286323124751,-0.00568951581377468,0.0131705088668408,-0.0345957183865346,0.0128702564983128,0.00653253846750664,0.0109939409881588
-0.00733165968978651,0.0375044689798251,0.0263499351326628,-0.172229668955834,-0.0133966164209063,-0.00125295298364393,-0.00184082639449086,-0.018928909230988,-0.0386744369958649,0.0150696984520757,0.0050684754106401,-0.00539195876523548
-0.00802789786172728,0.0531859791807915,0.0339243975017104,-0.147723413559319,-0.0248862090346817,-0.00229671843468253,-0.0061762519173845,-0.0411391214137484,-0.0405289162781035,0.0295395123867233,0.00528861464468738,-0.0284723311824469
-0.0101642810466952,0.063550792257854,0.0339646536716938,-0.120622239746884,-0.0343969110239604,-0.00295333722844694,-0.0167279312254421,-0.0637850349995459,-0.0336399882490956,0.0562192349201012,0.00300412823042645,-0.0569093107061657
-0.00800040084839795,0.0671507062739206,0.0281507744131018,-0.0352133386053987,-0.0337181117733904,-0.0148078256004892,-0.0264928415079135,-0.0569789392373768,-0.0117142036689301,0.0709691139787268,-0.00899699297309461,-0.0912893877535223
-0.0103917452913468,0.0666179593080886,0.0248201514156064,-0.00310053882029243,-0.021120793646623,-0.0179256312610912,-0.034095493431836,-0.0583020579343824,-0.00960949214338554,0.0800231551367368,-0.0101537830595725,-0.0981433111121655
-0.00523462552705237,0.0485563280055234,0.0310395512823733,0.019960309553539,0.00443302543843485,-0.0284496333140812,-0.0381356694385833,-0.0556578446821872,-0.00656705390437265,0.0823292494693658,-0.00938585894244603,-0.0959141622529172
-0.00123651079601107,0.0258891556720721,0.0284038662092225,0.0273427550520703,0.0386231346598585,-0.0419624741100933,-0.0402858181915432,-0.0493285847690801,-0.0110712633195232,0.0697749071686067,-0.00544617190624724,-0.0849093607103503
-0.00612491401393511,-0.000818642030560956,0.0288171955619978,0.0267171141404825,0.0739447964480955,-0.0473805349080507,-0.0372741640684029,-0.0432497086181812,-0.0179707263669124,0.0635955965118727,0.00196384792915246,-0.0721189803974132
-0.00675631117150528,-0.0306533929392115,0.021440800918581,0.0151629247718258,0.111534698890236,-0.0539892135396756,-0.0311559850398277,-0.0441677269060836,-0.0177315696304569,0.0527436984384467,0.00115350384958115,-0.0597213287915942
-0.0103004366980757,-0.0511904288268544,0.0181185552679737,0.00203834030805966,0.141622455059362,-0.0575700006324014,-0.021524381968832,-0.0351137350944396,-0.0231012108399652,0.03644504212238,0.00209083676444422,-0.0326206730258426
-0.00989632465265703,-0.0670272079814257,0.0120660393386122,-0.00811454937395576,0.160950694656653,-0.0641125060041701,-0.0179558032925292,-0.0277767736895351,-0.0197541021296703,0.0287043626568353,0.00772497525630312,-0.0126193901448828
-0.009300821256865,-0.0709345305476755,0.0104190810489334,-0.0202833300033945,0.169058799793479,-0.0606275601902815,-0.0147070557538581,-0.0251085415674307,-0.0222462868216195,0.0223166161818893,0.0100411247026563,0.00370828346398294
-0.022453845591434,-0.0545934774912947,0.0219906617595194,-0.00216756701547284,-0.0236749511345076,0.0183409813904278,-0.0175253193132823,0.093720900016662,0.089570331284921,0.104361406309084,-0.0245837463148403,-0.0547629790416062
-0.0237244135777871,-0.0632328836599197,0.0142380444432524,-0.0168524907823523,-0.0262174340443083,0.0161592621881735,-0.0214117627782657,0.098849340680157,0.0889383556311997,0.0982534027511548,-0.0256140934438713,-0.0498532070946729
-0.0268104459865602,-0.0717202290539243,0.0115602646887314,-0.0694854082802273,-0.013373980039557,0.0148084105870951,-0.0173584878501769,0.0843869109142671,0.0677900374745619,0.0783740346700517,-0.0222295890572159,-0.0283994802709248
-0.0232070720692754,-0.0662085175030187,0.0133594218073558,-0.14026146388711,-0.00531535220684299,0.0121179094582195,-0.0149072513149314,0.0514051466409647,0.0395650357046399,0.0494472275004372,-0.00637243791685208,-0.00718231539256747
-0.0177781274155281,-0.0516989591196339,0.0112312387842438,-0.171122385677198,-0.000245601505793946,0.00904672413618023,-0.015253121803321,0.0315672187338499,0.0201213818638813,0.0195769646125853,-0.00426157626596954,0.00693808846371939
-0.0101819746671753,-0.0316305219492306,0.0143611852174145,-0.192504889284633,0.000223840250921783,-0.00198486486166051,-0.00794199604717038,0.00409345600573314,-0.00129735782468747,-0.00480312779575667,-0.00384788094417119,0.0108523996047741
-0.00717560490114317,-0.0102479229432326,0.020350171602389,-0.193671103885287,-0.00667194909715641,-0.00211260937700005,0.000751988714188531,-0.0210530897968084,-0.0175515540288704,-0.00649794363034878,-0.011862173913494,-0.00129355609973446
-0.00659408123146967,0.010223774006889,0.0263848868704908,-0.186640290156164,-0.0141310455597899,-0.00228142242575061,0.00239209749352823,-0.0428874858258033,-0.0334437838857808,-0.0045917710339676,-0.00969040414268031,-0.0178649754591304
-0.0104145202301727,0.0238282031151077,0.0324741470844143,-0.159584287475539,-0.0300679865779734,-0.0046366946993061,-0.00218650864357704,-0.0590886375944047,-0.0354213026516914,0.009046748050788,-0.0136483238107553,-0.0411579742341059
-0.00467921509822639,0.0252734378621474,0.0409854757533017,-0.127896063213128,-0.0468907603542403,-0.014755358915039,-0.0132591347183765,-0.0744570105728193,-0.042761451725932,0.0362872324689907,-0.00997138847313013,-0.0797248373960351
-0.003588551323481,0.0307022144475723,0.0351895072745048,-0.0388953427070205,-0.0571888168037581,-0.0260450568173863,-0.0242629633874396,-0.0633473018483408,-0.0253023695017345,0.0539247889144606,-0.0241281825896428,-0.116049961925153
-0.00515523580592529,0.0240155523280147,0.0323514667205224,0.00866329050300657,-0.0433649307783204,-0.0351776548501498,-0.0304949786052159,-0.0512878589339434,-0.0204408455949236,0.0606620445372607,-0.0291081357435753,-0.126593038647766
-0.00569247862057833,0.00890685841231613,0.0346243675312351,0.0315326864494624,-0.0268475653616783,-0.0473555567480773,-0.0380600764447941,-0.0504054010258363,-0.0223770763948215,0.0789926108710151,-0.0182347881335174,-0.130646297595085
-0.00993509126080852,-0.00711092254034631,0.0290867480858607,0.0408547562075288,0.00214662408754155,-0.0646001830805532,-0.0441343069825389,-0.0430417915121207,-0.0235695011338378,0.0705256709496447,-0.00936359848926659,-0.104884345225425
-0.00860447406704077,-0.0225431974342329,0.0220878006613695,0.0387414455016041,0.0318424712873436,-0.0833543948578437,-0.0481232313777768,-0.0417668465416336,-0.0230536189643619,0.0629440493697657,0.00178619022187142,-0.0780618159982683
-0.0111977692088231,-0.0491852899385346,0.00985944433664653,0.0267020016073561,0.0671862668310768,-0.0956646649641437,-0.0464620443505063,-0.0321965780766207,-0.0255792925066992,0.0511019894847983,0.00514150825168789,-0.0497340890394072
-0.00780869597577458,-0.0701348108048873,0.00297125000426182,0.0164303256143434,0.0965395760077772,-0.110759161027245,-0.0404618349109916,-0.0257418998157103,-0.0237617635917451,0.0344383456941164,0.00780614692573744,-0.0268048102774318
-0.00527200006765422,-0.0790334709856383,-0.00341651209297796,-0.000626233203382736,0.121385748170877,-0.115539504948764,-0.035367464558707,-0.0256691242286115,-0.0215570280877696,0.0224970371627463,0.011351979815204,0.00350091230266546
-0.00758377254446112,-0.0807541321386157,-0.00570881202154016,-0.00849140689884057,0.130417703902324,-0.108452111615652,-0.0284454712175692,-0.0225626972844948,-0.0204492061272785,0.0160091380300606,0.00961990707681743,0.0186521073215198
-0.0305473586689234,-0.0506177776046031,0.0132599027953537,0.00738628885171221,-0.0230107478096778,0.018171954170539,-0.0188066665146736,0.0682580074710773,0.124797751237722,0.0984959315596301,-0.0275757445693217,-0.0442418834831008
-0.0333128724129083,-0.0532380213172078,0.00709008658205305,-0.00845250127137961,-0.0177498572769153,0.0198200079730911,-0.0181459159388435,0.0603471706838738,0.126157354852384,0.0908638173694026,-0.0311750410811128,-0.0405894569790392
-0.0354287396120708,-0.0597907532283974,0.00458094174881597,-0.0693189967090934,-0.00856595507658601,0.0214592356941326,-0.0179871997931509,0.0392491856217896,0.108373495968049,0.0729918970746664,-0.024478475988147,-0.019940617855988
-0.0333152406338917,-0.0535106221377122,-0.00962436371846544,-0.106153653337818,0.00730403637702183,0.0192689320483313,-0.0171505163255314,0.0164167978284714,0.0951785754527716,0.0254332201936168,-0.0344624291972639,-0.000771498126748413
-0.0236132293367928,-0.0459286088296972,-0.00898051833057534,-0.168713440166279,0.0119898468645112,0.0111541228510095,-0.0149991711328953,-0.00823560401330368,0.0618878810563367,-0.00854089978344421,-0.0249179045789503,0.0159670022357978
-0.0171421266997819,-0.0310704721691197,0.00266927373528974,-0.178961626022003,0.00907347574573318,0.00543411230358787,-0.00300203070122201,-0.0208849969055126,0.0340152079450112,-0.0313220542285194,-0.0238429958178341,0.0151871397520863
-0.00722214003348667,-0.0135431890882781,0.0116452277320194,-0.181201436833117,-0.002259523810113,-0.00016503126700413,0.00554689896293676,-0.0376798734992889,-0.00284338918813771,-0.0488894956431909,-0.0291925194799638,-0.00612891906134871
-0.00608948327599966,-0.00135561689537319,0.0218225743631692,-0.169313555211031,-0.0140175715470727,-0.00130774749831859,0.00643663029390754,-0.0520029833243441,-0.0268501018804961,-0.0486007632687071,-0.0308538606707551,-0.0258442158878609
-0.00486906055950334,0.00458215140218682,0.0317628019707363,-0.119672014437013,-0.0302265760819179,-0.00507945166845955,0.0055154013514904,-0.0550339299717213,-0.0325113831459025,-0.0359752174362652,-0.0407184057877522,-0.0608615751069608
-0.00496686999332456,0.00456259675362256,0.0369190206514504,-0.0914077574385505,-0.0459341370620668,-0.0151335681361527,-0.00387530128668735,-0.0657791306018365,-0.0439535953464969,-0.00567587964894083,-0.037839533858554,-0.0942586133489502
-0.00510960956273604,0.00291551867277931,0.0375988540585721,-0.00958440500970996,-0.0670981799604458,-0.029513915810906,-0.0149312846991462,-0.0519286129282329,-0.0337576924087691,0.0177594659273103,-0.0492422400163915,-0.133056331810103
-0.0100406322053777,-0.00250979242545746,0.0302921315616328,0.0221617587339949,-0.0645067983690226,-0.0464991209490162,-0.0275077715697768,-0.0445265198285531,-0.031190167742546,0.0368557651328958,-0.042415295069414,-0.139285607202058
-0.0129751941689655,-0.0104150466770297,0.0324168828732199,0.04150783853745,-0.0542191069587647,-0.0574987277397951,-0.0387449587223835,-0.0391516266933904,-0.0337631435883844,0.0608748458167858,-0.0269401475808825,-0.133028903031378
-0.011436058044933,-0.0223840698186919,0.02452750611805,0.0532201674260607,-0.0366783465095419,-0.0829620825358045,-0.0469475736027397,-0.0263978015922217,-0.0378909490456937,0.0561214858149375,-0.0142766199512467,-0.110794805619945
-0.0139080325358387,-0.0389956441428011,0.0206327026876766,0.0520934150613844,-0.00818985062315567,-0.105693086325853,-0.050833580202708,-0.0234462626053754,-0.0361416373269411,0.050397979919552,-0.00471306193665541,-0.0682863625835722
-0.0155961682540848,-0.0584437478284048,0.000597281896180564,0.038967675884798,0.024536349354527,-0.129111319051824,-0.054591702873893,-0.0219144951038353,-0.0330285667914236,0.040530802964249,-0.00230198648793792,-0.0266500653565882
-0.0129361789034724,-0.0743517902608943,-0.00751829807417664,0.0191629405449453,0.0556570743254757,-0.140935892556643,-0.0472203238566587,-0.0177856556047941,-0.0304293782124851,0.0280938081951309,0.00224958021054833,0.00321414906715538
-0.0125696447299443,-0.0761482515805095,-0.0075554225794988,0.00393210075236333,0.0775570949041127,-0.131199696048535,-0.0456955521598881,-0.0192655686672813,-0.0228852891145131,0.0304408393654244,0.0107360577795524,0.0258311980645816
-0.0112601752149062,-0.0751614480120189,-0.00990816754920057,-0.000659285243425848,0.0880309314690393,-0.128068802162768,-0.0389740789266692,-0.0177171528658059,-0.0159097585134283,0.0239696225643711,0.00922825892881289,0.0396956252480788
-0.0334918716149612,-0.0351671226648685,0.00846526678217245,0.012801760842198,-0.0199571838119769,0.0148218655972976,-0.0143544997406483,0.034543275268236,0.156625753662236,0.0876370279582218,-0.0268091887875052,-0.0304648898667284
-0.0367870793587519,-0.0398286269496419,-0.00172623656069677,-0.00481783362765751,-0.0115338517766108,0.0160368574465576,-0.0133379315149102,0.0261476061903139,0.163535962330876,0.0680596030739552,-0.0343815216456915,-0.0234909598251471
-0.0385312004582289,-0.0378636792328947,-0.00883798763973792,-0.0402824079815603,-0.000399756834526036,0.0203647915579521,-0.0172003070334995,0.00977874987473833,0.149585484580294,0.0372075109582099,-0.0332009482863135,-0.0115682582440243
-0.0317147571933074,-0.0304622432621992,-0.0224126033355081,-0.0713936616497577,0.0054546739978762,0.0118372179344916,-0.0144671417781518,-0.00649896256093903,0.135699010156006,-0.0023444297678677,-0.0403156018809665,0.00361401609473197
-0.0224342349418159,-0.0280878349473101,-0.0252544780641965,-0.112044066416966,0.0152416131051316,0.00779431455698469,-0.0118179472067164,-0.0209865285977742,0.10188982539647,-0.0467266941836208,-0.045988506009297,0.0119751701637189
-0.0162454542509236,-0.0224851412943929,-0.0136176907065958,-0.133595815301087,0.013262107753138,0.00563270064273551,0.00083573274613506,-0.0301268513801826,0.0607182313429512,-0.0777877792411412,-0.0453339211298733,0.008156031557724
-0.0112570504619874,-0.0142610172339092,-0.00551621574595814,-0.119078225157757,0.0026236512154236,-0.0034581944031518,0.00494369409404581,-0.0371244560344223,0.026509826163421,-0.0977247044242716,-0.0518428570467129,-0.014448368424064
-0.00310310296165707,-0.00489220866979111,0.011591159194814,-0.102359859400653,-0.0124086860968035,-0.00346815662314248,0.0087717343997668,-0.0406299352094653,-0.00498647542100883,-0.0980217292336138,-0.0509439132550959,-0.043055002905124
-0.00139718728877252,-0.0048477850941164,0.0227891730278759,-0.0636458380103783,-0.026409755079464,-0.00713370038729886,0.0118928249641639,-0.038316773048412,-0.0222828985424816,-0.0895303104841076,-0.0644261248394993,-0.072424134133218
-0.00503416005037102,-0.00865964509126584,0.027556745851377,-0.0276500564049954,-0.0436544564846331,-0.0148924086135036,0.00322916145390879,-0.0341683306536473,-0.038267880106689,-0.0621176601616328,-0.0660667876050977,-0.100793280517353
-0.00905976174149811,-0.0194593825717188,0.0279908778074289,0.00482702023199081,-0.0651752028657747,-0.0264607285358533,-0.00596259224281924,-0.0347554883360203,-0.0408028539478866,-0.0309569933805586,-0.0738259907698264,-0.126537844538692
-0.0124842245678404,-0.0198577331257183,0.0322775408946902,0.0339609570839573,-0.0761520205350755,-0.0428193206541879,-0.0150562923057339,-0.0371802517667233,-0.040849045446129,0.00532153370613158,-0.0625532873220104,-0.136248772470182
-0.0194761605517504,-0.0224268806794609,0.0331050637396328,0.056849148998521,-0.0709483837506503,-0.0541919650459162,-0.0308591814953239,-0.0250420326528942,-0.0415618453318597,0.0317573422085696,-0.0453710945445846,-0.119025721459993
-0.0210635273870883,-0.0293747287964525,0.0260511026257766,0.0669365824240808,-0.0663897343158532,-0.0844267646212273,-0.0385330704178729,-0.0131908333412383,-0.0407201094601886,0.0385423327998116,-0.0366579825493736,-0.0884853728142878
-0.0227947734808135,-0.0421608262105653,0.0153779838528817,0.0595182567353391,-0.0419618837725614,-0.10852579707503,-0.0404013178548904,-0.00679523576897711,-0.0400213266175323,0.0377598021550522,-0.0263389687426741,-0.04385243288612
-0.0276440255921127,-0.0513224290885498,-0.00133193846734003,0.0430230041291562,-0.0135315910409035,-0.131855455991213,-0.0432152133279997,-0.00779379429543138,-0.0304918467918626,0.0303669223223659,-0.021777006516354,0.0111995457097926
-0.0271487128219867,-0.0651664988823251,-0.0113224763636023,0.0207808169671751,0.0195619242226973,-0.140280737678654,-0.0461390573895074,-0.0102027299995536,-0.0255995938789749,0.0253457601614643,-0.011849058799509,0.0438440399254989
-0.0240825230244389,-0.0692704698005168,-0.0115420125342628,0.0107160968162538,0.042731678786002,-0.140713599638009,-0.0439724839889553,-0.0141118980969296,-0.020608632615511,0.0228487402128361,-0.00342456059760157,0.0607165074673761
-0.0214051371196573,-0.0593240556413971,-0.0125890939333077,-0.00315482607340146,0.0570531431629787,-0.130224203320402,-0.0393514516683808,-0.0213038863943083,-0.00947309706305473,0.0195602769325458,3.127371347025e-05,0.0740806099783665
-0.0292734041131454,-0.0195654333533425,0.00343310252856957,0.021404333495498,-0.0166550373393807,0.0145575153329196,-0.0166479608802098,0.00546988215344106,0.184554643046048,0.0640248784790225,-0.024111413627458,-0.0174156135194371
-0.0315339371833888,-0.0170039793269125,-0.00189037849535051,0.00658971836715392,-0.0112707624891035,0.0126528260305087,-0.0130114790032164,-0.00383629722304059,0.190078739819341,0.0418597301259246,-0.0305445464309901,-0.00853928268550754
-0.0283240884410314,-0.0138862843407673,-0.0126986101301333,-0.01968745813382,-0.00466056847899136,0.00509712060977718,-0.0147103446249606,-0.0154036759716558,0.179941013355295,0.00243741508581901,-0.0325228378708474,0.00419591489761998
-0.0260433051754518,-0.0115593245349545,-0.0246022343381153,-0.0403364263198682,0.00939784136597144,0.00320200988651172,-0.0185614523359529,-0.0236273097384648,0.159497719089908,-0.043250933977349,-0.0352558074611225,0.0139578499686103
-0.0168816097442089,-0.012771314022041,-0.0286217138296427,-0.0611385743110089,0.0151042973192273,-0.00269133355153847,-0.0142359520521089,-0.0226780441643943,0.121363545959658,-0.0855609300713146,-0.0400803108415495,0.0150944002809762
-0.011121760387477,-0.00771105694769369,-0.0225896950502034,-0.0729450579082749,0.0167744376197526,-0.00414919768290002,-0.0076177877858553,-0.030516895005325,0.0831119696158587,-0.116003877692468,-0.0427014703264755,0.00794819514967127
-0.0101848908483265,-0.00592496547938063,-0.00857969016118138,-0.0630290713292104,0.00789437636699636,-0.00444034424220092,0.00184336582991667,-0.032384782610392,0.0446409345282165,-0.134610412760504,-0.0497593014752787,-0.0158506387686859
-0.00465501991769307,-0.00752683790264937,0.00862325766934007,-0.0532628599172097,-0.00200054058642881,-0.00223173103621583,0.00492084853627861,-0.0307967926399455,0.00445938309596811,-0.134595615944454,-0.0527122162552136,-0.0401544151399244
-0.00172067931110523,-0.0160795249218453,0.0235026525520693,-0.0269459467954146,-0.0191799705352579,-0.00368141178353548,0.00958348658200789,-0.0236104254225395,-0.0262891181364263,-0.12336078053719,-0.0637032857407763,-0.0763668864688259
-0.00598446772398959,-0.0215955295212917,0.0298278666679673,-0.00193840880094931,-0.0336307789489088,-0.00301158924918765,0.00574327269676691,-0.0160054875373225,-0.044663400610822,-0.0970255402744383,-0.0680594486298974,-0.0915624914923173
-0.0128998462234448,-0.0245979248524994,0.0336676620541598,0.0279917833060971,-0.0592881481554233,-0.0119273795271679,-0.00285838644052062,-0.016786434296993,-0.0490610854573478,-0.0595531002399767,-0.0728040148738265,-0.108637926133561
-0.0255216881572721,-0.0266374656634787,0.0338306660406494,0.047454051625252,-0.0745852165423256,-0.0202696652412767,-0.0107958000018462,-0.0141784931158004,-0.0460937774657681,-0.020567356142003,-0.0711931052771305,-0.102828151307265
-0.0331805557456127,-0.0142684310883634,0.0299637909907442,0.0621147731068583,-0.0776954721121606,-0.0379595100608585,-0.0162915615239321,-0.011464427732444,-0.0375126297544029,-0.00432397713423964,-0.0672336216684504,-0.0703292336331516
-0.0339519053623527,-0.0165936964288587,0.02362092463952,0.0724887473083377,-0.077145618350538,-0.0644197104717829,-0.0193985426736356,-0.00506251585347205,-0.0346693857656797,0.00910557051593655,-0.0677830523199426,-0.0405713407072696
-0.0355964802428856,-0.0269101203347431,0.0168039141046554,0.066461087457089,-0.0601824539951902,-0.0903805633692136,-0.0212754932199856,-0.00264466299636179,-0.0354562978699387,0.0121653558119382,-0.0570485611877862,-0.00099505201043052
-0.0372970232075104,-0.0416129094618978,0.00401789141225434,0.0502271383305569,-0.043897583967541,-0.116817745693163,-0.0302518462655232,0.00188048778619855,-0.0328710259888976,0.0187143139715531,-0.0444335370221182,0.0378798591856227
-0.0404161245599195,-0.0439685760521094,-0.0112153108124426,0.0339416721005966,-0.0187255424494008,-0.134638453278235,-0.037142317024697,-0.00579053133816034,-0.0211231572343205,0.014959349431117,-0.0337297958795556,0.0783489172529177
-0.0408773715133806,-0.0451476144731794,-0.0162413073224758,0.0173456518008759,0.00735636109037402,-0.134484014334931,-0.0402893621049859,-0.0173032964795946,-0.0130021089033299,0.00966316989318445,-0.0219909477179839,0.106184620240328
-0.0329691355554149,-0.0337011944289801,-0.0172219441042218,0.0052338547192019,0.0250661866390955,-0.126981487637188,-0.0377173713532252,-0.0236259559629434,-0.00286833789152425,0.00119721068855582,-0.0156859371417421,0.11890042947818
-0.0195610182735212,-0.00148510244338145,0.011354408722266,0.0305562529838029,-0.0209035245596713,0.00149923954976472,-0.00682307259495712,-0.0100037221459065,0.190421947026266,0.0392905234166311,-0.00626220749532222,0.000111851946085983
-0.0205896029939931,0.00304464844642478,0.00365079339070891,0.0221758847810157,-0.0205288968016526,0.00474656874586966,-0.0094695608943912,-0.0108268466922902,0.190061073794782,0.0143303123041423,-0.0121394593399478,0.00635395160890273
-0.0204666150495446,0.00403494201262587,-0.00634776136457488,0.00322884972938298,-0.010381471961438,-0.000491453266402881,-0.0129777526354722,-0.0228742419632012,0.180337610450111,-0.0270454106725753,-0.0108978734996844,0.00808847699599821
-0.014166069947227,0.00554396479296282,-0.0210145140191817,-0.012799861887782,-0.00109010215019344,-0.014223017058739,-0.0181725303632056,-0.0259832147181587,0.1647935073568,-0.0712953828472744,-0.0120025104349727,0.0194447585630148
-0.00719094602746406,0.00304351644684561,-0.028923295304069,-0.0257429985181057,-0.000527865448797931,-0.0293077611053277,-0.015985123334751,-0.0129644608187252,0.121111263048405,-0.128051795059853,-0.0190810991606491,0.0198166908505197
-0.00359928063321056,0.000616985056386691,-0.0166769899910533,-0.0261626756519613,0.00757711801704127,-0.0201793958854365,-0.0123143431842046,-0.0234305908575467,0.0829623461736438,-0.144403402633696,-0.0175928894801108,0.00471874727533782
3.58759114447863e-05,-0.0139216361084132,-0.00357394337910873,-0.0254828209701985,0.016228295364894,-0.0125021547881378,-0.00762938806125327,-0.0186679972595899,0.0384473851931352,-0.16149310821529,-0.0255457797964646,-0.0160520211897049
0.00136160963317147,-0.0115230482542842,0.00803326448904977,-0.0141219317230521,0.00325414526002021,-0.00354062720428934,-0.000399014261804601,-0.0142225073812726,0.00345497624314983,-0.167317829957719,-0.0373182367639391,-0.0368767136430286
-0.00313881900194863,-0.02070238093285,0.024205237794654,-0.00413095276949053,-0.00977998008833173,0.00506874314408971,0.00232058408867546,-0.00538793935391126,-0.031084053883234,-0.151899184147529,-0.0465577088662264,-0.0510871749448098
-0.012523830261422,-0.0232983293126783,0.0259216102775224,0.0122563577262016,-0.0260802937627611,0.0126276425200767,-0.00157143395870014,-0.00159968267932521,-0.0483138471120586,-0.120073818751286,-0.0536025713674238,-0.0677294431589439
-0.0234859267793579,-0.0200220254099683,0.0376560061434524,0.0361012780321178,-0.0457833485187042,0.0209252638280966,-0.000798994497561005,0.000545951928831385,-0.0512470846093166,-0.094905019708539,-0.0714394318151985,-0.0661748441971467
-0.037536365845138,-0.014163369207439,0.0348602749266196,0.0580142472865618,-0.0669922761817999,0.00783593429051958,-0.00391608004127657,0.000891737802340951,-0.0484723851179717,-0.0572369611927129,-0.0738580897677134,-0.0562454302532496
-0.0448481224185857,-0.0094083543994808,0.0328354214846663,0.0711753217942079,-0.0778931580199358,-0.00725050242704834,-0.00656033066469504,-0.00216229456638962,-0.0385287541202862,-0.0192108108982456,-0.0752446858112492,-0.0377654715158008
-0.0473246364261373,-0.00576365481321972,0.0272529755621451,0.078766379620744,-0.0797244464624167,-0.0268779341944354,-0.0082609397240028,-0.000483784487887121,-0.0320898733199232,-0.00850185941601237,-0.0833606388233555,-0.00333136654688028
-0.0463520428407224,-0.0155267228175225,0.0183343547150112,0.0660457211890365,-0.0710936583978053,-0.0616348505268221,-0.0139071905482921,0.00107633321181253,-0.0255760532006325,-0.00415759667422573,-0.0778221394549641,0.0430924427102762
-0.0492139510384791,-0.0179539323061264,0.00420534412148585,0.0515735882727577,-0.0567974921504737,-0.0889754555116082,-0.0207596835128166,-0.00193534187559634,-0.0215088251127614,-0.00168884765401237,-0.0689888718764132,0.087959121938265
-0.0482097006545061,-0.0187593619476059,-0.00130414742465584,0.0327293887287878,-0.0402437430518207,-0.10660633238494,-0.0256660642825596,-0.00592469826766194,-0.0216171081499812,-0.00254941920365033,-0.0502641168448745,0.125804604490022
-0.041142734537102,-0.015683979412764,-0.00412899210519589,0.0261806312359144,-0.0245422789927191,-0.115387773701343,-0.0307964737020647,-0.00978019364361665,-0.0138696941118703,-0.00359206953968674,-0.0347826302223219,0.143848575106682
-0.0307857517884993,-0.0182923723132017,-0.00167799817589682,0.015679247195009,0.0015367205097935,-0.106063496466446,-0.0317892817838053,-0.0182377481754616,-0.00528981893942289,-0.00251043068031519,-0.0241267659282005,0.141969340402283
-0.005418329464572,0.00910204526659333,0.0223755545299372,0.0530212716739208,-0.0269522270521255,-0.00796513678781057,0.00463197270367365,-0.0169652131165775,0.188557219828286,0.0169927077091605,0.0108101667582266,-0.000498454197126786
-0.00532433377687289,0.0155315376654205,0.013885086002809,0.0504685634651419,-0.0209066143306039,-0.0113837656162002,-0.00627168613590056,-0.0219816121373464,0.188434339125858,-0.0119714731662671,0.0176543041417487,0.000649688242257275
-0.000992848014424395,0.0174626739364109,0.0141208097873727,0.0340499506175046,-0.0163028408863511,-0.0118508159980372,-0.0140589896004689,-0.0231728069528975,0.173187892994019,-0.0463364561449354,0.0224178062183853,0.0079593977825612
0.00341983757102549,0.0195790208843876,0.00686852121934333,0.0195157589280868,-0.00908667488859416,-0.0193962047207645,-0.020376957936141,-0.0272507246066183,0.151329405673186,-0.0860792231140594,0.0260888506982288,0.013664379070054
0.00493371361653825,0.0123754684091315,-0.00693425124267825,0.00956064873906894,0.00276878578878926,-0.0283187726636553,-0.0241890467200799,-0.0225917697545847,0.108784303810036,-0.131995751950762,0.0252371137105064,0.0122389658995334
0.00456095243107633,0.00156893068944555,-0.00389088339694536,0.00575423578076798,0.0138076086515357,-0.0264236887406834,-0.0322368372374933,-0.0189180209068038,0.0669419139689582,-0.160646302640157,0.0355351594432226,0.010100668364308
0.00478384024529838,-0.00314984026041471,0.00688699842314545,0.0113387903435952,0.00438514776771142,-0.0183234730485884,-0.0335314583177153,-0.00605017741068819,0.0260522439827388,-0.181200551167745,0.0253487486743069,-9.28610213177918e-05
-0.00199279842976655,-0.0107396018297855,0.0122564561734322,0.0171764876694312,-0.000408893540248922,0.000390701880625615,-0.0260700273703753,0.00515311409533933,-0.00905520563837562,-0.18240606660343,0.0078615255734614,-0.0142684658656126
-0.00921175106497893,-0.0171549388660855,0.021497295884263,0.0268932657363286,-0.0105131714792492,0.016937125963796,-0.0195175305584463,0.0141576316935021,-0.0344800133051158,-0.17587208147076,-0.0175749572255627,-0.0232348283626032
-0.0222481740850387,-0.0281858973271989,0.0294532418708942,0.0426547486143432,-0.0216636177943483,0.0320624793987148,-0.00728107356986064,0.0231808823292821,-0.0517426318709736,-0.150227774324934,-0.0444581651023326,-0.0319701503327808
-0.0361569949550094,-0.0264167347926875,0.0370249386772171,0.0531148737767254,-0.0386376631014076,0.0451889412443691,-0.0028422140141456,0.019627583917626,-0.0556007147116683,-0.110904319538519,-0.0636980335544618,-0.0318399024155832
-0.0476318037831856,-0.0187439128734249,0.0396001679840893,0.0642366504449555,-0.0535481622387828,0.0432020899702901,0.000573730297229122,0.016237043313167,-0.0556965131597452,-0.0732816289565874,-0.0710920054077933,-0.0212344431084393
-0.0503302505136269,-0.0067632261621247,0.0388765724959021,0.0758559240281637,-0.0691401240896067,0.0310368480764137,-0.00669670185296345,0.0100714734491527,-0.0409636440169222,-0.0385324690891865,-0.0776081275802516,0.000527367342782094
-0.0532880406898751,-0.00463205119260427,0.0348040459380124,0.0776310459688279,-0.0719448724772353,0.00841498284845485,-0.00787714809215378,0.00505139016453155,-0.0367984510129014,-0.0281173231257804,-0.0849685865917843,0.0317408978061138
-0.055688531560498,-0.00867329218212062,0.0226383957819618,0.0661479608119051,-0.0658491556544246,-0.01859085455462,-0.0121543220585014,0.0046836797687282,-0.0275558596694069,-0.0155719143569339,-0.0836529031036418,0.0742162338362735
-0.0511400788747537,-0.0044270204174735,0.0160936577711265,0.0454372691644669,-0.0584951043362754,-0.0510536811191563,-0.0153972984786724,-0.00672374342310512,-0.0223340546196049,-0.00629537090003298,-0.069584242966279,0.117935677873815
-0.046233431579337,0.00413503029300152,0.0157423204228864,0.0335016807466634,-0.0546966912095259,-0.0741672064397632,-0.0205479898143,-0.00862186330600088,-0.0233355224940488,-0.00278565221963462,-0.0504842292954414,0.152455904559343
-0.037782943064323,0.000878705326360263,0.0138558094116778,0.016889779814567,-0.0384075379712056,-0.0829774962034358,-0.0211939882073005,-0.0168118538111484,-0.0177336637877777,0.0054095816301765,-0.0345652535773666,0.16279939857828
-0.0245009804877561,-0.0080953041499328,0.0154547678685636,0.00333121495928536,-0.0141684628258887,-0.0819123599884501,-0.0239201020084939,-0.0220692808725729,-0.00766415713171777,0.00688453329866996,-0.0231165879194876,0.162329566938036
0.00292557237507146,0.0162359628433483,0.0503209583436654,0.0586576258574377,-0.0221092789611134,-0.00369699706384212,0.0288783362860015,-0.0200611116188977,0.155519342337731,0.0136574998169957,0.0316361545497505,0.00616824932401082
0.00923722729828226,0.0263777662368441,0.0465147597079899,0.0687789394786209,-0.0244500783157924,-0.0136120885852368,0.0115634786222414,-0.0138504148528899,0.153811673514895,-0.0158294567152032,0.0519177147774631,0.00818114342408064
0.0155542651361063,0.0252739048007864,0.0467445087359574,0.0606915876802234,-0.0255033987396134,-0.0234513751615638,-0.00262612737695473,-0.0177324466252131,0.140769111718091,-0.0450801204761128,0.069106763802584,0.00469824814960644
0.0128560042205857,0.0183361677899209,0.0374740099340316,0.0408802970489664,-0.0161089353033079,-0.0218677959684857,-0.0193473638093063,-0.0191656538253021,0.109822212476205,-0.0752794314068671,0.0835378981839262,0.00591378809266936
0.0166128735790947,0.0126426734321417,0.0308170636414237,0.0312165918184016,-0.0054312465187777,-0.024775907862966,-0.0325257113248381,-0.0156816031190466,0.0775335259617149,-0.106664009568702,0.098310055720598,-0.000508919372487266
0.012144626260456,0.00497784693504737,0.0226246195776213,0.0253371605876609,0.00482534474821509,-0.0200150241119032,-0.0493497639628261,-0.0134644325332148,0.0431012217381143,-0.136539326543481,0.0993149444245909,0.000680552559608685
0.00599166802059568,-0.00470389955701115,0.017399367248086,0.0262928131434913,0.00150917704401535,-0.0156568251786961,-0.0527219365339936,0.00145460573791092,0.0040201800738014,-0.149133594542742,0.0902199146388234,-0.000660097924195417
-0.00682109846442511,-0.0173082856572278,0.00665829739409181,0.0225510195263946,-0.000432522616930714,0.00328390484797223,-0.0465098848628019,0.0129516349522634,-0.0258014579260485,-0.153891886395151,0.0605849577292435,-0.00682993325190869
-0.020494507007717,-0.0296926985549151,0.0149661013853453,0.0307591365367802,4.07789457842382e-05,0.0350790401862892,-0.0376352329784667,0.0228553294689716,-0.0449439225161744,-0.146207026080366,0.0275358528573794,-0.0141051394185262
-0.0306200570275496,-0.0370176525063606,0.0254456929065623,0.039223930237145,-0.00662597440630001,0.0613534490534539,-0.0244527466691666,0.0250573333902461,-0.053823324907832,-0.11983077068639,-0.00854262477339484,-0.0206734155365306
-0.0431787391676138,-0.0360194728138611,0.0352815541263712,0.0472650093485686,-0.0158499572990993,0.0849613128186735,-0.0183277974880616,0.0163530547508017,-0.0530427984635528,-0.0826563018197428,-0.0326067040230946,-0.0232861201621643
-0.0542384735700191,-0.0251888150552161,0.0365492940102313,0.060207805364073,-0.0304615687910695,0.0849311536317695,-0.0112994526498762,0.0125566340613676,-0.0506206963328759,-0.059590594261658,-0.0568650055337148,-0.005709570246434
-0.0567112966897006,-0.00967906712421122,0.0431292488212369,0.0724948923231592,-0.0459339351914085,0.0769056009202873,-0.00461425623378859,0.00730232847827844,-0.0377979991518979,-0.0324327295713022,-0.072290531576625,0.0143844027619184
-0.0567979256689002,-0.0062658751334925,0.042674233469984,0.0666682960123975,-0.0515530871660415,0.0566919631962068,-0.00402055201145781,-0.0014618700246511,-0.0297349114459698,-0.0137511797998618,-0.0791543543609402,0.0488177535886903
-0.0559244135120672,-0.0034552397204963,0.0385098558453809,0.049457414228817,-0.0503202304408362,0.0353906731619015,-0.00521007556978243,-0.0117839632625918,-0.0269074885975932,0.00622606404766671,-0.0796709337013299,0.0870328221666208
-0.0489348789347457,0.0048657642405224,0.0335849216326901,0.0316704172481046,-0.0488583008482337,0.000232752393767296,-0.00642888819135127,-0.0258993721411464,-0.0215289486318475,0.0151042184726606,-0.0658582420333556,0.12741489382456
-0.0367127399845559,0.00896775088212049,0.0353443987293841,0.0149437182071198,-0.0453681076417765,-0.0277076653048265,-0.00883304017120605,-0.026439487196051,-0.0254609218848127,0.0128388047604101,-0.0427720926392837,0.160318685657082
-0.0218332232079674,0.0119663938777945,0.0279327437257927,0.00673845325025631,-0.0342894822448415,-0.0438629166106769,-0.0120920198233985,-0.0279473823963666,-0.0139281454223618,0.0129524281361318,-0.0344628049870823,0.173004225624741
-0.0091145615911956,-0.00258167514387211,0.0281588679694194,-0.00379967812121403,-0.0197300734956905,-0.0537632703135069,-0.0167247288107168,-0.0280893402810039,-0.0108162910058229,0.019773062093156,-0.0218981929230885,0.164167273701638
0.0126891327206318,0.0147108805784943,0.0783649031303061,0.0628742138816274,-0.0242747909076731,-0.000963603788190339,0.054449085511123,-0.00384311159894746,0.109561424110243,0.00663125756522095,0.058914873961731,0.00700797905358077
0.0174498515306126,0.0201062986123672,0.083343392032093,0.07139660734189,-0.029383946496603,-0.00662604263059276,0.041175681814815,-0.00413042750892848,0.10163968742969,-0.00585350012009404,0.0815092493624215,0.00307822889949269
0.0182359303243319,0.0186365074516089,0.075102923516305,0.060949387898347,-0.0310143290358174,-0.0167068669329296,0.0214921354073602,-0.00474551309975469,0.087831751022828,-0.0198103194976368,0.110114374989576,-0.000959872634150434
0.0205296259047243,0.0110762817132871,0.061728685670255,0.0384615825231557,-0.0224918629178858,-0.0234562250143026,0.001050153157423,-0.0175791777091056,0.0650557682653212,-0.0391046642808195,0.126629529523707,-0.00717595614001568
0.0190119254335709,-0.00142522297868781,0.0472782157470712,0.0212082070787239,-0.0120456267353348,-0.0215630422486855,-0.0255605929061603,-0.0134742539269156,0.0329429202490332,-0.0606032345504914,0.150041533444904,-0.0108663806953459
0.00982015744667453,-0.00515969499716724,0.0289360608853473,0.00738648138409278,-0.00541863455916401,-0.0104863481620394,-0.0461587386160919,-0.0100577918168756,0.00717561003228186,-0.0778705392680793,0.150463447474941,-0.00720980435030722
-0.00109791687365189,-0.0134879733909946,0.0174509163438784,0.0165941459971014,-0.00671331319520689,-0.00187089176234689,-0.057732792625763,-0.00109966616648997,-0.0191314653517582,-0.0946388539361126,0.137547810548713,-0.00963018817221331
-0.0151821400850668,-0.0234164279492692,0.00691597668615887,0.0133869258460794,-0.00415037371967676,0.0223834118390336,-0.063002012213377,0.00595484152452853,-0.0387984608442809,-0.0985162984694342,0.114035492228995,-0.00908888746381046
-0.0313722293756021,-0.0318250519251293,0.00229493686905003,0.0242403961370645,-0.00474298619443152,0.0540869388822813,-0.0595953273507215,0.0152383865848618,-0.0490873526663271,-0.0828464624896893,0.0773696832972769,-0.013813526130367
-0.0422293003467292,-0.0468048824275001,0.0190052012708045,0.0342637445416209,-0.00260869354722521,0.0916373572012442,-0.0476490935888696,0.0202258498832155,-0.056552088976333,-0.0624752281755512,0.0405325526291682,-0.0205653684270829
-0.049827417622426,-0.0431429187327814,0.0285228326714091,0.0399004208312817,-0.0033167750834801,0.113915424548014,-0.0316198175895612,0.0107523119202329,-0.0478276900459855,-0.0408856159232103,-0.000478490563850936,-0.0109675839005806
-0.0532643375153763,-0.0289143886164404,0.0317281400624041,0.0515889567333132,-0.0155233228435049,0.121682802156179,-0.0149178469189849,0.0055434092725492,-0.0397625747901216,-0.025835004296782,-0.0426976257855508,0.00183621878761243
-0.0543053591682885,-0.0174168469266237,0.0419134448115197,0.0453977860042496,-0.0217581194291132,0.120223123290158,-0.00705362032072947,-0.0145472340294298,-0.036957041184826,-0.00465388175991975,-0.0561537545050399,0.0222613477890009
-0.0499525820271703,-0.0107862916129495,0.0465576006226614,0.0370888593145817,-0.0292790711840904,0.102214467008322,-0.00265381564134365,-0.0211387338016957,-0.0305040430645514,0.0163406966940066,-0.0643577851536003,0.0545373111386621
-0.0453115869873033,-0.00495292899226825,0.0429531119366648,0.0262919374331373,-0.0295769696539058,0.0752822807455133,-0.00470321722049443,-0.0322650674506689,-0.0242205227560479,0.0295458369033395,-0.0682245612007605,0.0893113062393415
-0.0290553116078456,0.00057590013770557,0.0415732185426606,0.0118312256409281,-0.0329153042068466,0.0398754810326316,-0.00383624363395269,-0.0380026490012932,-0.0171023474598209,0.0324833844229332,-0.05701934606656,0.116969871788501
-0.00847525532618735,0.0103905761418019,0.0482126447423801,0.00203536052199465,-0.0296310239323614,0.0119458010046287,-0.00715224096065238,-0.0417803434491387,-0.016980461759297,0.0292722337748783,-0.0370997915830422,0.14579593963543
0.00770040676438869,0.0123171196564425,0.0424678195089083,-0.00497949235838317,-0.0265703945383151,-0.0179122111931432,-0.0116458356024577,-0.0350767113701316,-0.0121603457016601,0.020271742428342,-0.0289164094133165,0.163096342970889
0.0234687738555152,0.00889827913116451,0.0363751946597676,-0.00324332957076714,-0.0231676680816113,-0.0364345416666608,-0.0197262473275,-0.0319435713038058,-0.00626542435344058,0.0231351105337403,-0.0162123173300154,0.154204227632285
0.0120797705165224,0.0053358290993366,0.0872835897218547,0.0533298824941339,-0.0199418932289325,0.00648427856643978,0.0864874977108762,0.00094258139190441,0.073848228247577,0.020262748896178,0.0650449172925717,0.00213954208771813
0.0163655947907851,0.00780919084796371,0.0892157356078392,0.0551989472577105,-0.023265447291569,-0.00184519482707217,0.0729600810685402,-0.00210706398533326,0.0640379467491213,0.0133233943037463,0.0927623410950731,-0.00729937030769315
0.0148039966491387,0.00943733569003785,0.082476066308819,0.0266336007515705,-0.0242884684336204,-0.0105365268682745,0.0546249285628522,-0.0136711815153553,0.0412843644392983,0.00531854677950146,0.124287110600366,-0.00349994371475241
0.0121495893958051,-0.000364123934557277,0.072222526943648,0.0204929877161003,-0.0261614029431753,-0.0152921961751539,0.0261884115976776,-0.0114193891143518,0.0184575459236522,-0.00530027102029638,0.151267981756925,-0.00780483567752583
0.00928260417031581,-0.0119971767874085,0.0495645404558623,0.00802883509596923,-0.0193786116320219,-0.0192382844350587,-0.00885193303287386,-0.0103604678474356,-0.00494148618249758,-0.0179875316602303,0.177825202982991,-0.0108361393510876
0.000820976090573258,-0.019552376689643,0.0332067596219739,-0.0338286303648141,-0.0157401328563106,-0.015118934042299,-0.0312071141527175,-0.0142949257135296,-0.0380165201041867,-0.0341728104955035,0.187779056306222,-0.000757432053915331
-0.0141736769557517,-0.0164012984663794,0.0132606101535758,0.00291174288903108,-0.0161916320498939,0.00363166848832917,-0.0563963871981635,-0.000892347579046315,-0.0502545512753356,-0.0419153222135123,0.173133976676097,-0.00734506550003612
-0.0271735270608186,-0.0223468055634622,-0.00425829599031722,0.0149118548990694,-0.0163050681852596,0.0295619354983044,-0.0665006165511984,0.00395428988444219,-0.0516431893752899,-0.0410384879877778,0.143996180110882,-0.00950677752490909
-0.0402519540107842,-0.0336684543358411,-0.00840669307785508,0.0161381843164725,-0.00331383036611038,0.0667398678098346,-0.0701336004761526,0.00486938644919697,-0.0516995401797463,-0.0279397177844662,0.112754534854724,-0.00684863208448107
-0.0484365605428167,-0.0440813059187877,0.000127020272256802,0.0205947316152206,0.00998996305978069,0.109022689791286,-0.0573760075721026,0.00375249763019354,-0.0497543199411583,-0.0159799458051572,0.0720753524420932,-0.012393067281363
-0.0520963589455856,-0.0450553130249661,0.0114899508125201,0.024945254228969,0.0101512583865235,0.137183213621344,-0.0410168161524244,-0.0012664208185254,-0.0426458728169845,-0.00278413247569776,0.0250586294809033,-0.00499414316970598
-0.0535682658265956,-0.0356764247111083,0.0191450550941921,0.0269190605390737,0.00621735104666981,0.152783939214656,-0.031041322921229,-0.0132437191790392,-0.0350300551034306,0.018393168099634,-0.00929475843002896,0.00804856193489616
-0.047935574535988,-0.0280446661187799,0.0290800914599716,0.0300209682727671,0.00308723676131436,0.150231327301166,-0.0178755024361711,-0.0248446751190902,-0.0258887990513546,0.0264371848416842,-0.0372742826157012,0.0271626221977199
-0.0353199462501024,-0.0198968873287873,0.0375421824261356,0.017710655159805,-0.00459955797314693,0.130938600444379,-0.0146973508443029,-0.0363456611375606,-0.0272477363807122,0.0393630063115072,-0.0438644734806173,0.0474634012075244
-0.0241763865757279,-0.0163342311962443,0.0428162640933038,0.0103366274033363,-0.00728166696336427,0.107003736613582,-0.00995844244542596,-0.0418295897272773,-0.0231884878351613,0.0433454552984392,-0.0440258100617585,0.0724820435899286
-5.60893505903558e-05,-0.00649913342228881,0.0528220115434563,0.00499207311100869,-0.0130526915197376,0.0750171919512352,-0.00968767578862021,-0.0487558307169396,-0.0241096732529922,0.0477065293743929,-0.0369827309373242,0.0997218721456103
0.023134782861985,0.00549832956378702,0.0546308317594563,3.80821466578354e-05,-0.0167807441685668,0.0324586088191567,-0.00944799441691578,-0.0469514892863168,-0.0168728843121305,0.0340677133612482,-0.026584136999198,0.123211927922177
0.0393296911592576,0.00912078225968618,0.0529831839990946,-0.00841761680599913,-0.02076591296479,0.00619067049215488,-0.0135538749550471,-0.041892480652442,-0.01137742501463,0.0303972007462333,-0.0153936254739792,0.139813785756184
0.0541540482055153,0.0115815299611166,0.0487247986708332,-0.00804937619427928,-0.0234973547183909,-0.0137936230681372,-0.0173428732917932,-0.0350127889936467,-0.00471809288457506,0.029870211740715,-0.00419283510193041,0.141468301812123
0.00764632792854036,-0.00186475042096951,0.0779379765679396,0.0431968430566936,-0.0148949659017601,0.00610139690398562,0.124996006684153,0.0015919426228294,0.0481089115315863,0.0255258543456881,0.0418214197735933,-0.00533199480256264
0.00383489991632053,-0.0055977692919483,0.0800592779505655,0.0408393328308278,-0.0117398430624456,0.0022092579191788,0.116858590173686,-0.0019301509687384,0.0347309669384955,0.0200387919334818,0.0686819501679088,-0.00743044202940848
-0.00209038150810399,-0.00328666926152361,0.0728032536747411,0.0199316486041155,-0.0188047224838435,-0.00705812944354241,0.0905262484411749,-0.0114808172494595,0.0138727683310766,0.0238476891793486,0.110465536420945,-0.00271156299639369
-0.00671805845898038,-0.00427951363785126,0.0578335427299069,0.0186984546545739,-0.0226686008587316,-0.0117809480952843,0.0576599959391589,-0.0114151388546038,-0.007936134708224,0.0198884661998245,0.142883253558844,-0.00601528161339346
-0.0133776147348405,-0.00320667636393528,0.0351915050159388,0.00615688160826878,-0.0281242222166615,-0.011720900307907,0.0213127210967788,-0.0121975195677876,-0.0250455269375567,0.016524327055849,0.167301827669301,-0.00629762080582189
-0.022880659019683,-0.0163358909250412,0.00750119140449117,-0.000563929023825618,-0.0191147249320475,-0.00761388685637882,-0.0123645593429085,-0.00699696364011579,-0.0460199018199581,0.00570637270208345,0.176440640168116,-0.00630695823780307
-0.0304353214175373,-0.0174180902917268,-0.0112295731741426,0.0107322149397456,-0.0199402525427054,0.0042051524717354,-0.0380238876044645,-0.00189836508627122,-0.0528536082648911,0.00443215574478413,0.169676651918814,-0.0108206729811945
-0.0465338234286716,-0.0262074076848141,-0.0337183710262925,0.00805014699054576,-0.00951550707329337,0.0360357565878985,-0.0612144006958425,0.00101279623270438,-0.0561012418534513,0.00843663005127117,0.157494474014105,-0.00786444220185015
-0.0491633894330652,-0.0362086592865775,-0.0372520144644891,0.00736554294366908,0.00268814459872257,0.0721330762565995,-0.0624604013683741,-0.00357684617053502,-0.0494926869776441,0.0142061010868967,0.119613812393732,-0.0106865064589978
-0.052656759695386,-0.0400996967851134,-0.035471909953232,0.00949748093580683,0.0116474549051582,0.104199714396522,-0.057849319619662,-0.00796873895937955,-0.0384040467834102,0.0191094592064738,0.0762928679691867,-0.00521826607900997
-0.0493055639840687,-0.0420056324569755,-0.0235276364147538,0.0120240690177299,0.0185812633724066,0.135840468963284,-0.0487085107070275,-0.0157933952143747,-0.027182704389102,0.0275059242181703,0.0324274466546569,-0.0018515516928679
-0.0423655137261011,-0.0416520266086455,-0.0124433025478015,0.0136687818372829,0.0205340985145278,0.150959709699948,-0.0384840221344953,-0.0226572447748649,-0.0187196153322706,0.0403424973891983,-0.000732837439136116,0.00606770258327901
-0.0327579529681446,-0.0368609214729453,0.0041451353957363,0.0107745481914718,0.0210746699202073,0.158638377392049,-0.0255540763093287,-0.0347448916099405,-0.0175396734480025,0.0440454325983236,-0.027770543990058,0.020184161506508
-0.0104068554251015,-0.0257179785397518,0.0239343219262628,0.00663577319139182,0.0151190906408885,0.144629289558426,-0.0229736615940303,-0.0454564891770824,-0.0207776876112797,0.0452759253816768,-0.0294306513681844,0.0340156397948155
0.0137234725511385,-0.017698498372445,0.0381115559167877,0.0044076623565618,0.00853244615515067,0.118515743436167,-0.0169308088515365,-0.0477925731205468,-0.0215944890066741,0.0454443997039174,-0.0293586049811955,0.0544693868675521
0.0397357942219869,-0.013827139761989,0.0507865902483173,-0.000924652231356073,-0.000685015870527247,0.0856309492997488,-0.0214321058596453,-0.0480445856425072,-0.0225152697837223,0.0491065618420463,-0.0129043907793724,0.0772759053353911
0.0620768628261693,-0.00846466229669036,0.0571602622844761,-0.00598422266815252,-0.00841425125795138,0.0506456315245615,-0.0203344152551902,-0.0413408823729637,-0.0217366598726296,0.0388425419937799,-0.00312656373675382,0.0976238557159465
0.0805391328474041,0.00456461748170675,0.0560555342901254,-0.0118556410517888,-0.0188288349693757,0.019029216487929,-0.0185482336789198,-0.0355762539181257,-0.0181244884506462,0.0357016965753954,0.00658325067740715,0.109374935683109
0.0898978886665289,0.00583270553549322,0.0549233064365653,-0.00620791227778807,-0.0252459429260139,-0.00793521759728153,-0.0239176501613751,-0.028539848152884,-0.0111187309097542,0.0377191839437978,0.0189133298551342,0.106581161324194
0.00559903317315382,-0.0152748463031553,0.0695955724804239,0.0313293511010837,-0.00544652968400479,0.0155108367682276,0.156775917351134,0.000192046174792003,0.0271396890795938,0.0255875243837674,0.0149934566245206,-0.0119840672604408
-0.00363318646162863,-0.0152105925066545,0.0680976858898693,0.0294508613128852,-0.00614085273612076,0.00879421960944436,0.150759923636165,-0.0024109492615445,0.0154661233788382,0.0245287977426735,0.0422385572175354,-0.00693021516097378
-0.0145264516000723,-0.0147009798592897,0.0561989905997102,0.0101657113151422,-0.00276804521761678,0.00710133846495215,0.132289908399998,-0.0113475938882666,-0.00447792134289575,0.0284470349683847,0.0761010987039386,-0.00378768677803875
-0.0245370154405636,-0.00913096939735757,0.0375229289929885,0.00621572156715937,-0.0149858057752329,-0.00323341286561663,0.100742945323315,-0.0134903790206787,-0.0278904947233606,0.0286519032518343,0.109902000618652,-0.00216636127342785
-0.0355843080857011,-0.0059979018070237,0.00381117504140204,0.000253026041614019,-0.0136359791459721,-0.00264657789754533,0.0589109943179468,-0.0169899625723869,-0.0348672183489545,0.0281886111592306,0.130915406885358,-0.000719744419297228
-0.0416230652036441,-0.0118466944904372,-0.0205752410431777,-0.00281115002773276,-0.0227006170296443,-0.00748789265420514,0.0217443669001918,-0.0134952623917754,-0.0483398331237199,0.0351460227809798,0.145471438331407,-0.00142695601445286
-0.0537625648352613,-0.0169797762423473,-0.0504150508620291,0.00257168764063378,-0.0238385496060875,0.00336436017851687,-0.0125966194377784,-0.0119055872153293,-0.0441696919687852,0.03546087032182,0.138943032182089,-0.00376424475453372
-0.0566972071775743,-0.0195593717216075,-0.0718121033791402,0.00129469229597359,-0.0169795502053553,0.0259092353540544,-0.036678094380856,-0.00749865802948637,-0.0408018025196853,0.0317228464049938,0.126078184570459,-0.00157911890292091
-0.0576178967589849,-0.0236854047122292,-0.0840067147635569,0.00394078835954214,-0.00454270725651494,0.0534123354385495,-0.0423595761921364,-0.0131738069997425,-0.029576507002061,0.0283385408130152,0.08958092530339,-0.00261000206817063
-0.0472534182722149,-0.0273944809234619,-0.0833621546096059,0.0080997638346658,0.00999438072810736,0.081615481853711,-0.0502627158852908,-0.015945677993785,-0.0169081490477729,0.0282010454753425,0.0576011831100545,-0.00680949903549924
-0.0361193286473317,-0.0377538413338326,-0.0729903704508983,0.0052292600276135,0.019684691529518,0.112526348236463,-0.0514163524271771,-0.0231493534516677,-0.00500495075464942,0.0344363037079455,0.0224442355457971,-0.000416301289730498
-0.0228763315091418,-0.0352111396655328,-0.0507684999477184,0.0117777255151215,0.0245153514047573,0.136292733507124,-0.0367038799556317,-0.0299474281998015,-0.000951545553409648,0.0392653680069676,-0.0142763688355847,0.00131430340703267
-0.00616639955692345,-0.0345733448865361,-0.0284335447534099,0.00990609175587882,0.0217705869519972,0.141953288965289,-0.0310259438436333,-0.0376981200237784,-0.00170129858521955,0.0494907651294356,-0.0301290029478971,0.00938588809356824
0.0225045945497023,-0.0260972951289025,-0.00532017673104244,0.00581571477875064,0.0177899291297294,0.128920149394338,-0.0248441583348055,-0.0453448536338662,-0.00596256924800449,0.0519491681413114,-0.0307694830134299,0.0256706157059589
0.0516809453283041,-0.0185429599420195,0.0167937122528066,0.00312145740063503,0.00780404862673017,0.107531290278162,-0.0221263147336468,-0.0427465013174395,-0.0135593802351558,0.0509696953089077,-0.0214847784696172,0.0391577400154972
0.083074649377722,-0.0131452260604616,0.0389530865663507,0.000433374800687112,-0.00218530137749238,0.0773380888347427,-0.021568272194061,-0.0414515647741325,-0.017959604167081,0.045156748418762,-0.00661083529718895,0.0512661637037863
0.104653719848749,-0.010600881593897,0.0502872813326153,-0.000552194329223315,-0.00495907358267318,0.0505809612335326,-0.0250471353980021,-0.0352030736320518,-0.0201613651760691,0.0407892146144508,0.0074512082345787,0.0620847321754586
0.121223078511948,-0.00826954009483649,0.0541690078336623,-0.00910699902812742,-0.016137887651751,0.020620934529329,-0.0220898776401002,-0.0263039888468922,-0.0257134281001606,0.0354767474519964,0.0142741260772143,0.0685454339066403
0.127423332929788,-0.00550673649222489,0.0563111851034458,-0.00678873084677518,-0.0231169221199904,-0.00545938185136248,-0.0181295289568861,-0.018474803221609,-0.0212213318172392,0.0343927390227386,0.0213848920025748,0.07531913345736
0.000840431187564949,-0.0209914838728767,0.0574864278920517,0.0244647093523261,0.00415374847175053,0.0187106307105464,0.180124487870299,-0.000371125384032534,0.00604022052022967,0.0246115824548448,0.00256297314498655,-0.0130117621657142
-0.0126995457575876,-0.0176529883008956,0.0524105737823326,0.00742067099029651,0.00519411198895529,0.022432253009577,0.181888561567172,-0.00841518867998656,-0.00038882212701796,0.0248199394781895,0.0169366310072431,-0.00471012242576227
-0.0200319671213024,-0.0121086982230087,0.0396287191331734,-0.00173652255532915,0.00478726918847761,0.0160867502439791,0.164642786007507,-0.0180725572069919,-0.0134700638462273,0.0244891091674495,0.0407650289636351,0.00270409732697121
-0.0310953930084234,-0.0120898044996171,0.0128788703643502,-0.00113372001088527,-0.00465383590512739,0.00909611088310999,0.137023029766165,-0.012614172089168,-0.0315675315270363,0.0242257560856058,0.0622934422475756,0.000911089334309411
-0.0421368907114083,-0.00454837779965574,-0.0263880949536131,-0.0123033738915171,-0.0111092234770813,-0.00378859813262488,0.0970997002493815,-0.0181635671231841,-0.0363815779618867,0.0275110665456569,0.0845376842763255,0.00691740533867475
-0.0527440042484004,-0.00956442745512062,-0.059701157762158,-0.00567207435298073,-0.0234796341042239,-0.0119498304964862,0.0518043193550566,-0.0108049516271657,-0.0394629552391967,0.0265892932870116,0.0981707950836535,0.00926045539555613
-0.0594610878381126,-0.00786792373496998,-0.0872760061455564,0.00416749920462067,-0.0362132654426132,-0.00606521298174848,0.0134847052233729,-0.0135314192621454,-0.0354967129713892,0.0426083879316886,0.0989800047152612,0.00197287213206755
-0.0618660474692156,-0.00495461153701933,-0.113465550389845,0.0106543136859942,-0.0359460350999103,0.00387541012347448,-0.0110434283531308,-0.00974215142585825,-0.0300684378372749,0.0333372863825276,0.0827345773776224,0.00332225071012071
-0.0615848562778296,-0.00488377522030233,-0.134302090596902,0.00977982713065049,-0.023355149690577,0.0284585697694882,-0.0245129458031945,-0.0123467569689799,-0.0156564349874059,0.0311379149708438,0.0507818568069858,0.00754813263247118
-0.046809983196505,-0.0127497728889323,-0.129009120024156,0.00675632321702145,-0.00518495244487662,0.055027302891439,-0.0334209370601583,-0.0221867970991947,-0.00812387133870264,0.0312976905374861,0.0271000315285133,-0.000861390126847266
-0.020908278882203,-0.0241445295454815,-0.111835423663155,0.0200914720070189,0.00566854480158376,0.0791361868674135,-0.0368626978368718,-0.0188071915625584,0.0114428420594026,0.0302070072815319,-0.00277521553505917,-0.00578197960433288
-0.00101419742566406,-0.0249249116219288,-0.0973242804393278,0.0158994371621843,0.0166365137686153,0.0932442130775691,-0.0377334245352406,-0.0274386926597716,0.0147382822016811,0.0293972923757921,-0.0197692418416254,-0.000440016790696016
0.0219258587264505,-0.0227972607974874,-0.0652414241074577,0.0125567350261948,0.0182024521549276,0.104486819649343,-0.0310935885249248,-0.0299731964821657,0.0104042038188162,0.0343621825260529,-0.028992470626938,0.00947442083563573
0.0576242514056405,-0.0178933365639517,-0.0403070398070432,0.0104541899186197,0.0175635248007083,0.0991305703563687,-0.0287829034847215,-0.0308308606934821,0.00532734489140748,0.0325343397512353,-0.0266490377389812,0.014032715919067
0.0913858773206521,-0.0185595965279008,-0.0113117941678328,0.00514553211926105,0.00985865333517064,0.0835218926437758,-0.0269261395322762,-0.0311179171608223,-0.000973634429752297,0.0326990235311634,-0.0194041255672085,0.0233417869766427
0.119438604660655,-0.0210696643182318,0.0151408711409637,0.00815274844615463,0.00484503822320002,0.0617102664600582,-0.0217617833732122,-0.0237807045486556,-0.0106978755335647,0.0271910123237298,-0.0103632738059233,0.0264020720083487
0.144163971274587,-0.0156981619048695,0.0364969393618689,0.00293476893506239,-0.00630487530465444,0.0397821825687719,-0.017369491289624,-0.0170765531455392,-0.0227943096858518,0.0259644312156098,0.00375062197676944,0.0317635749329695
0.155427077423512,-0.0167543061886867,0.0512247585898486,-0.00510125120071442,-0.0127013664252849,0.0209144301877419,-0.020248005845741,-0.0160186401022131,-0.0299042484628405,0.0302484217689182,0.0195236236437742,0.0381827468830907
0.157932672491861,-0.0126018371051066,0.0498562387175029,0.000204107986540047,-0.0206590941881708,-0.00323752769174077,-0.0150390041956465,-0.00797020597095797,-0.027613606947902,0.0306510554923634,0.021210927517407,0.0376249573435803
0.00279111739871702,-0.0232222704424995,0.038037649773268,0.0161170547367717,0.0130500970846012,0.0187961841551128,0.200499018343836,-0.000280281225181514,-0.00503441760552607,0.0162347822270734,-0.0230617194106222,-0.0179280175938347
-0.00780760289240079,-0.0227131883271249,0.0272724769781622,0.00607731912596023,0.0145735648049265,0.0185051667206633,0.201479065948571,-0.00887862118958511,-0.0124208354781757,0.00637099254396435,-0.0171187256369167,-0.012946041062115
-0.0197318364590051,-0.0118995244922154,0.0127525430453924,-0.00326710834166261,0.00601902803351291,0.0141803377097503,0.189713119432276,-0.0199568261048192,-0.0186321298106269,0.0124808694562069,0.00113408362394378,-0.00401640048230729
-0.027617289972197,-0.0107792965381683,-0.0118892725308386,-0.00249495925348458,0.000189667878201008,0.00319817642751427,0.164943684255829,-0.0119219870796321,-0.0332642844452352,0.00765384180847879,0.0179768580327757,0.00103501747434719
-0.0369108107489792,-0.0156558818770318,-0.0485439889288682,-0.012582744813861,-0.00603487288123001,-0.0134303374740739,0.126513937792518,-0.012522381942482,-0.0381360133842238,0.00777054643923926,0.0411657166572384,0.00706165191706984
-0.0485314834423402,-0.00741254671600875,-0.0897829462917805,-0.00912244787985768,-0.0282333362689853,-0.019866785887267,0.0775754501312169,-0.00930897010312926,-0.0376576116422875,0.0217110458826945,0.05637324051177,0.00793901449463489
-0.0551293937218295,0.00282490031599295,-0.12476876080277,0.00160385995442297,-0.0401368216998349,-0.0214299271505214,0.0356694539060517,-0.014409134067068,-0.0286079392214372,0.0307467477471593,0.0609098169454709,0.00975742599225471
-0.0540597060996081,0.00956202958356055,-0.150546093668211,0.00951970651090785,-0.0398837965393836,-0.0132651780190198,0.00719063186384022,-0.0151377374502722,-0.018427663232134,0.0284792066087799,0.0483565582793437,0.00991956745201638
-0.0410349075624582,0.00620163896803427,-0.164359746941981,0.0114111172525384,-0.0300893563108454,0.00667891931729768,-0.0103537452772736,-0.0149555403145078,-0.00596444689912274,0.0281549485896637,0.0272028221232797,0.00255516262847246
-0.0242121130162004,0.00313614742937244,-0.163588208667275,0.0124447155898902,-0.0154188828342685,0.0251732253787063,-0.017857403890734,-0.0194041815929543,0.00461505726597343,0.0216096044553906,0.0055583552829831,-0.00282871218319203
0.000791550350871461,-0.0120839904260965,-0.145495605814504,0.019303336384782,-0.00222964817694499,0.0444410453016931,-0.0289681714502316,-0.0188185526342345,0.0162646441845286,0.0243864980453591,-0.0112352419074192,-0.0128770103578885
0.024954557706596,-0.0136189832262381,-0.128153944557453,0.0227250444056924,0.0064301157249966,0.0532850434270469,-0.0278415867611274,-0.0171313455373361,0.0208702497846788,0.0181224508767685,-0.0251001438224326,-0.00704995800885337
0.0574119390123155,-0.00950879006252174,-0.104986789922097,0.0215310272365291,0.0072621478891898,0.0519032751864165,-0.0266681557143311,-0.0191883431343604,0.0192188060004893,0.0122942106629614,-0.0313270322004451,-0.00217376416543744
0.0941923388823665,-0.0115818473132751,-0.0716186604084008,0.0181986200575643,0.0096448157310175,0.0555750606214591,-0.0239066748924932,-0.0173526853297261,0.0122882588684166,0.00866433972760653,-0.029267575093879,-0.0021824873123652
0.127787486897285,-0.0191144024781603,-0.0420667824358113,0.0120914062953026,0.0108467197849255,0.0445924534752896,-0.0262201985041198,-0.0154975668879322,0.00354912775698428,0.00740525884957337,-0.0184994399318524,0.00492481799922979
0.157939672933391,-0.0160977786273455,-0.0058340765303242,0.00921616615793184,0.00461856667280048,0.0344689763379028,-0.0210131256058082,-0.0141563852948782,-0.00474285671359646,0.00441937927055951,-0.00741090405861542,0.011032330542574
0.184269513503981,-0.0135258432762042,0.0189669803688829,0.00555738147921469,-0.0105160364710878,0.0168894220750181,-0.0120956326523967,-0.00670249117942151,-0.0161401792301176,0.00876167208463067,0.00100730170315704,0.00970791273740934
0.191791984104888,-0.0179479914197822,0.0369112076642417,0.0020248043895602,-0.0173729039796567,0.00102887753322596,-0.0103635869854686,0.000833798463093999,-0.0297156308189937,0.0119780451530059,0.0116412133415181,0.0104951373075522
0.184976162632677,-0.0206141532818765,0.0428664378085959,0.00635571606454963,-0.0186539668238863,-0.00861511553813049,0.000249021763544924,0.00366041072264667,-0.0354006345974198,0.0200701138861008,0.010761774267972,0.00541314407547863
0.00558581215381488,-0.0206146919175592,0.00643815737457668,0.00538979743907675,0.0190878290752388,0.0123095826410299,0.207310722551697,-0.00810649070659566,-0.00777241434809591,0.00327070217642409,-0.0474914649835745,-0.0163143609600709
-0.000853604588856511,-0.0234766719423196,0.000353541134291432,0.000123173565696048,0.0228454476075764,0.0118780359256951,0.209073086614472,-0.00803166722532755,-0.0174127413108057,-0.00717722969227137,-0.0418465687355602,-0.0121910993918594
-0.010804837391919,-0.0151792202920279,-0.0183809451113792,0.00171188483890065,0.0115154716397304,-0.000791380231555486,0.201095255312581,-0.00915946811516845,-0.0198405498450363,-0.00939087520733789,-0.033925276445487,-0.00474735456961998
-0.0183338679279793,-0.0129308299148294,-0.0410057977674256,-0.00507204440882514,0.0025801081032819,-0.010985683219419,0.179239479356065,-0.0128033472407363,-0.0272023498021991,-0.00862869202290503,-0.0204347322754008,0.000814269416309712
-0.0218991897601232,-0.00793913830691971,-0.0750156352261669,-0.0101756195451937,-0.0112205893441197,-0.0214784312300445,0.140336855617442,-0.0093469378339736,-0.0304173944380102,-0.00705303246947351,-0.00255320388661161,0.00922414345144235
-0.0342092664767249,0.00038881935223623,-0.108175259887591,-0.016862361304164,-0.0249786144446958,-0.025928136828631,0.0993553665310551,-0.00925894592189439,-0.035553792490613,0.00158934770584267,0.0199120452440648,0.0165918089210437
-0.0368370046613579,0.0129781073142758,-0.138652391613941,-0.00405512640411657,-0.0357150986334803,-0.0324263967887167,0.0599997206595678,-0.0132076496168271,-0.0251253024303222,0.0106624935599434,0.0238911693237132,0.0235314902231783
-0.0308106172793227,0.0112982986896196,-0.171598543597247,0.00704714959596047,-0.0366767174915305,-0.0291468591229112,0.0244166795073008,-0.00826362828600316,-0.0120899065066704,0.0135658550292563,0.0205523095261096,0.0144017222198698
-0.0163468078728445,0.00883879756116423,-0.178968389770149,0.0185208807768083,-0.0300775400724302,-0.0174710419459437,0.00377675124401942,-0.00975430194855874,-0.00196239437426921,0.0146632548794341,0.00880216601529324,-0.00329689129763265
0.00141486432930164,0.00875080823154588,-0.181467150440589,0.014091458855794,-0.0204205376679087,-0.00505900912188424,-0.00676668369306774,-0.00955726589986705,0.00749647067046449,0.00815748739858309,-0.00218099020978894,-0.00644588878295963
0.0307179741574677,-0.00588271178152042,-0.170919931297549,0.0230656669757228,-0.0112935936058646,0.00175233798509454,-0.0171466802754114,-0.0031493846632094,0.0154239696494296,0.00457697925024789,-0.0158261590895672,-0.0190675585441285
0.0574039024047464,-0.00827898383882271,-0.150834610421141,0.0296290730026818,-0.000812206171089417,0.0147312617246994,-0.0200094652552462,-0.00454826788889666,0.0228512300577308,0.005104060352275,-0.0246804493884068,-0.0213123864057474
0.0856856114229097,-0.0037937982680391,-0.132407127078654,0.0299694193194791,0.00316767935128191,0.0156276516873205,-0.0211050911811253,-0.00782800687647558,0.0242866330599885,-0.00177594364891846,-0.0307965025984033,-0.017086617796592
0.125400553976837,-0.00854765047335651,-0.100878232135332,0.0262239024326981,0.00514918786808931,0.0153908326197382,-0.0166499765238511,5.29010824658355e-05,0.0132430175367271,-0.0102817657413822,-0.0327331409713606,-0.018348576875576
0.160296110952582,-0.00453943894259002,-0.0676596032860661,0.0186247824785947,0.00499400729545533,0.0142468336966305,-0.0185842368550106,0.000260404851327146,0.00834376984672348,-0.0176406996360158,-0.0268030621632135,-0.0139020292683927
0.190421226499207,-0.00281413425800935,-0.0316722825202342,0.0169851652382378,-0.00943946250892284,0.00353993158039993,-0.0143502319761354,0.00113728637515567,0.000208958654850993,-0.0152448568666837,-0.0122946994927586,-0.0121880252154297
0.20597473971319,-0.0155155447825093,0.00511611427706598,0.00973560360689571,-0.0119760051702323,-0.00303304967806416,-0.00211130923223616,0.00640744358161453,-0.0173697309514503,-0.00337855897867101,-0.00174370858867878,-0.0129400560405403
0.211029872880711,-0.0196146934334435,0.0255645245116367,0.0108689195729733,-0.016879665530371,-0.0111907864735907,0.00288377933173106,0.010339547811699,-0.0306399580590892,0.00396136038939296,0.00359376668014091,-0.0115841095468282
0.206514498540986,-0.0149578819611503,0.0257890841818862,0.00398683561059104,-0.0240716563704893,-0.0224110184191346,0.0105654254693819,0.00976226315481003,-0.0401178491719826,0.00250588138944601,0.00562527347845237,-0.0101715584149135
0.0153214503629325,-0.017115193613219,-0.0175141868878948,0.0176310590241306,0.0158087147853508,-0.00410502870465368,0.19690063920966,0.000246016592723211,-0.0028861541950198,-0.00575535067066462,-0.0603363227494528,-0.0146702183263875
0.0091983322024823,-0.0160513892308408,-0.0298654749719146,0.0120526550307692,0.0171096250147515,-0.00202065174623647,0.200156376226077,-0.00294258788465588,-0.00786322258345834,-0.0173728845167175,-0.0601419192417539,-0.0112236962950505
0.00065736815588077,-0.0111771127351453,-0.0499609340847683,0.00389860026640016,0.0095964285158142,-0.0164257137939492,0.189344689311835,-0.0076929700837058,-0.0170974974135129,-0.0195301474286605,-0.0490938166773172,-0.00235443284837516
-0.0046041841513221,-0.00306402938008186,-0.0650688493183893,-0.00155004420783225,-5.36039071867556e-05,-0.0205206547648118,0.174550550694184,-0.00878461666023901,-0.0187246489573906,-0.0204982576456638,-0.0404602690763796,0.00992256707752381
-0.00844810597779781,-0.000713629431248812,-0.0963294623165472,-0.00674854343059457,-0.0122428076218493,-0.0326512635283557,0.139661169940244,-0.0118716140580821,-0.0187727665145048,-0.00572325296204289,-0.0213090645304203,0.0162032801622701
-0.0130083566602835,0.0067208890033034,-0.119890093341201,-0.00127317039891144,-0.0255944777993415,-0.0416326156938517,0.109187636370905,-0.00554547939605584,-0.0264201361088142,-0.00618904182914683,-0.00669817696926237,0.019354698642765
-0.00752668541396587,0.0139872928745797,-0.141443277748869,0.00052621060256866,-0.0302804856984171,-0.0418280175087724,0.0757204046158265,-0.00560153838613003,-0.0190726038025143,-0.00674621316143928,-0.00139274227397842,0.0261034387242033
-0.00146997862934906,0.0173975536068878,-0.16559269668338,0.011842097897687,-0.0276837545679165,-0.036774264518497,0.0489750352455438,-0.00413613904019902,-0.00824812978698637,-0.00841583738781937,-0.00699117509778764,0.0170939814261977
0.015026352264481,0.0152793430834275,-0.169283445705887,0.0126626692470907,-0.0270424504245505,-0.0314477522941249,0.0285625643697656,-0.00361618289108166,-0.00475384816648604,-0.0100901652738363,-0.00520806133908224,0.00491035051690802
0.0328097599664626,0.012158382830606,-0.174063771885858,0.0126264250274478,-0.0256601123131979,-0.0286123188737642,0.0107782090112271,0.000613558805789633,-0.00261637004171059,-0.0144050300951957,-0.00915577978772041,-0.00486899962992833
0.0498897349312175,0.00245439409603213,-0.170091100997524,0.0222257118966391,-0.0176231606472431,-0.0246257890695252,0.00298055551705633,0.00519041641708568,0.00498688288390655,-0.013887341851406,-0.0182313605364589,-0.0118477195486924
0.0784244060270771,-0.00279983885425544,-0.161187575472209,0.0281211489997322,-0.0108581539620975,-0.0149410170491241,-0.00787710272975565,0.00614986385758798,0.0164965556260243,-0.0133836099385514,-0.0294857671610514,-0.0181039420769269
0.107695263630991,-0.00735760972620383,-0.138252749205009,0.0330862572950904,0.00253116299138332,-0.00917040154053007,-0.00817400655486461,0.00325886375214766,0.0173868888591704,-0.0205967050720528,-0.0349670608090725,-0.0259713868745456
0.136963394978922,-0.00510557229950616,-0.110905066606667,0.0227791142165003,0.00266804769779026,-0.00758181807050406,-0.00551909203007637,0.00463051684867495,0.0104469356916267,-0.022624400397387,-0.0335665889700379,-0.0236851233619416
0.168640842492599,0.000302948712117632,-0.073454652089729,0.0232014396697052,-0.00320662807139311,-0.0049171749103121,0.000856509140682744,0.0103003237094158,0.00359127297303583,-0.0227328497865207,-0.0280728470513491,-0.0268128350981989
0.194874886817627,-0.00305351654224861,-0.0369226073166093,0.0202656652384541,-0.0106451971247916,-0.0101110259970591,0.00641223283931527,0.0130607875177132,-0.00822609275528489,-0.0198296896731335,-0.0185692808446633,-0.0293018082017561
0.214402547559522,-0.00838938449821901,-0.0108476273903457,0.0110459240914762,-0.0147701053474654,-0.0158625430478274,0.0065237383338129,0.0149185670959356,-0.0176854004214952,-0.0126304404594649,-0.00465962523348606,-0.0254734128800886
0.217258230547208,-0.0100332115514782,0.00397338572385195,0.00700862187345981,-0.0196315683567824,-0.0287908325807858,0.0111319166247636,0.0137696876022152,-0.0322132316977378,-0.0136383589863845,-3.30295989460637e-05,-0.0228526177380313
0.208355000650324,-0.00822359903842839,0.00831947254484141,0.00502085422244151,-0.0265229392969984,-0.0375813607701546,0.0171783598492779,0.0135041461031583,-0.0407564039534384,-0.012794281858754,-0.00129894981098349,-0.0188696013064292
