0.00945594406480731,0.00762931540558797,0.097792691736956,-0.0081327134840202,0.00256712901639457,0.028363654616631
0.00902739792242371,0.00490280317958074,0.0993657958315825,-0.00389750709756626,0.00315093919427195,0.0226121081740425
0.0105271964476601,-0.00363288378408394,0.0962501671977853,-0.00260072156958876,0.0033330054068109,0.0224582849485458
0.01312961081811,-0.00989225226458662,0.0926495450454515,0.00299842061773824,0.00486182057692335,0.0182030879623788
0.0192586796808599,-0.0145806392797629,0.0924508003206883,0.00298638559274187,0.00854611207833636,0.0188492581843585
0.00753351020469073,-0.03405853135359,0.099159015431023,0.00107937581865163,0.0101665781182432,0.00428010982613439
-0.010033157320658,-0.0398187949502508,0.122705145010578,-0.0031966763073905,0.0116725395750546,-0.00865509044887761
-0.0257513852008069,-0.0395654517806617,0.132535726085405,-0.00776408662171657,0.00998231437184547,-0.0184650793081035
-0.0387321239843107,-0.0431750100294977,0.144376404248688,-0.00753109150539329,0.00709685310459751,-0.0314444389074403
-0.036683455681449,-0.0290902758750922,0.147988292817037,-0.00799853779975753,0.00377436069248203,-0.0311557660744748
-0.0321508178022087,-0.0298501377208408,0.148092754981052,-0.00453478894563472,0.000178471185667329,-0.0363332266069488
-0.0349994877585979,-0.0212122193220379,0.147740449196927,0.000261360275854791,-0.00326046476324854,-0.0341128922447904
-0.0304067488275562,-0.0102370430371759,0.150409773172058,0.00186885004817663,-0.00133592542596843,-0.0303086345144101
-0.016678487404133,0.000979725395481071,0.142520245125042,0.00618090964081169,-0.00962290617633092,-0.0243908581349612
-0.0119459466196933,0.00747212973958623,0.145159978739735,0.00408816557315631,-0.00909978847958532,-0.0231378517856303
0.00507104703071469,0.0204564973856283,0.122367883850902,0.0123237083957832,-0.0162923897626626,-0.0120357409658133
0.0100830692353559,0.0254939313554913,0.125394243131347,0.0105195182789508,-0.0156951086936819,-0.00943389782109106
0.0123170946613674,0.0254013075595054,0.125885515267209,0.0101928655605832,-0.0157627177409008,-0.0138273902471863
0.016335560257663,0.027500079261134,0.12344962201713,0.00602286470352895,-0.0163823322892715,-0.012146158116807
0.0246607911727807,0.0323299520460721,0.122048505684681,0.00285797136092907,-0.017377654975222,-0.0114540296637054
0.0309388716413468,0.034833461499497,0.119679977617433,-0.00102179527592391,-0.0173544494506348,-0.00828491955046016
0.0335241850833428,0.0336090444009836,0.116870288874674,0.0014883273258524,-0.0205161684677886,-0.011078438557824
0.0420347152329749,0.037389872717275,0.115011991537595,0.00372937874742976,-0.0182539772303871,-0.00541684661999779
0.0405806398292778,0.0359124128975733,0.112249727261502,0.00521577933088836,-0.0178986480173776,-0.00446764413129162
0.0360843403784982,0.0335896701428331,0.114312713919193,0.00287000534820309,-0.0161718517071472,-0.00309388409191124
0.035398076885809,0.0333276316361586,0.109767528913607,0.00952256009165449,-0.0154730106571315,-0.00378374389270036
0.0290980957762627,0.0327437519703167,0.105016184689042,0.010765739161788,-0.0193953264598456,-0.00613221200727415
0.0294919274447124,0.00697884016558497,0.0641784815272609,-0.0163924661900981,0.00682448730281949,0.0658567552641827
0.0189543988915351,0.0036264304226282,0.0615322230918054,-0.00960360560798493,0.00312924268828745,0.0523862740062971
0.0150111612596314,-0.00811137227891394,0.0569034144982964,-0.00934546169575641,0.00313570551405694,0.0495226849383991
0.0133618489676563,-0.0193192077985583,0.0553835271936602,-0.00485998483753091,0.00270474695937393,0.0378461753660923
0.0185449269096167,-0.0561091048548287,0.0429181270152196,-0.0070126309598628,0.00608014477279918,0.0291858843196414
0.0176356447037357,-0.0986696376764602,0.0363448535347028,-0.00318375788220722,0.00741687255542566,0.00538547809187403
0.00248728367907198,-0.0939837986993056,0.0522476494343945,-2.10447599702443e-05,0.00709821827904756,-0.00397312322813921
-0.0160739624921913,-0.1490430991219,0.0467926466525841,-0.00165087478661688,0.00792978392325739,-0.0267985360549143
-0.0459842960133065,-0.151560836854348,0.0813146641771273,-0.00744114633325229,0.0100690254498126,-0.0468293392431609
-0.0286290647849773,-0.0641821637090574,0.101308457708918,-0.0033442636655745,7.48107849113948e-05,-0.0270996211438519
-0.0248104474355997,-0.0517061066027688,0.101612818583859,0.000244023579035293,-0.00398615925162884,-0.0263165935190976
-0.0281980088926604,-0.0427503112243809,0.105009665257625,0.000632046459197944,-0.00811131746757656,-0.0248228754424921
-0.0243816150144443,-0.0323787472805327,0.107028692134153,0.00333292718377415,-0.00927219168732167,-0.0243799501178267
-0.00906582651352454,-0.0154608318883796,0.0928352109834129,0.00584215655920121,-0.0149044154159581,-0.0127353415755538
-0.0104852325031906,-0.00818846856814144,0.0976924852081133,0.0031860582513856,-0.0182932054389872,-0.0161011081689742
0.00300167148339933,0.000770602734906504,0.0873593586412101,0.00632805323096308,-0.0241408718707099,-0.0132827922605304
0.00806774018315119,0.011643731386959,0.0932693724708406,0.00273890870543231,-0.024474913106842,-0.00843679989378944
0.0116116545909637,0.0177208685420804,0.096411981996604,0.00249586069576349,-0.0229300345272542,-0.00802204868982662
0.0194957524942923,0.0193308103704773,0.0965338765758294,0.00210620876916592,-0.0208129356576954,-0.00441812285071647
0.0263753708394111,0.02268338933383,0.0939676121067464,-0.00144508517573031,-0.0231030961567053,-0.00644372242663024
0.0309073907909359,0.0243620883144728,0.0941968085394075,-0.00266611233946004,-0.023797183005247,-0.00515022206239056
0.0368696102066145,0.03061672366417,0.0931618197920776,-7.95258139143758e-05,-0.0256928135580415,-0.00735179774870887
0.042951943441774,0.029867592022819,0.0909094282552082,0.00401039501807069,-0.0241825620943816,-0.00296840604204518
0.0469606014812503,0.0279045322755687,0.0879223580348947,0.00668929268218727,-0.0213570798422957,-0.00139651332278056
0.047253920979376,0.0309633141145542,0.0831141250482827,0.00869027112526734,-0.0233557845644984,0.000548597166707596
0.0360058906426994,0.0217557842809769,0.0826191427666357,0.0115179097417481,-0.0181782143437596,-0.00641838584275699
0.031473545719419,0.018369031693319,0.0809233518322948,0.0126510737827917,-0.0199245914701692,-0.0141465114288257
0.038607679204662,0.0143145855794301,0.0397560950221694,-0.0267691641107649,0.0160385874247961,0.134105778001536
0.0162446390515089,0.000997019173809519,0.0362506758228888,-0.0111922565189872,0.00057935438290332,0.0733100079561076
0.0176674131264228,-0.00951455932482538,0.0342181991611306,-0.0108754628104782,0.000384651911497141,0.067684106752865
0.0175328047282348,-0.0382942721808378,0.028291141876865,-0.00705586001155763,0.000226572018354241,0.0512568923122847
0.00630192830192172,-0.142297666060641,0.00303430388046329,-0.00824891444180144,0.00538608110018358,0.0141911183868048
0.0046769651024898,-0.155203796031441,0.00158314079252028,-0.0052245875745404,0.00667884686903913,0.00635399163439088
-0.00178195636008304,-0.153160487698667,0.00971672583331024,0.000339542196416706,0.00620168018617268,-0.0028817794553039
-0.00681360407171448,-0.158767088291967,0.0131492227539839,0.00165472488719251,0.00359817799250199,-0.0161207184128916
-0.01843706941901,-0.161204181904835,0.0216685951058031,0.00326508509395483,0.00169997693285703,-0.0224783029677006
-0.0166553856935705,-0.174174706505789,0.014708004555606,0.00419438881462135,-0.000625085170223585,-0.0327577432486437
-0.0172333917139905,-0.170979302465976,0.0175252330748226,0.00838360263462791,-0.00317649173346164,-0.0406100536122145
-0.0180602821098989,-0.149877029001727,0.0269373227687678,0.00696794756115231,-0.00876881631139566,-0.0362643945606635
-0.00425799932119556,-0.0593842251966993,0.0504413889732598,0.00845829789716057,-0.0142959779338328,-0.011370859102916
-0.00495436961814621,-0.0204628476203173,0.0579597503864078,0.00892761265866916,-0.0232233587873313,-0.00564677900397069
-0.00205072608561876,-0.0111897892549359,0.0652515180032334,0.00435286254412345,-0.0240585991440931,-0.00481657124389948
0.00327268811151139,-0.00443776782434943,0.0662710767704228,-0.000265822665270055,-0.0284353836289038,-0.00438730230566429
0.0103461546280915,0.00291003864958765,0.0702362490415218,-0.00255199691628859,-0.0294525651236081,-0.00733114650489235
0.0170364471953727,0.0103550398914536,0.070908731780722,-0.00536443096657613,-0.0272636447800452,0.00248418746254673
0.024394941054554,0.0151383006489347,0.0752151749872318,-0.00254927506779077,-0.0257511280883507,0.0038113553849144
0.0307051225877125,0.0197136698091308,0.0753541325186196,-0.00320080145780899,-0.0269538611224674,-0.000349291199542341
0.0345287334344136,0.0212815339679773,0.0758915340264057,-0.00211473897026635,-0.0290324219176243,-0.00459124138899331
0.0384195288129872,0.0197542378987728,0.0732581240304836,-0.001162026142297,-0.0283021763000149,-0.00617031027732308
0.0416193351601457,0.0179944660659911,0.0719461739560617,0.00123974153137679,-0.0290151982728688,-0.00397791648531817
0.045717025748804,0.0250137512777849,0.0681382059482367,0.00891121463080131,-0.0294055896043967,-0.000457314574940629
0.0427944477631578,0.0260981579647979,0.0680230059973823,0.00889356923523666,-0.0277037328362886,0.000918992874520878
0.0412953671886769,0.0213153949220069,0.0641858475237559,0.0100975544709604,-0.0248753368595798,-0.00426097026343413
0.0318168058669489,0.0166983361656041,0.0577311464329664,0.0085740220417707,-0.027728253261313,-0.00368351196123597
0.0438965221454066,0.0140208901980217,0.024152799235665,-0.0254641239456557,0.0168051406107301,0.148347283469743
0.0338389867513268,0.00915279840569517,0.0185145820655677,-0.0243270286085407,0.014292349678395,0.142996384791939
0.0302307324228735,-0.00183093791837317,0.0140071240507603,-0.0231363533949409,0.0101664831888049,0.139583333166548
0.0175167227114572,-0.116126662390589,-0.0147496475266661,-0.0246538948503781,0.0147183158703917,0.0982572737743332
0.00334324358227786,-0.136620892670407,-0.0123458457961856,-0.0130024850238068,0.0021164149849089,0.0413531491058024
-0.00305618988124604,-0.150184599243211,-0.0147571971105547,-0.00642656439443502,-0.00230580866319051,0.0152885408606221
-0.0101599859781812,-0.152258745172454,-0.00754454178596081,-0.00367643315031827,-0.00153376175343667,0.00643063649819709
-0.0117513453105595,-0.162483960296867,-0.00770721563410378,0.000154463430760686,-0.0034421214951004,-0.00783982246256531
-0.0168880843317417,-0.163893729620241,-0.00533321780278114,0.00214073062051598,-0.00931519502139269,-0.0145990187445345
-0.0204183586989697,-0.179534257998002,-0.0103586036280438,0.00365835096633783,-0.00751719308676337,-0.0225845005720913
-0.0192907511591501,-0.174345391548892,-0.00699823199810448,0.00487980298560823,-0.00967240093588961,-0.0279434146624935
-0.0132898673828431,-0.11618328600096,0.012768267811339,0.00534716553816707,-0.0174634848160128,-0.0170834339655393
0.000501818276003975,-0.045192153101824,0.0283497918509686,0.00757793768844503,-0.0218168258812061,0.005157214836724
-0.00160078399319931,-0.0344895386716695,0.0336186827225909,0.0050892120806803,-0.0288931190980711,0.00164290390167582
0.00106164001545765,-0.0165337422471091,0.042975241295217,0.000818200075823445,-0.0299269494548501,0.00696695035338048
0.00722266999603607,-0.0072761501958019,0.0454510478120464,-0.00382216160678541,-0.0357950557738307,0.000651175462803733
0.0137922416605375,-0.000693530824160995,0.0466978145795854,-0.00358281698595969,-0.0360288655569506,0.00201222704952983
0.0225580020741758,0.00512599104058897,0.0491979196244455,-0.00192095483789608,-0.0360846008222396,0.0011451647222278
0.0316074209420594,0.0131491009469571,0.0539893372827378,-0.00204665003812262,-0.0345663620904843,0.00628687272252673
0.0340734099656764,0.0150640499210142,0.0562148581817792,-0.00164819128795541,-0.0356620791851877,0.00321591764486275
0.0393756207689306,0.0169959350058071,0.0574958299800036,-0.000507392315713865,-0.037061793022998,-0.00120946498526985
0.0409775725724414,0.0111339850622342,0.0525877372370122,-2.78242142126335e-05,-0.035777566015753,-0.00330543893359658
0.0457282128927251,0.00848746143611665,0.0507634407762054,0.00518214151564542,-0.0360227942829282,-0.00375944047703784
0.0472309462876059,0.0139106068582274,0.0492358589917441,0.00565568509364311,-0.0362590811245928,0.00211328184102713
0.0443091343973104,0.0183473522506648,0.0481610989094389,0.00884841333295233,-0.0351124902168937,0.000756433967465389
0.0389217431057395,0.0163197253899906,0.0473495716130554,0.00989856843581197,-0.0323626753388867,-0.000705994604568724
0.0369626478444137,0.0156092141129542,0.0455338976395434,0.00702329139557649,-0.0315267281586573,-0.0018083338959893
0.0337524139852458,0.0138123371016753,0.0111612060915642,-0.0246468759763756,0.0129032769749283,0.154032391574288
0.0276719625070486,0.00918974325476771,0.00495146678283818,-0.0270741828887852,0.00809519019228419,0.154268949516858
0.0282095033735971,0.000286031720781977,0.00127236877706386,-0.0293301332943981,0.0084711014307167,0.151894111281651
0.0191035392500136,-0.0714504188224946,-0.0177200170272837,-0.0194932466816469,0.00175515203374743,0.10229412231853
0.00176796380042165,-0.082048705164157,-0.0106581318209322,-0.010892657099739,-0.00807414676324702,0.0585745414800353
-0.00894147723055258,-0.145617884959226,-0.0262034959333798,-0.0111099089968591,-0.00837911898604995,0.026848561291861
-0.0149849501056569,-0.1521794580117,-0.0238675685710499,-0.005561825039155,-0.00712281317336553,0.0130443999149971
-0.0202763044398778,-0.159973265989169,-0.0159728091633824,-0.000217941501409635,-0.00764879152308914,-0.00178307752082348
-0.0237292438232747,-0.161544075965933,-0.0133527054294253,0.0011042216994349,-0.00989417731581709,-0.00731635173233662
-0.0213938898770528,-0.165848223956222,-0.0162991302641586,0.00489731728757013,-0.0127988661446305,-0.0147437569947288
-0.0181356782695309,-0.145054736950944,-0.0126632889311143,0.00875039729729975,-0.0146806379487942,-0.0165490306866149
-0.0179070532506662,-0.131718826171282,-0.00565802497258759,0.00620349248926539,-0.0183174886489472,-0.0173727608381039
-0.0057822244007814,-0.0485463778717865,0.0148806891168397,0.00447097419496229,-0.0254287015663725,0.0102057815960991
-0.00837083983408196,-0.0293298254284833,0.0226250597684651,-0.000383830220686781,-0.0287319858031465,0.0138203465837876
-0.00667900837975753,-0.0152720068024944,0.0281385208793693,-0.00311467625959794,-0.033618755829092,0.0127776520478649
0.00434736929462382,-0.0120656054613573,0.029271161899157,-0.00580465829538143,-0.039707751581647,0.00307019212862605
0.0153083025353666,-0.000579676728880294,0.0343354882239768,-0.00462800292456339,-0.0413379930364744,0.00391050803515067
0.0248411193591523,0.00423496455251513,0.0354818676984207,-0.00723782862139681,-0.0418041332554418,0.00597564336150936
0.0310292741593146,0.00990652297362984,0.0403086188453824,-0.00499035355041195,-0.0417211448015156,0.00731980496731814
0.0375853878808078,0.0151706883566666,0.0427516266068379,-0.00289820111211225,-0.0410111046365236,0.00381785941356619
0.0456201543233045,0.0153909265051827,0.0427869611513608,0.00445824692234948,-0.0382301625057566,0.00497713655755231
0.0451160792638306,0.00777856966722549,0.0412318459277696,0.00474194135854089,-0.0339192892837531,0.00366483362696684
0.0495867101198723,0.0056565400042377,0.0339388462608852,0.00561990880479331,-0.0391088142577358,-0.000300682074337373
0.0471719647205984,0.00474137150114329,0.0326416444026397,0.00895958114927859,-0.0379661188906423,0.00107921251423106
0.051147009199724,0.00568636524579518,0.0281888828787006,0.0110691315435553,-0.0378328122360043,-0.000667578442010356
0.0484524383815855,0.0111290630162769,0.028696537970254,0.0115183441995686,-0.033590397367429,0.00660273178402822
0.0450366668173402,0.0101232293391774,0.0263970085018676,0.00639165045224313,-0.0352349438926914,0.00258668390686867
0.0301543351734528,0.0159863550424042,0.000654666828458217,-0.0237354314414941,0.00841884973781068,0.16056869609613
0.0262886235822669,0.0124325410144144,-0.00558736580339382,-0.0289682641725061,0.00546608658929546,0.165151163246717
0.0256079853934341,0.00434092456250472,-0.00758065374166902,-0.0207398032580156,0.00277238027476188,0.151168213625527
0.0216950027923226,-0.0157301041032075,-0.0139761439610441,-0.0207732661817143,-0.000899199739644085,0.137843798061371
0.00507338885744221,-0.0336200741554319,-0.0126588726694334,-0.00803935161141959,-0.0132478176063305,0.0790784208859674
-0.0123916416607183,-0.139480849492407,-0.039160948646151,-0.00142507939082586,-0.0111123917919663,0.0280636179059271
-0.0232387504144896,-0.147938200085608,-0.0335840089375713,-0.00370440973816095,-0.0107334736866459,0.0168154026959004
-0.0290594793871872,-0.155671681344678,-0.0303696327209507,0.00222152221657728,-0.011421482459098,0.00308976549650614
-0.0323674477112973,-0.157011696828192,-0.0242004421012697,0.00196893107371126,-0.0143933180118694,-0.0085371603972124
-0.0276974827591645,-0.15707260050885,-0.025467988920131,0.00201499330481931,-0.0133637616465877,-0.0113911448282925
-0.0193107781799109,-0.0908951428912272,-0.0079653425674286,0.00579144604066581,-0.0186736842296396,0.00294081872840638
-0.0191996402797604,-0.0840179450046362,-0.00571062157898971,0.0105837075594981,-0.022329962342395,-0.00290160847484729
-0.0159372474325835,-0.033549446383546,0.00759923674792673,0.00372518706402033,-0.0311919933640928,0.00901695660608889
-0.0151767672984072,-0.0190769274479925,0.0124022131150297,-0.00464968630998477,-0.0334684829127818,0.0151286306385285
-0.0121425619831038,-0.0117393356890369,0.0148853256497821,-0.00403601993506,-0.0383347747174612,0.0114306546875529
0.00080292680046966,-0.00423355241947533,0.0125594581365315,-0.00513562124230774,-0.0445320377411164,0.0107862847432369
0.0123779038013927,0.00656884894163954,0.0200370864668135,-0.0075870968957472,-0.04565808099439,0.0145531619156471
0.0211703425688964,0.0096095508895576,0.0232730325291436,-0.00456579967897577,-0.0445850363533793,0.0123902973163544
0.0303334730910419,0.0078378632162634,0.0246140948191493,-0.00609520554871039,-0.0464936990739066,0.0093968569191194
0.0386822024303722,0.0107169834591624,0.0273139881983977,-0.0047711898002303,-0.0446113782787193,0.00570820891926799
0.0463560314783072,0.0062458628927351,0.0252758575721472,-0.00238701977381749,-0.0410358284831368,0.00863742845905551
0.0480523860005325,0.00786138242208059,0.0254558213839845,0.0022795030726225,-0.0400252480068371,0.00473381922412996
0.0513490524918091,0.00503587804607098,0.0197947106453275,0.00578150344649999,-0.043323322689411,-0.00323649663006466
0.0529532962556693,-0.0037760320878937,0.0169605110737097,0.0106149173403972,-0.0427749763447472,-0.00814099649347564
0.0537932120387853,0.0012689800345762,0.0122657811920127,0.00956342261343058,-0.0417180647518313,-0.0017931564803601
0.0552519793657774,0.00908417656828662,0.0123384028427768,0.00978920272834761,-0.0393780165600991,0.00136250841858092
0.0456493475231794,0.0107175959437495,0.0125395359066736,0.00725516825898654,-0.0381688533095739,0.00768446439753489
0.0239244393116392,0.023794256512862,-0.00641803105371457,-0.019948266792,0.00609913630480776,0.167374901508692
0.0225561075484441,0.0215027108021483,-0.0099287974326346,-0.0250581411559253,0.00497157760002937,0.17088208891499
0.00613914797055432,0.0109791440970063,-0.011244784912723,-0.0168112068371266,-0.00621291695289427,0.132200476602954
0.00683759017672807,0.00479279802650269,-0.015467143870376,-0.010611157041922,-0.00642825670312312,0.120557599789642
-0.00705398653296467,-0.00858144675117739,-0.0144756647106079,-0.00224616247414741,-0.0148784940462157,0.0836388855320218
-0.00952990368623129,-0.0347622457499524,-0.0223571876108804,-0.00274165789347613,-0.0185881864709853,0.0641978186922591
-0.0197221937833189,-0.0423907297501232,-0.0156930122308334,0.00355206326467811,-0.0179500982614402,0.0504690589717907
-0.0236902061354712,-0.0468029296742119,-0.0133187053592783,0.00132708869200464,-0.0190389015205006,0.0403418549669257
-0.0297947446050231,-0.0430788207193788,-0.00561621522170837,0.000295246029380401,-0.0219201704472118,0.0293474071123566
-0.0288416616211583,-0.0508781733193042,-0.0103034185740963,0.00702253523792601,-0.0229870128118331,0.020550040862795
-0.0265322691633179,-0.0461674089501922,-0.00792744673560814,0.0100930390142162,-0.0223373200824446,0.015228658853651
-0.0258046789893386,-0.0347798408822047,-0.0046884961809099,0.00971637399055077,-0.0283091582938383,0.0118511226193872
-0.0254653816004919,-0.0194099940523141,0.000703703084290252,0.00393890452179279,-0.0338612234602128,0.0143704404670507
-0.0245458239304914,-0.0109915407515664,0.00791671448638076,-0.00589391113144785,-0.0382934735801501,0.0148110342656183
-0.0184609522228443,0.000330667790694714,0.0112472989645523,-0.00679678048586138,-0.0404045809346303,0.0132197798786781
-0.00355045720808917,0.0101462048898828,0.00818860864935316,-0.0114865613011603,-0.0445650402782205,0.0190924859193245
0.00877524983407601,0.0137701220366419,0.00783006779682571,-0.0109336928496445,-0.046312851789993,0.0180783691005403
0.0206030818660764,0.0161555307664342,0.0115684116376159,-0.00938033621829554,-0.0487473995574179,0.0119383473020597
0.0254077083225921,0.017721370169828,0.0155939428370752,-0.00552430794922212,-0.0484323884090722,0.00944671776310277
0.0358468890551367,0.0129965598653289,0.0156788845999473,-0.00500489855998478,-0.0485572301658085,0.00534557622174765
0.0498963344256704,0.0078370784646375,0.0139045718242199,-0.00119012614096151,-0.0425941560217364,0.013299059714584
0.0547092631837304,0.00634371538110201,0.00965009411683577,0.0010466004625792,-0.0447005273621852,0.00931034025299218
0.0595299255986029,0.00402692329601586,0.0061300504028772,0.00181981678539416,-0.0448634795032304,0.00273608953440508
0.0590561904842963,-0.00187696619978794,0.00439567969169368,0.0083213343086459,-0.0439825095379926,-0.00542195841868121
0.0598746674955617,-0.0045227495577252,-0.00271771450330489,0.00963638331685982,-0.045158901739215,-0.00691177052347494
0.0590602571177858,-0.000617825036960889,-0.00156313045048187,0.0127607619018301,-0.0402579853962244,0.000140824303556652
0.0547507110886764,0.00770679255346875,0.000170167726417781,0.00898250212715087,-0.0365498403208102,0.0020257682641903
-0.00975717136836552,0.0199481444762261,-0.00881807959149934,-0.00343128097882823,-0.011715138442915,0.107028961086588
-0.0078939063795529,0.0172155069089278,-0.0117129207727522,-0.00179182132276193,-0.011787730773471,0.111427080646435
-0.00996036402551308,0.0144270117996959,-0.0149899574984643,-0.000543164468488559,-0.0134588421613038,0.108205778389844
-0.00946425674959378,0.00328741907334605,-0.023868337460475,0.00177510046207901,-0.0175711607013846,0.0963391738356631
-0.0190572328435616,-0.00938022040618306,-0.0237447825698565,0.00476497391617025,-0.0176491375733019,0.0806327867936036
-0.0351605480862115,-0.0231012209385306,-0.0235847806441673,0.00424874822580124,-0.0198031865851084,0.0662577592424882
-0.0514979707875181,-0.0266321084731804,-0.0205248128036092,0.00595388621915252,-0.0248678193687682,0.0610702253147359
-0.046937436273271,-0.0303909322882676,-0.0128944727348645,0.00460004423045694,-0.0225083407455576,0.0428490268466428
-0.0710325657803648,-0.0326618673736975,-0.00520609287172415,0.00117977710630125,-0.0277554097434031,0.0324344369899726
-0.04780107121984,-0.0244215217922416,-0.0100119453871096,0.003916061918247,-0.0264275254947477,0.0309821364085523
-0.0421331257519876,-0.0202875492868811,-0.0115878355418053,0.00620111550986487,-0.0294864588801973,0.0215902184508069
-0.0477804294042809,-0.0164107361428941,-0.00984292535767806,0.006375179309134,-0.0363218420654821,0.0175219300372361
-0.0404878081761568,-0.00616439874202054,0.000116518038449992,-0.000473064575827094,-0.0351151427401865,0.0163222187963174
-0.0341428976394867,0.00831594349449318,0.00494348212707797,-0.00540433361413867,-0.0383926258176705,0.0185949419370863
-0.0225639271570787,0.0141452915688474,0.00438215513137875,-0.00571589311881299,-0.0420680774532121,0.0188716541354362
-0.0110971311960752,0.0204322464851158,0.00141225723614395,-0.0139114334228575,-0.0479599564420253,0.021664050451573
0.00382697689681756,0.0283143189583388,0.00506420733070908,-0.0102796244272918,-0.0491082042035307,0.0192922832983327
0.0177987909594398,0.0200843197524888,0.00217851785125084,-0.0102879490434147,-0.049716364559335,0.0192152697338533
0.0245341052288006,0.0137333464634658,0.0035064339128518,-0.00354484694024581,-0.0498894793430438,0.00589277911509379
0.0338087310492125,0.0148445434833528,0.00276929972676146,-0.00275391014153544,-0.0524632309068571,0.00362129935489895
0.0475956390807903,0.0093412657850711,-0.00153075249829901,-0.00157007174731755,-0.0509684626592633,0.0047746344202068
0.0545082596555985,0.00189567721126181,-0.00593302288510114,0.00161334336726694,-0.0498181694406395,0.0018127121008949
0.0598445143072465,-0.00110339098702502,-0.00998490516841528,0.00134662038705363,-0.0471134199109648,0.00455753654411678
0.0624667822011628,-0.00208896065862519,-0.0133192610273692,0.00418386768775077,-0.0466925823265706,0.00079794303132007
0.0608028168902473,-0.00451051326848412,-0.0116406457712913,0.00971965843656254,-0.044060903546496,-0.00284268232435664
0.0617445172841593,-0.00412193639188046,-0.0124603504307007,0.0100911066803952,-0.0436398375481764,-0.00570163990713329
0.0550707395051981,0.000958731079018995,-0.00890854084542664,0.00630908530816486,-0.0413129363937393,-0.00700860435312398
-0.0118467763614173,0.0202152799145269,-0.0136365873586739,0.00551989192003631,-0.0125020518882676,0.099463559933117
-0.0205218834225297,0.0222273636985521,-0.0169336641502096,0.00859971801212399,-0.0175427785466568,0.0979019931077454
-0.0219157834211125,0.0198807233141708,-0.023145036348292,0.0109336025018074,-0.0198554624229368,0.101929368618523
-0.0279360297260541,0.0121035537999913,-0.0243669205501706,0.0158439147184362,-0.0175529226521014,0.0970304918860401
-0.0370576645311705,-0.00368817785112419,-0.0330942100446264,0.016688980332775,-0.0212103386245807,0.083658487555502
-0.0542308412900992,-0.0139513334982472,-0.0292521416280742,0.0165420795850145,-0.0204728916041411,0.0737014498800297
-0.0590987765813825,-0.0153118644184959,-0.0262189751303301,0.0149940621647159,-0.0236717212407654,0.0626777101042532
-0.0607546139397399,-0.0142054180625813,-0.0188907986847826,0.0104744109173587,-0.0250514854218185,0.0498207820056291
-0.0690350691989174,-0.0143965003664703,-0.0164874450828309,0.00881812093054203,-0.0284787651574583,0.0418186977571146
-0.0662681732485004,-0.00875881572853553,-0.0142825130231629,0.00858449670598043,-0.0290129394883041,0.0372699063287326
-0.0708533859212258,-0.00441406331160981,-0.0162044905569553,0.0100102573698156,-0.0353367847450116,0.0318975918318973
-0.0637859435805603,-2.31098979936442e-05,-0.00840714831002228,0.00412428255185628,-0.0372670940799949,0.0221648421785491
-0.0665611993922355,0.0015813904730501,-0.0048147673677629,0.00107946558897564,-0.0417800315955262,0.0159829926500696
-0.048389394191071,0.013243834040173,-0.000595077127322394,-0.000803926525815677,-0.0385864052275749,0.0209196963296502
-0.0363676298240093,0.026530204782281,0.00365402749472633,-0.00460825018435426,-0.0432988974472832,0.0185665619538208
-0.0228339804886615,0.0339776720140558,-0.00143023081228249,-0.00949748620262319,-0.0496742080307461,0.0182022523222571
-0.0089593183032486,0.0295467160740885,-0.00529309175827777,-0.0110931189501104,-0.0498890264406436,0.017971527881555
0.00634124907017589,0.0241072135648441,-0.00562031922044514,-0.00688577457666436,-0.0484572287230983,0.0115854214242107
0.0232021132505135,0.0167121010557219,-0.00850480997136349,-0.00111096330168561,-0.051147784038159,0.00250713613730171
0.0342793629049701,0.0157906662324196,-0.0123543514689003,0.00315169346349648,-0.0516643260332543,0.00124423096830817
0.0426413824568428,0.0111771173998495,-0.0144182257587081,-0.000292992405385431,-0.0518594222886114,-0.00276200228588474
0.0546559853987125,0.00290693647658471,-0.0183206402692097,0.0034887336039882,-0.0519440009523168,-0.00380385336386326
0.0615116977897014,0.0036922504884723,-0.0200351275027704,0.00015554313270524,-0.0507415036337895,-0.000411055306799939
0.063273693024981,-0.00282501445091992,-0.0213110044156353,0.00267116238087949,-0.0505381593487532,-0.00531690253344914
0.0613059478778289,-0.00513901734690156,-0.0194444680128121,0.00797953117160476,-0.0455211616528049,-0.00943268554319604
0.059632551529893,-0.00795848313650671,-0.0211377333393408,0.00588242031001228,-0.0475445336238172,-0.0177786271444872
0.0571278071120163,-0.0049780469921754,-0.0174233587164481,0.00566428042112786,-0.0422686741956027,-0.0131105785763281
-0.0119978735032456,0.0217869724876945,-0.0192460681675006,0.0162353699697066,-0.0110940634519247,0.0895531108076994
-0.0210192556566337,0.0217932079602434,-0.0176539825477972,0.0193888053914579,-0.012639290578201,0.0903107011573622
-0.0159800242777539,0.0247752515164871,-0.0246475695901585,0.0228230866229613,-0.0128820886493033,0.092767604039404
-0.0216211897095044,0.0182829388478914,-0.0278197108395776,0.0287762900282199,-0.0142537649770225,0.0835375167387661
-0.0319308355225305,0.008359578591728,-0.0296328193554087,0.0313342822118336,-0.0139285103620758,0.078619234871875
-0.0496499180168175,-0.00577850508534699,-0.0284331244658871,0.025053847339227,-0.0140418126495584,0.0655372296786515
-0.0586335911263918,-0.00630336750260153,-0.0237319408285239,0.0206766855404982,-0.0175042593297562,0.0486234991139217
-0.0666580778633428,-0.0114587396239118,-0.0216414763961423,0.0174423073939706,-0.0238219882231206,0.0364693904364724
-0.0668796352497482,-0.00195360149329107,-0.0123014673662341,0.014410677534585,-0.0229067681527756,0.0344002275881247
-0.0778025125047416,-0.00075147784217907,-0.0120985790311371,0.0122169290679985,-0.0292717208023328,0.0275281595427127
-0.0840089118976569,0.00464404188357855,-0.0122076696383366,0.0106264357935215,-0.0367188216460131,0.0229396202041535
-0.082316028079085,0.00914499643020138,-0.00854692284975982,0.00772220351160455,-0.038966458604693,0.0213228240048513
-0.0811663253099559,0.0191519044179101,-0.0012768133583889,-0.0011359778913138,-0.0438699229489189,0.0176612258554963
-0.0708078630700549,0.0239781305748712,0.000847164496055586,-0.00495473795363837,-0.0433221209693812,0.017666423918693
-0.0549047264889351,0.0351089493301351,0.000664668267366663,-0.00646032654030519,-0.0493515636964885,0.0138452349311767
-0.0350085451280763,0.0396236775560369,0.00475192496568755,-0.00190487136784135,-0.0478877299340015,0.00787730437063241
-0.01911559829361,0.0347703752671606,-0.00259386313105241,-0.00473486076247342,-0.0499012413906336,0.00562452616411582
-0.00295173816604541,0.0284892254460258,-0.00898163614255013,-0.00341489795614545,-0.0516638886824132,0.00491556287598176
0.013344425062778,0.0222419874271421,-0.0129974101765716,0.000547709985902638,-0.0513074685742474,-0.00460501438923619
0.0304285561125356,0.0200187310243805,-0.0187816323316443,0.00500108601171077,-0.0534705686746754,-0.00692000027640497
0.0421219447167517,0.0156297284533605,-0.0242065388877706,0.00465257632737186,-0.0518081781770423,-0.00510367753249667
0.0492182478342358,0.00560048831854142,-0.0264511590814554,0.00623601372949717,-0.0537455319886199,-0.0114219806336446
0.0617674979129519,0.00033252339201016,-0.0285322248481016,0.00444413863150601,-0.0518154441098687,-0.0146932635021643
0.0624652901623984,-0.00179091350585016,-0.0285820595998086,0.00575770377785894,-0.050465654880631,-0.0161872062392818
0.0649940102715467,-0.00227989131431172,-0.0282779504454644,0.00670491786023584,-0.0493846214715507,-0.020002905301551
0.0658469422022798,-0.00753777151263651,-0.0303917436054318,0.00748972728591239,-0.0471112424578482,-0.0251630794808665
0.0565010641562723,-0.0107159871846466,-0.0250950071276978,0.00566704261306376,-0.0428036273504326,-0.0256491507994082
-0.00887290128684082,0.0168285817977338,-0.0240906755624521,0.0310306804657983,-0.00605152768957628,0.0720020071053179
-0.00676808227535899,0.0160461666410135,-0.0247403320454916,0.0342663993480541,-0.00699972307546254,0.073833423137927
-0.0150962487434556,0.0242783529967022,-0.0246953350279172,0.0333417779748145,-0.00711858697885571,0.0799633029456145
-0.0185378792419751,0.0115549744896145,-0.0285711484783783,0.0385680530505037,-0.00580068082295554,0.068519719227669
-0.0289483430506572,0.00843114430348723,-0.0286653120840848,0.0393451741589869,-0.0019142023715686,0.0668879365817524
-0.0426837658216572,-0.00018707928053868,-0.0267534903912121,0.0393997015785507,-0.00544948096466496,0.0497044404059959
-0.0461488030815352,3.36620336703576e-05,-0.0202728570126867,0.03208659676125,-0.00650571833652374,0.0374377450753402
-0.0616641047522494,-0.00350964910320633,-0.0175120554144119,0.0251131394808156,-0.0141423280804334,0.0271596643814447
-0.0637773254066543,0.00411068343819286,-0.0132367591770918,0.0221026455928773,-0.017366069463897,0.0237040937025273
-0.0808510595170497,0.00775082145771131,-0.0112504397928785,0.0158659745372924,-0.030014275222617,0.0209098330354376
-0.0820222905927789,0.00997582773857,-0.0101936533178855,0.01578532247019,-0.0308593584054445,0.0175170172725061
-0.0851633715049262,0.011912203666634,-0.0067743265896639,0.00816318335258899,-0.0354096471193192,0.00978407959703984
-0.0832316821894277,0.0213778133736723,0.000481137519537432,0.00437781711205527,-0.0393615949291906,0.00720576329791317
-0.0754550022083743,0.0365832293074527,-0.000897894497787085,-0.000799104636118406,-0.0467378010498616,0.0108782510375571
-0.0689772048277051,0.0423062352728647,0.00280331247129805,-0.00387936976442043,-0.0484778091798459,0.00781376940993438
-0.0545102713863473,0.0442667159794957,0.00374135854940063,0.000982971800268242,-0.0512191195367179,0.00333756808423392
-0.0334044458264513,0.034864840804593,-0.0119197768946042,0.0023081023211059,-0.0541324845228344,0.000532304472522013
-0.0139611609080172,0.0347875743436288,-0.012386381490042,0.00408176753046187,-0.0521303926854881,-0.00145969509286961
0.00948508807245471,0.034743990658146,-0.0167094782235879,0.0044390954302502,-0.0511431038291087,-0.00206633292069805
0.020365382068937,0.0259784360413198,-0.0210992910636042,0.00351404600500861,-0.0529619267153709,-0.00875740897438802
0.0334730837487076,0.0204662553097655,-0.0268077053925337,0.00748962137518401,-0.0523124417747551,-0.0141786243561404
0.0479855391181742,0.0136746877257134,-0.0297467272173898,0.00987571583291537,-0.053202330614366,-0.020488008780592
0.0567747637451362,0.00269745332153414,-0.0369367056176517,0.00985138985361052,-0.054607489093167,-0.023415556571296
0.0622051977636215,-0.00335622287537615,-0.036363859859081,0.0120321883837617,-0.0506651858465735,-0.0276478732216522
0.0627014403298706,-0.00159168243385332,-0.0357715618830805,0.0143433826830684,-0.0491526803637588,-0.0268183173340905
0.0625938676863022,-0.00854907151674993,-0.0358577232118753,0.0134143785777179,-0.0488409584281528,-0.0357826155568001
0.0500941871163706,-0.00775900424878265,-0.0288266874872216,0.0157433548170438,-0.0445750048202137,-0.0354857080458444
0.00193787445725538,0.0140057556130069,-0.0301838111193644,0.0430292640543082,-0.00026610944970756,0.058066417160231
-0.00173643215455322,0.0106450516847986,-0.0307860664605576,0.0498638489875588,0.00111224350322536,0.0565528442986041
-0.00574761113691459,0.0176953369038136,-0.0270906432789529,0.0443892871994298,0.00353218978274485,0.0644364270384369
-0.0100272541250915,0.00747409856727672,-0.0272395262394999,0.0465751795870809,0.00969089367779956,0.0568443861696876
-0.0201766845521642,0.00615340577692046,-0.0303782762805685,0.0469488593597346,0.00756641784254272,0.0501623136529472
-0.0313283561102837,-0.000841565464688844,-0.0280599344670926,0.046142730492206,0.004526394944789,0.03414834704661
-0.0405599588907844,-2.12586020346987e-05,-0.0214566064537839,0.0432000102495559,0.00214367967787549,0.0271852624395092
-0.0557733424299817,0.000622120159473063,-0.0152358938157298,0.0392280116029547,-0.00592419085302787,0.0121102292738452
-0.0675501435833984,0.00570680126784226,-0.0100745336634092,0.0317829523945913,-0.00778997818020377,0.0138118097898898
-0.074044358224781,0.00664616812993522,-0.0083524034682372,0.0269939331824804,-0.0161210430120818,0.00664656550801508
-0.0864080689829016,0.00911903656330228,-0.0058711192747538,0.022044348672576,-0.0238426115418367,0.000472761853956069
-0.0874274001433322,0.0179938323842839,0.000331520758723383,0.0131214483356634,-0.0260700155470249,-0.00185708867248759
-0.0857761851362686,0.0309865664975168,0.00193091744794845,0.011989719850235,-0.0349589577132136,5.01989442699621e-07
-0.079958182321621,0.043415080230249,0.00377639608290423,0.00597813463004599,-0.0414935009778423,0.000450129019674306
-0.0726328518417433,0.0447819937232008,0.000716825992934053,0.00141941759519409,-0.0446150991039209,0.00345212829812548
-0.0632704494104835,0.0353257377953271,-0.00826486327110059,0.00504580747760471,-0.0478570699249602,8.46164593688963e-05
-0.0446167021866427,0.0376537181359934,-0.00924098506516473,0.00273627116975311,-0.0495762659191332,-0.00622672917870487
-0.0253946118063741,0.0359993023323734,-0.0157569470325703,8.01876747980237e-05,-0.0529151512681459,-0.00660924755770277
-0.0021892985723961,0.0345685889844211,-0.0211224372666854,0.00346485985015431,-0.0515310471592919,-0.00861492418542569
0.0179204054499714,0.0282578882725315,-0.0259030971106549,0.00621258683319151,-0.052442304820743,-0.0129242697034064
0.033791909767651,0.0232217851624974,-0.0293692896272352,0.00944866808176887,-0.0553514182393212,-0.0200634779380495
0.0508656933798782,0.00511544013663987,-0.0395436954996973,0.0145182031759813,-0.054256491840288,-0.0321086313916992
0.0586475958389105,1.34130191038508e-05,-0.0398496958209567,0.0161940188199063,-0.0535597738078953,-0.0373876575003841
0.0599596514088057,-0.00477412958715681,-0.0387334866237541,0.0152780079577627,-0.0495544530680665,-0.0433830323198025
0.0652147240894943,-0.00939659091730443,-0.0399144848837591,0.0155281443462068,-0.0475687371545368,-0.0466926741346904
0.0609540137300407,5.07911260397478e-05,-0.0394500520439305,0.0176327763369916,-0.0489073386588906,-0.0412389123989155
0.0555315637459976,-0.00874261667379327,-0.0365028446754246,0.0136979931716147,-0.0447389286553496,-0.036813864164939
0.00574193684483826,0.0102213281660861,-0.0270338224368324,0.0516401685618024,0.00861185434036394,0.0460286557294876
0.00618876752773466,0.0112264533468887,-0.031764400069566,0.0552785990310454,0.00889777317961064,0.0469138301056196
-0.00519290873643339,0.0129739645699927,-0.0299037132794309,0.0557857187277962,0.0099959536307987,0.0479608708684853
-0.00878589148877562,0.00358166266721353,-0.0340486557263516,0.0566160135280834,0.00901466423710849,0.0420621686745708
-0.0194333350319852,-0.00723055901900394,-0.0337569101302912,0.0550917385680621,0.010868711596108,0.028724399022318
-0.0271650196009375,-0.00344113098417385,-0.0271803120335239,0.0597390443853905,0.0107886694790242,0.0188032105124247
-0.0364753188649129,-0.000832985422702243,-0.0198611547965728,0.0577716401568956,0.00924266173690924,0.0122450056267321
-0.0445690902119438,0.0170046078552219,-0.0128468455922314,0.0467358539601728,0.00149889548683055,0.013849625054805
-0.0609834481069844,0.0171570112366969,-0.00860535975645936,0.0425652179090775,-0.00283822311365535,0.00719119868195972
-0.0702931596301098,0.0169257751727094,-0.0043090733847597,0.0366957640552136,-0.00471315737064817,0.00401751904443021
-0.0841662247863694,0.0171601865831141,-0.000813771807631194,0.0268190889443329,-0.0136660389768757,-0.00802564908860886
-0.0855315534775099,0.0249094396527906,0.00425251018094209,0.0176383166162871,-0.0192592843767671,-0.00738164455361981
-0.0864516464798618,0.0395761637455375,0.00554664032058065,0.0141630218668188,-0.0266986390524634,-0.00588806138167697
-0.0788263421371356,0.0435789914595518,0.00308940619396113,0.00497861139998171,-0.0318444630735404,-0.000665260552298058
-0.0777396345326548,0.0369006070799023,-0.000329228081410098,-0.0016542097378392,-0.0377026250385951,-0.00557696387596675
-0.0628285411328343,0.0371616167099865,-0.00864114137903202,-0.00461820535922544,-0.0418695198496302,-0.00499301598981572
-0.0471875893523793,0.0431583841564591,-0.01116634792199,-0.00707415074567549,-0.046428034248531,-0.00282195532435457
-0.0319147095552546,0.0361839959895639,-0.0178744116985031,-0.00169096981618342,-0.0504520102292616,-0.0143840938425181
-0.0123014486685633,0.0362392713085323,-0.0205174907422297,-0.0019605326022561,-0.0510437517684573,-0.0119564287741644
0.00328567368551215,0.0192285528068585,-0.030809988150868,0.000652713261680484,-0.0546374084480418,-0.0210523152453757
0.028214260718686,0.0162747291809138,-0.0371927750507385,0.00335378588439765,-0.0551375338964816,-0.02473727192657
0.0462776869180216,0.00826316491348782,-0.0427974589081819,0.0086623978497837,-0.0545124928896394,-0.0303629952313962
0.055305114458621,0.00305964452254362,-0.0431177972747236,0.0136493740809867,-0.0537305100534798,-0.0417658275829941
0.0572730207302944,-0.00936437371993519,-0.0498649384163336,0.0154936520183109,-0.0507588919584714,-0.0496645614189291
0.0634896210779433,-0.00754131385794853,-0.0455282349636623,0.0136230846444655,-0.0478175279063296,-0.0479753607784397
0.0572776575269138,-0.00524827315798218,-0.0428591396296493,0.0125536507636118,-0.0470732211408536,-0.0463434457624087
0.0503617493232645,-0.00667681669765621,-0.0367501964182222,0.0100074428432984,-0.0442643994260936,-0.0453773337108691
0.0097409291146702,0.0149108718033591,-0.0292843895132325,0.0587461216931516,0.00970025454590128,0.035981840347185
0.0077993531442465,0.00868835657943759,-0.0315645681149131,0.0647633917989702,0.015056889171904,0.0343632156546286
-0.00391405234637531,0.00474496701044316,-0.0339931601505828,0.0687574181884719,0.0150870396371621,0.031321642229965
-0.00232267397754039,0.00190349177684206,-0.0368880818866283,0.0681485682866571,0.0169404535234696,0.0262582456930196
-0.0116186555085443,-0.00482834541709547,-0.0315630997701629,0.076411124038017,0.0182003918818803,0.00962424046548469
-0.0256741755586374,-0.00399780813225724,-0.0264899748978785,0.0704628664979984,0.0178156142972013,0.00624122581178616
-0.0357711446281376,0.00617461557803148,-0.0185146249740077,0.0648789227536028,0.0149558691244952,0.0116285992637263
-0.0470561915259027,0.0198524319511543,-0.00874169348488508,0.0539225251843978,0.00774765523728729,0.0068778199326351
-0.058397304175345,0.0217191746597045,-0.00366524844429346,0.0461795133503621,0.00467375046188424,0.00155770586226112
-0.069245296130792,0.0198768354118811,-0.000927486356728746,0.0378968747015319,0.00091683199777487,-0.00188979665248608
-0.0762006398270203,0.0181214292298696,-0.00126833922117434,0.0332836003275472,-0.00550962608742643,-0.012307842356945
-0.0754621547352639,0.0317621015467229,0.000993477120518125,0.0225782049578196,-0.00967433827511454,-0.00527338830030828
-0.0824484691467846,0.0313167918262613,0.00526561049226745,0.0142787851369728,-0.0172113385082463,-0.0146363273627567
-0.0757056609377929,0.0363890455224218,0.00338970015859188,0.00309702352632291,-0.0248597527840284,-0.0137775266951695
-0.0715640882558946,0.0390204722662972,0.00201337662481242,-0.00331060775472766,-0.0307626735478381,-0.0170436083413239
-0.0575907831184013,0.0381524916745721,-0.00821448732670044,-0.00677546893786581,-0.0354687112795996,-0.0109678342249193
-0.0479769006785298,0.0414583965937083,-0.0131020484059397,-0.00946719671330563,-0.0431531299939511,-0.0121978584230045
-0.0300516010911281,0.0422245798599305,-0.0177029608105737,-0.00847696584268175,-0.0456960609667109,-0.0124453694545854
-0.018406699657453,0.0308091918408305,-0.0261655467683594,-0.00766894986974613,-0.0489123054531192,-0.0159564810420783
0.0053221185686058,0.0152211333723341,-0.0340587181343284,-0.00166868404560248,-0.0496563159193798,-0.0261312088933281
0.0220146811428545,0.0117318978308169,-0.0402985262981151,0.00103245046318085,-0.0506420029282415,-0.0256637056219882
0.0367868913331916,0.00921069948612346,-0.0458758207161196,0.00536617201469346,-0.050327370720396,-0.0305820331507068
0.0495297807444833,-0.000335567833076011,-0.0516761762119799,0.0101416328008758,-0.0522583511399391,-0.0390746720789428
0.0522820207898904,-0.0038551300027164,-0.0514585594150315,0.00941744137610836,-0.0524769644138213,-0.0459252424229407
0.050821669431478,-0.00879511431857723,-0.0491959268296265,0.0120152933696072,-0.0477330438747414,-0.0475573301951961
0.0543303167455817,-0.0103933906078206,-0.0474089931639218,0.0107245045117936,-0.0459303758722435,-0.0508248923794764
0.0486550206933721,-0.00508761103737764,-0.0431253141814311,0.00720799679126111,-0.0429120934916232,-0.043798827376738
0.0135695047738059,0.0129520618776213,-0.031742576309466,0.0646690200299003,0.0150665957603776,0.0272832227829534
0.0118626676019964,0.0135249509055375,-0.0292180708779484,0.0682231927102934,0.0198102509650201,0.0252999769716712
0.00106076015547795,0.010695412129179,-0.0281418021732607,0.0683659192465081,0.0233918645603099,0.0250147660624989
-0.00303076525238474,0.00329712525955512,-0.0282727721496785,0.0756356476735301,0.0238097945525671,0.0103198593799436
-0.00380579822148579,-0.00372010425382752,-0.0283793797682714,0.0811974796432822,0.026462230729468,0.00537190509587666
-0.0198988651052013,0.00664807283530878,-0.0170899117775897,0.0740875995829235,0.0236613534735797,0.00459379091470195
-0.0314676515730172,0.00678684228351888,-0.0132376625135498,0.0704068393521961,0.0228904446149777,0.00115764433063811
-0.0472290405435188,0.0175458406044629,-0.00725780434929861,0.0569405785961499,0.0164658828431044,-0.000368065110110335
-0.0593219213396061,0.0239826811116043,1.27252034911325e-05,0.0488691795100796,0.0118503442568594,-0.00793870712091623
-0.0705241887386938,0.0194983520964367,0.000792434486845261,0.0403776055815649,0.00624166757970691,-0.0144895575350333
-0.0769993760289565,0.0238960174866559,-0.00050891496090564,0.0323965686046107,0.0039008421288318,-0.0126611798694621
-0.07282857868497,0.0331678117205148,0.00213580185152352,0.0248863606102069,-0.00405111567627019,-0.01242383641742
-0.0753883720498961,0.0360819216266279,0.00601955506955945,0.0130071612224037,-0.00930096255516959,-0.0119590955451232
-0.0704174634107242,0.0460896076792433,0.00586621961047558,0.00352152901803139,-0.0191047459412258,-0.0127318105870431
-0.0638922204064173,0.0374475623633511,0.00198701704160465,-0.00208036896166898,-0.0252542381947568,-0.0210993410021727
-0.0513444253639548,0.0408689241624795,-0.00508923964481896,-0.00544287669755847,-0.0323644630545358,-0.0215907437809051
-0.0351674225148857,0.0360635706363271,-0.0152850438575742,-0.0100759197906065,-0.03624822379146,-0.0230696733455134
-0.0208440934344755,0.0340841279565097,-0.0183760154133029,-0.00923091186384849,-0.0392859265718204,-0.029224197911473
-0.00776153178779532,0.022403783978892,-0.0251525047087156,-0.00864412338630766,-0.0414649248232505,-0.033494512144725
0.0100052038240814,0.0119057376902909,-0.0352045896558889,-0.00793958315046711,-0.0395265764116476,-0.0290989464050799
0.0188650378806933,0.00788131737414484,-0.0397650184324706,-0.00347225703296795,-0.0410237281359102,-0.0320218773783878
0.0336569105212601,0.00780094308266997,-0.0440226677945303,0.00230090625986982,-0.0429586109325508,-0.0331805179132906
0.0453613645333254,-0.000396510613376878,-0.0506389648439156,0.00642345896063372,-0.0425474637548041,-0.0382007660369983
0.0512783617540578,-0.0045939888364568,-0.0511456002372988,0.00548160341714296,-0.0454539022209347,-0.0439971931460446
0.0448538391476706,-0.0069439296944199,-0.0517538101309346,0.00318267602359685,-0.0454058262536461,-0.0453615120745482
0.0438199663135497,-0.00885461707557203,-0.051447548377969,0.00675186744493513,-0.0419641695076245,-0.0471288998989255
0.0388524243432603,-0.0159457722581702,-0.0495453658052826,0.00238741584351119,-0.0394805292305425,-0.0401605366954583
0.0213912288786895,0.0063476437067809,-0.0321699832884901,0.0699321982283505,0.0201443856888087,0.0141816328719064
0.018864603452764,0.0138897049126434,-0.0285632394276074,0.0706130100523102,0.0256183154824093,0.0203198911802448
0.0128336155309354,0.00998030776642772,-0.0280610593365455,0.0773500257801162,0.029537296361292,0.0140758461392592
0.0065569320191584,0.0039828262674935,-0.0280446147889825,0.0740538944120223,0.0304518003945785,0.0108396698394783
0.0025460414576104,-0.00210825453670615,-0.0262745095981085,0.0784106115260998,0.0312060051051926,0.00146498746098094
-0.0150610990544396,0.000412597308367177,-0.0220547861860853,0.0769617867690599,0.030015617216112,-0.00732688618186428
-0.0261523215149417,0.0033136111590062,-0.0145195672831051,0.0681048373815343,0.0297591984075916,-0.00851184818545113
-0.0464023079265116,0.0115089291101312,-0.0115114237810718,0.0585751326262717,0.026041272446965,-0.00907406652087438
-0.0513461632226969,0.0148658131810512,-0.00424887558324762,0.0473323771936029,0.0235335342423837,-0.0140589819670348
-0.065567004685434,0.0157127170513985,-0.00195413981698599,0.0440714827164514,0.0158437581186442,-0.0226863871779843
-0.0692117602903136,0.0234747341346799,0.000831413918216924,0.0341836757526701,0.0116482274981148,-0.0205482605841241
-0.0693806154830357,0.0263729995141669,0.000360593778895985,0.0251220982752385,0.00462994773833122,-0.0194968147753881
-0.0697893694538849,0.0392631345065076,0.00546506048185677,0.0126498538425346,-0.000948812630181203,-0.0159319320400974
-0.063652380422131,0.0432185180138848,0.00624168533698706,0.000811037105290299,-0.012897286065816,-0.0219036823035326
-0.0583846721457886,0.0379860924114671,0.00116822974117719,-0.00523516488111156,-0.0191875278004735,-0.0247232784757403
-0.0457747998525649,0.0336921460086996,-0.0089388152341854,-0.00918489150379345,-0.0299055309801028,-0.0322806579701428
-0.0277202416300837,0.0266425876018664,-0.0183905790754594,-0.0101059592766619,-0.0308128593593533,-0.0354496771484395
-0.0209963277548001,0.0211945170013861,-0.0223269498232284,-0.0091223290985042,-0.0352017623943434,-0.0412091538949095
-0.00559442486153025,0.0180179967584836,-0.0267408785966979,-0.0119401275002032,-0.0346139883803643,-0.0385409516721324
0.00788774616703966,0.00942148050281796,-0.034346437210838,-0.0132666860838105,-0.0342824664218674,-0.034952735467441
0.0198083317235143,0.0085284996700596,-0.038822820462895,-0.0119716903703472,-0.0348014390424625,-0.0336476780975862
0.0295914211137003,0.00565826832885835,-0.040599069272055,-0.0100784201855471,-0.0312485036012371,-0.0361237938141601
0.0387784701901579,0.000878148027104506,-0.0464525505007252,-0.0041554069624247,-0.0352154327073061,-0.0383387536291092
0.0450649761496545,-0.00348736111157175,-0.0494969249149007,-0.0078504227891153,-0.0375052518095519,-0.0440656111500955
0.0437607038879339,-0.00856995232219493,-0.0453718929453166,-0.00926688797399751,-0.0355107521901931,-0.0509330916732279
0.0440488962353243,-0.0129275959618342,-0.050558435669883,-0.00216498883422836,-0.0353388526901854,-0.0477696902500654
0.0396417310025266,-0.0126847485812707,-0.0461864522498429,-0.0025129862505792,-0.0311447000317673,-0.0478802676785218
0.0318431364656914,0.0150999076390693,-0.0294570758717761,0.0760805380910276,0.0269616518368284,0.0150302609647466
0.0286482833088139,0.0136758753203305,-0.0271171969055659,0.0802557952793717,0.0322308678482294,0.0138383915840274
0.0209121875953665,0.00263424130477701,-0.0269342187436571,0.0790080690633361,0.0362506684357574,0.00389628510100794
0.0178313432174713,0.00301299127823558,-0.0269969869266768,0.0783204443658582,0.035374044603179,0.00162990719574479
0.00650045028730929,0.00155469978330569,-0.0235193241387025,0.0801912041162559,0.036851518661354,-0.00523216953174313
-0.0079826751648555,0.00625205828207152,-0.0189257879042799,0.0769273496387873,0.0366538945008165,-0.0101133830243701
-0.0142260153375593,0.00651985123326945,-0.0156714707241434,0.0698352721442513,0.038821644425969,-0.0123212407222021
-0.0357182163517246,0.00777808890092701,-0.0130638833597034,0.0591907615668677,0.0355627149331611,-0.0138530530670024
-0.0465367374553422,0.0110953017472277,-0.00407675501444409,0.0478229689754469,0.0306580246522098,-0.0172459517520223
-0.0555034052211217,0.0213652548044266,-0.000263163806817523,0.0387044247022896,0.0243090925779136,-0.018470357312744
-0.0558682173058571,0.0288008272051257,0.00156046207081908,0.0319520680215288,0.0178302632484432,-0.0248056299372436
-0.0600391190085061,0.0268541161754728,0.00372685112908649,0.0175722547349853,0.0119001272740687,-0.0286106635832842
-0.0639450875498733,0.0310768420091837,0.00545267544902847,0.00934052508795166,0.0032632243354204,-0.0311753803067101
-0.0575851364014175,0.0347027370517462,0.00411389848412925,0.00116252515284837,-0.00550115417898596,-0.0348871374895417
-0.0506425298038341,0.0372456290112656,0.00266553446281485,-0.00377539589279569,-0.0121590403023706,-0.032082142758351
-0.0420854879805422,0.0197403916568501,-0.00748126219449467,-0.0098740539280738,-0.0197241378357929,-0.0435006071125236
-0.0284519606481869,0.0197631442562757,-0.016521521749428,-0.0120088124276798,-0.0262586157704445,-0.0420694790243326
-0.0145688752405141,0.0171838039730347,-0.0238659439547707,-0.014417442134451,-0.0282326665561335,-0.0439516703311091
-0.0110411628820079,0.0133772125678949,-0.0286600913130463,-0.0201686432682206,-0.031887979225194,-0.0427398349288488
-0.00128740610097012,0.00543406386382882,-0.0316987461146318,-0.0226547131167231,-0.0309139621418491,-0.0411900494164451
0.0123012730650909,0.0100120558289089,-0.0346568544048241,-0.0192193792990624,-0.0295021281768909,-0.0319437520669582
0.0212006098359559,0.00396408258703866,-0.0422703674492281,-0.0181721382005693,-0.0275539853546855,-0.0351974392198753
0.0305858646847707,0.00222932181863381,-0.0412849284767988,-0.0154669940334924,-0.0250676366480034,-0.0341121446226116
0.0348585703027085,-0.00814286032750417,-0.0463566999093232,-0.0156578789390919,-0.0311453254907045,-0.0459031035454486
0.0374773091278601,-0.00523629112803966,-0.0462737908468176,-0.0189327443449384,-0.0318661628127737,-0.0429642193072433
0.0400031328815405,-0.00852096643784802,-0.0500904276904521,-0.0113995595727345,-0.0317104370124086,-0.0461462416376908
0.0400574084395161,-0.0108083287026237,-0.0494641217704556,-0.0113615856779254,-0.0276506888304758,-0.0431843239297212
0.0400390346793844,0.0130318666644033,-0.0264857790840154,0.0742773440874578,0.0341880299928931,0.0111064643018468
0.0355903552225252,0.00486714771848387,-0.0249421027160546,0.0791566694959964,0.0372282265742751,0.00369483561173803
0.026178921652131,-0.000910869471303283,-0.028084650248386,0.0784349952124159,0.0383160247327399,-0.000311578728100432
0.0225480027373923,0.00239017293068401,-0.0256265927813837,0.0812066295568671,0.0395014905358223,-0.0027839796440951
0.0133114234098116,0.00412981578744134,-0.0217607303812386,0.0863225343900159,0.0440035632074035,-0.00769689209152049
0.000361991862782352,0.00821874253534563,-0.0182363230442885,0.0797899513677089,0.0450896017643898,-0.0106708251583559
-0.0143572538690059,0.00998255848207692,-0.0140540193111726,0.0691612892022909,0.0454734175742669,-0.0160709981203125
-0.0244982761362513,0.00562155330979306,-0.0135595554034154,0.0593191265543239,0.0439299076163205,-0.0149611480683714
-0.0358844295226052,0.0194969649977927,-0.00585538859044493,0.0485616718849684,0.0392912211883958,-0.0148082397189271
-0.0453726697961736,0.0197344457420662,-0.00123023049702854,0.0395115859230081,0.0313618446554859,-0.026332059777411
-0.0485541698403388,0.022384578782728,0.00492290129648346,0.0310103362856551,0.0271416733090821,-0.0346412260326564
-0.0512341342410319,0.0257350899416819,0.00624021022469358,0.0177705501640968,0.0216939468807037,-0.0342155883097127
-0.0510162367745594,0.0299664142712845,0.00645488376542075,0.00805481271030027,0.0125103234878023,-0.0368045217976536
-0.0457768415628769,0.028217948025262,0.00424292858158398,6.44682661607985e-06,0.00510302266073979,-0.0406595278145775
-0.0469719446462862,0.0230444575761577,-0.000873386292768182,-0.00494711193629287,-0.00373757918159131,-0.048199527620795
-0.0357652712892701,0.0202360224550693,-0.008191863011781,-0.0119692984380443,-0.00992410112141748,-0.0437433436022956
-0.0280673295306906,0.016786401721843,-0.0142852443427051,-0.015517003219286,-0.0185092247319657,-0.0484525138677857
-0.0215994680296669,0.0168470567302735,-0.0199129431060997,-0.0226460059144644,-0.0209289646666511,-0.046093147022692
-0.0179226533502707,0.0110545401103907,-0.0253325303514164,-0.0257172404369292,-0.0218748068217348,-0.0401226204718349
-0.00150366591130268,0.0065940841453495,-0.0324587839608588,-0.0254843713125133,-0.0230795089392651,-0.0396016153965043
0.00945537167181191,-0.000461714453354806,-0.0381104391120497,-0.0268943113228758,-0.0208235968302242,-0.0364478899156645
0.0156255673069326,-0.000890700013061308,-0.039524352002985,-0.0234403714210447,-0.0203202257531626,-0.0374288206486962
0.0253308372667158,-0.00247384945820309,-0.0382826763307738,-0.0203391915864935,-0.017350516268615,-0.039254796303054
0.0268091242742508,0.00486255473527746,-0.039831975846449,-0.0208542742520342,-0.0242088150939672,-0.039287460633381
0.0320934521446144,0.00074174677811881,-0.0425168730881897,-0.023271272172582,-0.0253127890923084,-0.042370488240222
0.0335189574973346,-0.00937016627631108,-0.0461774313246988,-0.0172608002377606,-0.0251641144110803,-0.0423033455684646
0.038642012719818,-0.00374760255197258,-0.0473368525342112,-0.0174257862765228,-0.0239224210412636,-0.0359182399513822
0.0365957773140847,0.00168816848164342,-0.0227273828663023,0.0695107613839391,0.0390341639306074,0.000526215800659113
0.0348185762436259,0.0012196645203031,-0.0205051968943881,0.0725514691938285,0.0424916060476018,-0.000876846447564795
0.0272698047109054,0.00061372267840673,-0.0237452171447507,0.0752632329947056,0.039903719452745,-0.00790571878673536
0.026905206101771,0.00436963912102729,-0.0198747709349973,0.0770824595945793,0.0462130068952764,-0.00637686279961508
0.0163381781972623,0.00378657912186889,-0.0190508908241214,0.082462950145535,0.0489135070942657,-0.0098984207214266
0.00850671594657582,0.00230473320523462,-0.0176846703769937,0.0778738844364048,0.0506708529665234,-0.0158682923488615
-0.00661857001660361,0.00340888102855397,-0.0151353969954082,0.0703298866811253,0.0517553142585517,-0.017075894869191
-0.0179183528701372,0.0095390748223354,-0.00899244413795883,0.0573877400279424,0.049578757367511,-0.0199352051430922
-0.0227018904845416,0.0218611252381379,-0.00539573127367943,0.0469891629617416,0.0456310849548824,-0.0179328676768239
-0.0359051252348709,0.0176917815303577,-0.00157600930927258,0.0375434594302899,0.0396237148358155,-0.0304488893761216
-0.0430943063760123,0.0185603203883765,0.000635296773004008,0.0315906451166816,0.0339216907277921,-0.0355855600026733
-0.0462861280449844,0.0201644944518403,0.00616619450459507,0.0165651303762185,0.0276910411563644,-0.0431273637952936
-0.0441982657084323,0.0298181377210241,0.00959118390415998,0.00540520972664572,0.0221449064417995,-0.0379152698895245
-0.0393210586674422,0.0317056161932378,0.00585568434551669,0.00194244354949927,0.0142639057165,-0.0430343046980006
-0.0357744333323755,0.0209811940913788,-0.00369695237435758,-0.00955612657336213,0.00487436278167126,-0.0472483197038282
-0.0362780752120394,0.0232717637729458,-0.00272651058861519,-0.0186850772332568,-0.00211805041927506,-0.0502305606496694
-0.0296506380567563,0.0190290972486517,-0.0091601135127481,-0.0241213731783873,-0.0076875105656771,-0.0500045144379125
-0.0208056940355236,0.0190609988129974,-0.0155450752589401,-0.030263656643173,-0.00983217575541294,-0.0401073568979456
-0.0139682267334405,0.0163169998559761,-0.0264977380237088,-0.0307824894144474,-0.0125338576194153,-0.0362886438724034
-0.00144051919603644,0.00921956757026007,-0.0328199548773474,-0.0337192913901508,-0.0108727994176203,-0.0313509851355101
0.00385528353648397,0.000756985916766732,-0.032371369216785,-0.0333251537315226,-0.0132770780125277,-0.0389477385510799
0.0104690303687546,0.00143737565152064,-0.0367360636479899,-0.0361106199967505,-0.0125479984733744,-0.0338077336636692
0.0195421026531241,0.00299498649518297,-0.0360050410244076,-0.0293166146157129,-0.0113214476070475,-0.0318800088463535
0.0198767203807384,0.00325383742662017,-0.0403587979291375,-0.0296680609171452,-0.0148799858924308,-0.0336063675337858
0.0302573540164693,-0.00628678949016465,-0.0441817806683518,-0.0275048951468299,-0.0145580751304652,-0.0357642155862177
0.033172639284016,-0.00510347360438373,-0.042489366424286,-0.0231813086982987,-0.0129184057989675,-0.0324818679814547
0.0366145188386072,-0.00186387097560082,-0.0453805992544269,-0.0238090639202668,-0.0155255801304632,-0.0314176244237283
0.0333359984758683,0.00107931319632308,-0.0183067582148413,0.0538597567180479,0.0404558836423545,-0.00398104747627214
0.0367724143440362,0.00295045413427378,-0.0180983204637596,0.0608888521027536,0.0441838623750347,-0.00219136533036576
0.0355185004651692,0.0128702389225458,-0.0172723716207252,0.0671766103498651,0.0454293098786194,-0.00403112595943441
0.0301272817465942,0.0070604118873476,-0.0144498782127467,0.0699463004479911,0.0487756968891849,-0.00850869872683521
0.0203228775973415,0.00281560232301311,-0.0126270599381273,0.0752032940053858,0.0537714583245103,-0.0200980729014286
0.0125792992611205,-0.00110875302069204,-0.0106424168681905,0.069862457274944,0.0556110371211148,-0.0265620581592367
0.00378213542824806,0.00292372327866898,-0.0104916813532599,0.0599416784019757,0.0541982444132535,-0.0243102227886089
-0.00512544627805206,0.0101328448359654,-0.00555941078066806,0.0542559095484539,0.0512944534245276,-0.0244320519461071
-0.0163714697535944,0.019790769062078,-0.0033850155979398,0.045219542233481,0.0488255832856742,-0.0251175875080979
-0.0280474593688466,0.0118645139152694,-0.00202695444526572,0.0371147207624167,0.0448678484180815,-0.0385939899477029
-0.0319869937177714,0.00856735417382904,0.00121171940195828,0.0257824566598481,0.0400895998969882,-0.0474116065084997
-0.0326249918788116,0.0188641317187039,0.00585897710534749,0.0132373027960917,0.0345895361706987,-0.0492612453029199
-0.0360416490241261,0.0247677615329956,0.00852088284316573,0.000895038222463688,0.0294168057716968,-0.0434716141578912
-0.0349493630878886,0.0284985401423067,0.00640089731316489,-0.00761648701449197,0.0223768735995139,-0.046974796150405
-0.0358923558943753,0.0200795135809907,0.00251827420490642,-0.0142562191772313,0.0149225240195389,-0.0529167434377196
-0.0358837663978552,0.0263513738606137,0.00162772344790133,-0.0231843385869029,0.00799326897006156,-0.0490526801267051
-0.0240467969198103,0.018904630911187,-0.00887970866135296,-0.0296887430783608,0.0041548527797798,-0.0410363109427382
-0.0202148153771716,0.0210773823308676,-0.0157283676846338,-0.037203821133167,0.00093224964130173,-0.0343405655159662
-0.0149640486952805,0.00689087828417881,-0.0244752359627657,-0.0442533292927198,-0.00124550872155006,-0.0349756519178312
-0.00700611989141549,0.00734606998669932,-0.0308332140155664,-0.0457526625845308,-0.00261667485888486,-0.0311422469530085
0.00688042057953215,0.00817163276763311,-0.0316215951217093,-0.0449824380256092,-0.00584802398152917,-0.0307090949225029
0.00790772295266989,0.00130855251334104,-0.0315045591642856,-0.0436880916595288,-0.00457559746225804,-0.0317351823044975
0.012151137250696,0.00154534502160572,-0.0354682278440809,-0.0415809438266674,-0.00381874384900518,-0.0284362050917937
0.0208004851909807,-0.0067705420875418,-0.0449859360613526,-0.0380457242726114,-0.00434756553809547,-0.0298249545977914
0.0306489958313396,-0.00489346592063917,-0.0466236489895129,-0.0332038364687343,-0.00413088595515456,-0.0273309103090249
0.0330535184417271,0.00313777134858379,-0.0406681381772397,-0.0358191001851664,-0.00695996874101651,-0.0236734613613358
0.0348098586207793,0.0111318195557482,-0.0374536425885182,-0.0370679119379506,-0.00719010428629297,-0.0215648838289795
0.0338092978068713,0.00439861903628908,-0.0125687229682781,0.0481247781609551,0.0466975881280746,-0.00599856582884057
0.0373785090168743,0.00830958392234347,-0.0136381367027615,0.0504648194337107,0.0500003732601173,0.000207509769075375
0.0459265854090223,0.0106533606661233,-0.0145186829617505,0.058256408763441,0.0555634181963185,-0.00236659794490157
0.0391503137204623,0.00518053944208041,-0.0145570293783085,0.0626583387721184,0.0564237267798414,-0.0130779453028686
0.0312978512380498,8.31510365546795e-06,-0.009493887223723,0.0661327459485327,0.0585799901010054,-0.0206464518616133
0.024988444130839,0.00366427496597064,-0.0066747788136394,0.0628440247036032,0.0592377617246136,-0.0271523797369222
0.0126191716707618,0.00784526373988252,-0.00446653369031861,0.0556812471104017,0.0590646144830982,-0.0222929787555646
0.00288108507045274,0.00548757941079911,-0.0037378909675964,0.0490727185022723,0.0557729998633496,-0.0288893662720507
-0.0104960254081951,0.0114413838463092,-0.00301637790390267,0.0429194757694301,0.0516601715041951,-0.0299402012946842
-0.0176977664848761,0.00978020038588261,-8.72940307231635e-05,0.0284451408665823,0.046626528288963,-0.0390930996107164
-0.017007692320033,0.00995612950823353,0.00279721581804763,0.0185144731709283,0.0458428496148793,-0.0417973965705838
-0.026005214764251,0.0119644111000613,0.00534212529808489,0.00705916218788522,0.0385900184345087,-0.0494676924609957
-0.0342757587695944,0.00971103043232412,0.00911991626018823,-0.00221088722847971,0.0348118676985683,-0.0523616579386955
-0.0353247347538882,0.0154398755202772,0.00674899085936761,-0.0129989872349966,0.029717745091656,-0.0463773150956096
-0.0410672487388427,0.0214489750211441,0.00581946672959558,-0.0206066647328867,0.0227208837232548,-0.0455623201306275
-0.0329333682071507,0.02579827001511,0.00169808203469621,-0.0311394128968374,0.0156177451735294,-0.0367471036477559
-0.029852886610676,0.0123274330529979,-0.00709429925379726,-0.0342462667170844,0.0129126642995618,-0.0391399115866457
-0.0253720744726569,0.00691925489280136,-0.0161340032232462,-0.0422367284884065,0.00788950309793732,-0.0381736405449331
-0.0190154116569307,0.00919373953536911,-0.0189210494232022,-0.0498686911769103,0.00526960252655805,-0.0366402666484491
-0.0130777713947577,0.0119153899787172,-0.0197594337851435,-0.0534633255721224,0.0047568982465728,-0.0332565956198387
-0.00133135162673806,0.0115205821460364,-0.0231971684022495,-0.0572677817270571,0.0038614300425822,-0.0262629494995838
0.00468664798031288,-0.000117843734067626,-0.0319731920099884,-0.0536041374389288,0.00274398316133017,-0.0267871961657323
0.0131098884226681,-0.00284915074861188,-0.0378165235399861,-0.0493913158883526,0.00180528705744429,-0.0262310394315254
0.0193183337208272,-0.00418605270803052,-0.0426592823988484,-0.0465626954659668,0.00251413700822941,-0.0257470538928138
0.0297930106090923,0.00181739338368813,-0.0409583240180417,-0.0489173727827725,0.00214669439361498,-0.0198243651588918
0.0330109059113016,0.00556300769058975,-0.0384657194767513,-0.0478762118045993,0.00231842744754893,-0.0226139247291636
0.0330332397681252,0.0122480763680281,-0.0347428701517883,-0.0504163131049632,5.21312731463323e-05,-0.0208475979401644
0.0322429331239987,0.00613832981030696,-0.0102817643816897,0.0363069806605426,0.0487083334669612,0.000950962439330215
0.0441088599913719,0.00439385897345118,-0.0129304757489899,0.0462041198257418,0.0553910701175561,-0.000756405570455907
0.0472546926370214,0.0124965300939505,-0.00873979142262215,0.0502936651014333,0.0569625532044354,-0.00144027118940507
0.0463995428502743,0.0069607346091984,-0.00573546848040101,0.0557059153247137,0.0595107923503758,-0.0120809836662449
0.0417449649427451,-7.15816068441993e-05,-0.0111246726699667,0.0565719795391631,0.0620534459669322,-0.0148082173530201
0.0336206373374347,-2.57579620154954e-05,-0.00847801788816465,0.0531396092003379,0.0613727358534522,-0.0217426032376415
0.018595345708884,0.00271190718760966,-0.00241104114933609,0.0502731463292525,0.0615291967131632,-0.0263838013784636
0.00721783176758478,-0.000964982595147364,-0.000421467167338337,0.0469541011821334,0.0589753171283857,-0.0334663375240411
-0.00418672393001734,0.00417192713256321,0.00177217317458558,0.0322139791008141,0.0556102484795011,-0.0307219941458309
-0.0101957758908137,0.00823438618277175,0.00631487689086893,0.0175326283399704,0.0534806337485031,-0.0360572818355367
-0.0122508279462183,0.0100374653255931,0.00914709617913678,0.00773438158178901,0.0500843084025517,-0.0457466051678113
-0.0232655974654991,0.00865042379899338,0.0126697467558257,-0.00384707003395144,0.0451443104625235,-0.05717793598574
-0.0344619682713547,9.76315140057598e-06,0.00864823174617953,-0.0125657069681748,0.0390412340886886,-0.0585583035312325
-0.0343206776487948,0.00304010081474075,0.00602921044756816,-0.0219819438334091,0.0362419006092088,-0.046874312639571
-0.0367517597116701,0.00812502034643013,0.00336608372768107,-0.0296693897080685,0.0322877211173459,-0.0404004510667318
-0.0329742860117909,0.00449518514755264,-0.00102008220818938,-0.0359620587929672,0.030783344231318,-0.0359161263485921
-0.0295270230501998,0.00564451607349166,-0.00594285233304377,-0.0446582418555887,0.0209282182791278,-0.0394086411866484
-0.0260259214007509,0.00711742917705392,-0.0119446116419119,-0.0515813168404252,0.0182100895938418,-0.0332529754630865
-0.0248098108363522,0.0127697406629012,-0.0145205540006494,-0.0592121315035246,0.0126660161993117,-0.0285858486186111
-0.0209342169423054,0.0103727702111215,-0.0166683290075976,-0.0626063545918392,0.0158112484254851,-0.0222056586674122
-0.0145126109451332,0.00381548746900339,-0.0220432809950004,-0.0684974369827293,0.0121025818583668,-0.0241978899952378
-0.00367317361664384,0.0018246624051405,-0.0299773099524967,-0.0659888095541398,0.0109570246600859,-0.0175843077206367
0.00513693487153982,-0.000526407686474056,-0.0337284506451113,-0.0603115451432012,0.0108169458893987,-0.016230961575358
0.0153177494966593,0.00611152939630672,-0.0388866890188811,-0.0609157955200042,0.0112541878483873,-0.00540190595906149
0.019176104147788,0.00714930992230445,-0.0371289198107635,-0.0603548281835599,0.0114941582828923,-0.00854102655181296
0.0212226674113703,0.0124740276176423,-0.0316309421569484,-0.0624266690565748,0.00905256341263814,-0.00440806424403227
0.022573751973643,0.00575813225998608,-0.0287441132383441,-0.0642628867127166,0.00946245204878038,-0.0110357370364059
0.0406389611094217,0.00864940652792678,-0.00417695897717344,0.0320253596102024,0.054717830127002,0.00245152610459065
0.0453374862916997,0.00422033796846574,-0.00329784234376741,0.0371755030656449,0.0588094099145139,-0.00605759904298113
0.0502456255148505,0.00647133104372393,-5.91587602074758e-05,0.0422988216901195,0.0601096032880222,-0.011467472358656
0.0562776939841532,0.00358778866117974,-0.00484891082103765,0.0467770181338755,0.061111197551252,-0.0138708796039005
0.0520954618790801,0.0048232931059932,-0.00547550121635282,0.0466674546617024,0.0632433687830196,-0.0109935083165828
0.0392240681029711,0.00557468716079562,-0.0017065764668703,0.0401634021209468,0.0640839246339756,-0.0152828986501854
0.0274366334878946,0.00662091702874938,-0.00164945939662353,0.0395447913147369,0.0644474312564104,-0.0185207847336956
0.0182666411619923,0.0096585621676303,-0.00063550420152682,0.0319889138744963,0.0616661690462602,-0.019067081696543
0.00128198570971843,0.00416301099652411,0.00257907104400399,0.0200774065261431,0.0603245961430356,-0.0274054887639161
-0.00526114196746597,0.00423783637414043,0.00835728459368243,0.00761474306991758,0.0588366201993917,-0.0340825444665764
-0.00802299293457631,0.00916721481426707,0.0109083145330183,-0.00679972302264519,0.0528545232157036,-0.0467759248997831
-0.00805329481258752,0.0155410682357827,0.0144949740050929,-0.0191415534957387,0.054831920639485,-0.0447617329592271
-0.0177127413626121,0.000406562808172157,0.0103309422512375,-0.0290502512654623,0.0504266689248362,-0.0497293022436315
-0.0293364977122927,-0.000513309916633372,0.00821160568687252,-0.0383091872092257,0.0448389015848134,-0.0433558504777886
-0.0338276563533533,-0.00100585374133736,0.00330269146478157,-0.0390204693266362,0.038955696905161,-0.0367403092808044
-0.0326068879102328,0.000367203144357227,0.000489362402711733,-0.0475187195035874,0.0347664145914552,-0.0321263873141736
-0.0309669324007377,0.00160831683134457,-0.00284553045963112,-0.0528468936659838,0.0305902056175084,-0.0303303331591263
-0.0278797093674763,0.00668165157575131,-0.0100618230484563,-0.0566254936976914,0.0262465384227538,-0.0261876686958049
-0.0270712818178874,0.00797496451378584,-0.013563451645376,-0.0695537944057641,0.0220941731986928,-0.0158570818123174
-0.0203013067542736,0.00813882889135768,-0.0200291146516776,-0.0734494251101872,0.0214191119797202,-0.0134387447860455
-0.0164455442810799,0.00766086381296262,-0.0240306677553941,-0.0765857015367039,0.0189062093948896,-0.0105612014157186
-0.0101050791948892,0.00779330830398106,-0.0288075253816372,-0.0756280610432929,0.0171320377956055,-0.00970073132540538
0.00263674568032249,0.00992092527181624,-0.0293723050085292,-0.0788580682800758,0.0181774792202348,0.00340569062523687
0.00538580969719898,0.0144612386920044,-0.0294440906598566,-0.0763613590946953,0.0188214268012697,0.00553504430805062
0.0180763827157996,0.0163137124504379,-0.02810188035581,-0.0696632177141285,0.0193103905056974,0.00962344744063532
0.0175626310258542,0.0133118283621687,-0.0268776771391286,-0.0686767102560611,0.0179864985077095,0.00905334954554108
0.0191575980507166,0.00734775994714974,-0.0273957101109355,-0.069217560201105,0.0187615119963446,0.00786789210345181
0.0356447472980159,0.00747264823248071,0.00381938179062195,0.0268255824374038,0.0610848217996561,0.00212816436042663
0.0389225095887101,0.00348817733741644,0.00194660288032312,0.0261133432827364,0.0631147999762761,-0.000916262911051744
0.0470645563032482,0.000682646801628699,0.000483228115505212,0.0361185704669433,0.0646218495292957,-0.00774091244386918
0.0493239612398704,-0.00121931308719951,0.00244884321814308,0.0387523378147395,0.0642085363703648,-0.0138911587532654
0.0509731404896682,0.000739861870229218,0.000330504848947465,0.0330650230277602,0.066302642942255,-0.00821646117984342
0.0414467590698875,0.00813770019187314,-7.87277762210824e-05,0.0289403234563915,0.0655741626560161,-0.00709589602035325
0.0301327741613154,0.010238808446419,0.0027020550639458,0.0220845524027505,0.0673388733702237,-0.00607183272243621
0.0165454754835536,0.0128392408035515,0.00717676207931574,0.0149861968795611,0.0689770465509942,-0.00514481736588679
0.00640257261391295,0.0119621936806986,0.00589222635354389,0.00395167225201981,0.0643367831268716,-0.0122005279023669
0.00533821315906742,0.00866932772202875,0.00573734304525083,-0.00502218739889743,0.0604066016701456,-0.024232055248412
0.00173249919390787,0.0073732495284091,0.00998288173288911,-0.0226957632876626,0.0606333392596293,-0.0274711380454083
-0.00449487226305222,0.00388774808132057,0.0138412137058095,-0.0331249373235588,0.0616679298010112,-0.0341030282305274
-0.0123597491999885,-0.000169523583294678,0.0104748636481842,-0.0410970228163655,0.058346404096203,-0.035327945112227
-0.0223427626095729,0.000612490630033835,0.00642927322740226,-0.0455819286263331,0.0539746907458402,-0.0336797412272356
-0.0269136219236512,-0.00692263242110882,0.00109840002338517,-0.0548238871758471,0.0490704919461411,-0.0325085660166999
-0.0271120762306914,-0.00302378227402978,0.00129289045117196,-0.0595643117409687,0.0410004461532864,-0.0329349500080482
-0.029714506471871,-0.00275809775186575,-0.00149180358215365,-0.0658428905326072,0.0384324302073594,-0.0257126372391797
-0.0268774873714547,0.00649571265637067,-0.00674120674788771,-0.0673232823468156,0.0352595696781996,-0.0160854639498498
-0.0254586789553287,0.0037527682851463,-0.0132848834934277,-0.0776288860404305,0.032849324758978,-0.00687562588041602
-0.0275275373120815,0.00903540827256646,-0.0171847168992779,-0.0823539130480475,0.0269796272701623,0.000529588380641997
-0.0180728385636788,0.0148420586707797,-0.0183944887951369,-0.0855674901903438,0.02440606458937,0.00498207691902864
-0.00408805839798745,0.0206100552104793,-0.02084119472246,-0.0810194987245124,0.0245691525604488,0.00839452243746342
0.00610348190751846,0.0128896487737945,-0.0264471237177659,-0.0831492935971839,0.0274488220087664,0.0137057423141945
0.0130627422796568,0.0166020245248016,-0.0241962872335822,-0.0813055500985944,0.0250450128647823,0.0164392018105644
0.0236635079288703,0.0188525727197497,-0.0217653061715244,-0.0766582965066625,0.0268319938645974,0.0187918046863826
0.0294171859781171,0.0185632344713227,-0.0285247415260223,-0.0740583250384401,0.0252803290549649,0.0212803766872026
0.025461607279198,0.0169529184209552,-0.0252987467073545,-0.0734740935676626,0.0241441148602716,0.0218739903177029
0.0358823279284515,0.0126953257548768,0.00960311202478758,0.0134710612080931,0.0619898349056276,0.00661298724385539
0.0422716045666186,0.00568274061099299,0.00634413427126929,0.0169743137979432,0.0673773809397368,0.00400623937852702
0.0424726208480015,0.00492504604291709,0.00815327405852681,0.0223603418504887,0.0668944208573402,-0.000609365293172189
0.0474542260132116,-0.000211728618125804,0.00691255269873335,0.0185889323416181,0.0699162756517585,-0.00157827522816163
0.0493387246289162,0.00326218195064294,0.00694095649373145,0.0193253076500537,0.0690788764748855,-0.000861973486257351
0.041574597485442,0.0117718062378691,0.00664175842789885,0.0152352070178723,0.0697099995870677,0.00522451954135339
0.0340132083532427,0.0135518204701325,0.00472136901497853,0.0120044164795786,0.0698541290383,0.00277366245648497
0.0225633494141987,0.0186227968601907,0.00545136098113575,0.0055183638094906,0.0690688545052217,0.00330475281280989
0.0176781756809855,0.0110967066613452,0.00587189915311295,-0.00293422204622129,0.0701885046512672,-0.00455102476908306
0.0108928328697379,0.00122668770766849,0.00906703497141073,-0.0162518239004945,0.0643696310153465,-0.0193957673446765
0.00490256826578046,0.00371290384201961,0.010892145760761,-0.0291675210899982,0.064961995611151,-0.01474759586857
0.00274402899467241,0.00178875631434994,0.0109659014386295,-0.037740385811211,0.0649422287459947,-0.0185407472705065
-0.00780156319973105,-0.00146229104706537,0.00861803411795587,-0.0477454150506318,0.0613001520708329,-0.0266838934694194
-0.0145578859868836,-0.00512817090511814,0.00895326682488447,-0.0528469564034348,0.0593635058622184,-0.0349820383409253
-0.01840668444596,-0.00835837495613583,0.00247234139791525,-0.0595413459553691,0.0533428478709334,-0.030263489473255
-0.0243550219190124,-0.00545321034892469,-0.000898775563498153,-0.0664734568809736,0.0483522409881872,-0.0206362193841155
-0.0234396408002612,-0.00371048641228324,-0.00183787428300207,-0.0670347338691158,0.0445706275655636,-0.015834122765416
-0.030992990464807,0.00237428784529325,-0.00522975792913381,-0.0704850363156042,0.0367562250193326,-0.00832708917333712
-0.0318013451630115,0.00569582927895266,-0.00810684361039585,-0.0766848049699258,0.0335043295852889,-0.00629295635302721
-0.0218340308468551,0.0149737983702169,-0.0105479875253023,-0.0804239346930607,0.0328319722878223,0.0107105716393075
-0.0128002253218775,0.0316465692838851,-0.011226733567645,-0.0851548158822341,0.0295357002572855,0.0227143337031593
-0.00353055174136722,0.0232180044904105,-0.0167616824142793,-0.0881450692348173,0.028280377984498,0.0252043673266165
0.00709103900959262,0.0201398220750261,-0.0214039599742831,-0.086459714025947,0.0277464276589897,0.0265709882500653
0.0218833696227836,0.0213766118718087,-0.028365850446365,-0.0806460480661313,0.0275552456654532,0.0317913409478144
0.0249179967674882,0.0197449405647232,-0.0260396826892173,-0.0745171844614864,0.0306474468566689,0.027309729754705
0.0278781979489006,0.0101563614582642,-0.0279679895153337,-0.0734858409985968,0.0308425219470587,0.0256548888938673
0.0354571905306477,0.00385256054979291,-0.022463615073979,-0.0735542711310973,0.0315179137755146,0.0238977570070237
0.0383489129160275,0.0143529020950724,0.0109971711691137,-0.000655517726790423,0.063338576628902,0.0134063653281109
0.0461755014581255,0.0149263349191125,0.00737058131338234,0.00593246195156462,0.0682214062327714,0.0179228305246186
0.0450030196810742,0.0102507110593601,0.00931741926867997,0.0118971676024989,0.0723219292743996,0.0125970832003337
0.0439664902018067,0.00342642810870444,0.00691992538153806,0.00805126353290787,0.0710038708693111,0.00939559769985133
0.0463199207827791,0.00504638699187258,0.00956691144922473,0.00479962089031918,0.0732499657808925,0.0095273867809768
0.0404566800477479,0.00184803116846065,0.00787061134894275,0.00377579656370374,0.073867704950073,0.00522121059369329
0.0384398507085009,0.00462339500847898,0.0046922662110885,-0.00169113476679485,0.0722953137473051,0.00638069197556071
0.0290631180386729,0.00706834431737345,0.00625097114059853,-0.00611397064942771,0.0711808854475336,0.00522711575426921
0.0231675136197859,0.00497661276374328,0.00658743531173499,-0.00930382789868834,0.0727344772641923,0.00103043851365203
0.0159785854350375,0.00239181025499895,0.00886715752042368,-0.0217308176037201,0.0683343318517179,-0.0042157543396626
0.0162502306949584,0.00750551328586888,0.0082885433614322,-0.0330705884400437,0.0666276074352986,-0.00393508913734297
0.00304816947508261,0.00438748140368202,0.0117199441504334,-0.0433024872515178,0.0648897448104122,-0.0127280913776048
-0.00275123560530306,-0.00568670946649366,0.00876202978164905,-0.0509404630304093,0.0639202024161387,-0.0218995857015664
-0.0107142420301734,-0.00397729034109931,0.00688965439511337,-0.0562112407555046,0.060662574531909,-0.015868604011412
-0.0190864940946209,-0.00571484997325399,0.00189300454194546,-0.0541032377840013,0.0546360298252999,-0.0161753383384941
-0.0219980352708907,-0.00499913842311748,-9.59732863215889e-06,-0.0630354168504676,0.0499661825271996,-0.0118003115897939
-0.027899784871977,-0.00450980389424583,0.00142736709932492,-0.0670861476135124,0.047685636882337,-0.00828289467598761
-0.0296669030181138,-0.000893110989009764,0.000653525258397757,-0.073571540182993,0.0457937220129342,-7.83178741556446e-05
-0.0285753976887799,0.0058749930898071,-0.00338447443266354,-0.0810294841265392,0.0415042164174163,0.0112084100436397
-0.0199453431086747,0.00796016557801178,-0.0069600733050703,-0.0883760942398289,0.0410899221880216,0.0181527072705806
-0.00910265443037312,0.0146803829487817,-0.0102841236717782,-0.0904128951850919,0.0359917153105913,0.02146097827287
0.0062416734248683,0.0181003489097301,-0.0152155498220496,-0.0896677782619829,0.0353422274321657,0.0298089744474784
0.012663328392443,0.0108335404810899,-0.0215324461741225,-0.0895914570567578,0.0351220909982696,0.0299668319840565
0.0210524125567338,0.0109345489939546,-0.0281421292681974,-0.0849524760174524,0.0333348036451623,0.0374857696696056
0.025781172665416,0.0082228214560255,-0.0247154482283679,-0.0792280408686384,0.0366117124510612,0.0357672606807138
0.0299580128850845,0.0100740590677257,-0.0222132021027983,-0.0761043254340895,0.0365810034369174,0.0309730720207165
0.032007315551677,0.00440039155300171,-0.0196972803495052,-0.0760281681230466,0.0357680698708172,0.0296779395126448
0.0450825185472191,0.0151385485775645,0.00969802148468966,-0.0102503436604489,0.0645863620894535,0.0272686942435274
0.0429568395490066,0.0081135602089091,0.00760183394239535,-0.00380727447903102,0.0691508149792522,0.0213932091052375
0.0341146698805855,0.00681657157514552,0.0106498612305104,-0.00749543120396363,0.0700451577653538,0.0209594643683196
0.0380337224247065,0.0109591330136966,0.013234284782805,-0.00470131940440614,0.0706085904547435,0.0174420177192853
0.04462459848354,0.0179935103562505,0.0133948691723973,-0.00500610598260398,0.0721760482198398,0.0220090551222626
0.0468925554182657,0.00583062616562817,0.0103523725990054,-0.00276718516552192,0.0739294107387807,0.0113893674580716
0.0412261761954732,0.00918197001280928,0.00814961128427972,-0.00992293585124483,0.0727822201476659,0.0100721731002849
0.0335928957980442,0.00958565964634539,0.00849652768514898,-0.0145339156696242,0.0739946060356242,0.0116613565334124
0.0328098623070071,0.0103814954468743,0.0105247003677357,-0.0207236214450196,0.0714161306004737,0.00912737243311073
0.0236874873354037,0.00851075580770075,0.00962753108375485,-0.0267857737983116,0.0708733576976222,0.00852539600729102
0.0175834098118328,0.00556689021974762,0.0117385530051435,-0.0341032024470189,0.0696201192912394,0.00672753835724209
0.00631476645363752,0.00519621226919579,0.0117065044653375,-0.0438329754790068,0.0680317661332047,0.00447929293182449
-0.00153838733881882,-0.00310968922277041,0.00640243061335265,-0.0525142873337213,0.0662969644379729,0.00218201906537047
-0.0110559166307587,-0.000675546054610754,0.00220712322114641,-0.0530072442462272,0.0628944339888233,0.00327918627901099
-0.0124521319690868,-0.00144656847290396,0.00103963294048214,-0.0609937945054896,0.0582383468758434,0.00803391794436696
-0.0206581877927659,-0.00169242007246307,0.00202287601000844,-0.0644987828918008,0.0556653974006049,0.00866445123585244
-0.0228126238195941,-0.000482353805061308,0.00205338424114245,-0.0696816908428436,0.0547738103829237,0.0133694401986626
-0.0224909999779861,0.00273008943272643,0.000261987979995776,-0.0739779205526513,0.0510870526078964,0.0120474607515112
-0.0246414976202091,0.00637967143923718,-0.00260235348420533,-0.0848478975197125,0.0459429856447844,0.0215824583479216
-0.0226246911973758,0.00702978648740849,-0.00862480640811666,-0.0978367813162434,0.0424993857077454,0.0296990320410908
-0.014952126058744,0.00450702779999894,-0.00837225069663695,-0.0977275070013409,0.0383074378488589,0.0239483266146605
0.00269605547088786,0.0090502271857126,-0.0115081270457149,-0.0902297301360185,0.0375614518364808,0.023348210596663
0.0114114644824383,0.00768389432000097,-0.0184073740541627,-0.0850668105015158,0.0368072432318766,0.0314257370921093
0.0197097760778274,0.0105025376556692,-0.0200201660888544,-0.0811608978259898,0.0377808255785863,0.0403202654222743
0.0232418381157395,0.00870002662121277,-0.0238189265958681,-0.085024007424509,0.036962338219262,0.0423421225867634
0.0291452826347361,0.0190193391468054,-0.0182411732731325,-0.0800342542601835,0.0402289920958275,0.0406842955049025
0.0245199602242675,0.0208023925059293,-0.0216217372184883,-0.0920679133002539,0.0343346104322123,0.0487419175449168
