-0.0186804279349961,0.0258572495379672,0.00923240041612767,-0.122057712832758,0.0296403323805719,-0.0415071885483701,-0.138581174452887,0.018148951032015
-0.0202908812290085,0.0306382990842338,0.00865285122842148,-0.127215190903619,0.0302960918812129,-0.0437186503396615,-0.141210679726195,0.0236079681725164
-0.0219074114582171,0.0370851556811097,0.00726663171978704,-0.122830680061458,0.0308209181691508,-0.0424482715815985,-0.154323001435189,0.0178539559643253
-0.0200776356910058,0.0484003674571464,8.8162509954727e-06,-0.108743169655066,0.0238099722480077,-0.032620638374945,-0.160606483382553,0.0152101950859523
-0.0199688442824931,0.0460103282503384,-0.0014026101180694,-0.105882936579315,0.0187472440680836,-0.023637678782251,-0.157031725335004,0.012760793336764
-0.00142740337509837,0.0515690348453387,-0.00140819464067544,-0.0612093402991651,-0.00299355398786429,-0.00508965129615898,-0.164167500161472,0.000157203784699578
0.0127270898782948,0.0551472773615964,-0.00634637781634479,-0.0286864344131755,-0.0185862762385245,0.0139584386020008,-0.172753246528398,-0.0102746385024455
0.0136021064109793,0.0547611861022804,-0.0109441921227631,-0.0109499799894998,-0.0261756269116475,0.0315294737819206,-0.173924545472626,-0.0174509754820397
0.0141326804850006,0.059264290465977,-0.0145867126641793,0.00934643782650367,-0.0325823355360652,0.0435028530050278,-0.187821905216392,-0.0247274552450669
0.0123901673224478,0.0405524495624935,-0.0115615947524777,0.0292177788087739,-0.0395049269468709,0.0570200229814627,-0.172188305357237,-0.0250894554425439
0.00926528263761899,0.0314545923796112,-0.0114764224056896,0.032944728564155,-0.0386466829510567,0.0568696571340762,-0.169879557518272,-0.0229070816982379
0.00417237070143163,0.020151296988454,-0.00622938061637925,0.0364839263826557,-0.0378960168284613,0.0476699032247318,-0.171060953614693,-0.0135771830011449
-0.00142142256810486,0.0068643597526138,-0.00407700292685839,0.040525454492957,-0.0375291007842303,0.0406334023597155,-0.173366737806439,-0.00891412167555628
-0.018546082882504,-0.0261389993627391,0.011811837958849,0.0273524911264933,-0.0236323375776085,0.00858595712240807,-0.159882077677971,0.00956362569385325
-0.0221574628437871,-0.0374449688984972,0.0169309735115483,0.0257932823121894,-0.0212435397659205,-0.0057230382938383,-0.159469258827938,0.0196142768810859
-0.0292101312774912,-0.056984380156636,0.0256144814195921,0.0128891738790192,-0.0133418499667655,-0.0236448626945842,-0.146365861314287,0.0271742572117982
-0.0302576104503082,-0.0686067398229912,0.0325562691676161,0.0169204187168131,-0.0117445091740523,-0.0327140352970867,-0.144556597690338,0.0310882533088089
-0.0346010746263111,-0.0744642141332268,0.0345092710200156,0.0157780362719555,-0.00982104231110042,-0.0367024744131869,-0.142256881774136,0.0337248877140021
-0.0345677311711841,-0.0788090801802081,0.0389912501306977,0.010771493292354,-0.00527239932261523,-0.0428915034804907,-0.142017551945775,0.0336406270275949
-0.0371782233350495,-0.081991591585155,0.0400675584495669,0.00665673697485561,-0.0020871417795193,-0.0470424272300916,-0.140404300255348,0.0359638885244343
-0.0357063880180342,-0.0751041982068024,0.0320720483157552,0.0028402987951439,-0.000449225521138969,-0.0445683199585954,-0.136309051964018,0.0368136452793837
-0.015371005290277,0.0194136011082941,0.00134618819235951,-0.156252625466725,0.0337268048709347,-0.0192218211245298,-0.0702925778128743,0.0182664108199246
-0.0119401776313199,0.0265732141468901,-0.00694507861825797,-0.188839581617569,0.0372015642360761,-0.0124911094847748,-0.054848500484183,0.0224626727060575
-0.0143817338256172,0.0459333664123842,-0.0130120732633923,-0.190970226459071,0.0396795724580823,-0.0121427391079002,-0.0747878236384094,0.017188271155176
-0.0105316887360425,0.0431390770942595,-0.00912477737897291,-0.1353266156683,0.0201340677228279,-0.00950247040056046,-0.0988734462805871,0.0104036546962108
-0.00850608704679021,0.0390979877665015,-0.00640119580487939,-0.109766336494777,0.00956319561646236,0.00203115047303997,-0.0981505802627971,0.00157695139744285
0.0105559464237913,0.043753170396172,-0.0104387050469072,-0.0713722629471185,-0.0131345142448945,0.0292190895502264,-0.100298260084877,-0.0142891785094468
0.0242354551273155,0.0548213799971148,-0.0159104539775544,-0.0399378868986073,-0.0292038462079659,0.0433551409344176,-0.115354941591718,-0.0234139866880687
0.0313874019609588,0.0577205669508508,-0.0247600282555751,-0.00765708891998537,-0.0443778910172463,0.0868501054150805,-0.11059137822818,-0.0421838451396572
0.0303259734643098,0.0516666943264073,-0.0249128492755048,0.00243102747656384,-0.0476621865473501,0.0931954423522377,-0.111170949888131,-0.0447748308328624
0.0328318189519675,0.0445656020284663,-0.0242664586699743,0.027252194823174,-0.0562399650008861,0.103225266954748,-0.114500522493753,-0.0443161675267118
0.0259303489690804,0.0329259373974785,-0.0241995792075076,0.0368392899951412,-0.0553329103391962,0.103271523319929,-0.11541888799418,-0.0417061030183521
0.0195221008996547,0.0231948375889931,-0.0199646197585102,0.0436212464532243,-0.0543086350096281,0.0965892273957553,-0.117103364664288,-0.0327210503652957
0.00652246016857396,0.00060783914259373,-0.00788651335858729,0.0409750719537634,-0.0478278200777578,0.0643500523797553,-0.120860749044548,-0.0121687197595302
-0.0121032600935681,-0.0398577402352036,0.00800147631872305,0.0232334325881784,-0.0340172993822421,0.0282910257283619,-0.101249581908063,0.00874694103086811
-0.0184626548717686,-0.0509329337150269,0.0161688824046987,0.0188478469007196,-0.028165798317562,0.0127806480551773,-0.101814480189138,0.0177572042753382
-0.0286707961033789,-0.0689133391271659,0.0227842889758598,0.0127725162906071,-0.0189352250112247,-0.00300765745730841,-0.095815347773906,0.0270635130210031
-0.0313964367198018,-0.0791009477922555,0.0279452647315845,0.0125638348629093,-0.0151418502246863,-0.0150770366118033,-0.0977373658877817,0.0321608134493885
-0.0345390053058251,-0.0910818841311632,0.0340991675365982,0.012969469564419,-0.012784862996201,-0.0227047363111587,-0.0973063030764782,0.0327900411438513
-0.039121630854987,-0.0965172624398814,0.0389787340515362,0.00976697081110318,-0.00917851536475577,-0.0321566572973199,-0.0943989180963864,0.0355384086505037
-0.0385433974478538,-0.0984226754863414,0.036827267393782,0.00133367179573559,-0.00494955081419725,-0.0318418830517493,-0.0892163023506344,0.0376196009366596
-0.0366873124873079,-0.0932094382221543,0.0354427956866342,-0.00190061174221219,-0.0016530640973602,-0.03366558451585,-0.0900977176780955,0.0389515234163475
-0.0142833427177477,0.0108010492485273,-0.00275121567807627,-0.184638204529693,0.0270398401170496,-0.00305307470620996,-0.0122584630179173,0.0121995781225986
-0.0122262837805861,0.0158531756151072,-0.00372809751599886,-0.195143428485811,0.0266425194570704,-0.00201405349582078,-0.00563585440625783,0.015464143368133
-0.0106813071311037,0.0247983739897766,-0.00852029235780302,-0.195280203456495,0.0257266798844399,0.00469396104619096,-0.0111188663618134,0.00965488027009771
-0.00894608603480615,0.0197805292850577,-0.00675018118046679,-0.174792979967626,0.0170560464160031,0.0151605190298153,-0.0112800732103822,0.00408787624418993
-0.00590676856753149,0.0222553815433336,-0.00997321754034315,-0.16651204099892,0.0130158881514574,0.0278914934805272,-0.00916166730478737,-0.00318834442824746
0.0168736570815545,0.0284184936140249,-0.0170594654331927,-0.114552369934751,-0.016206088764556,0.063532399056607,-0.0138004952474253,-0.0235963141897825
0.0318992613446956,0.0352083940134686,-0.0154751376595048,-0.0521326230487228,-0.0406827294210634,0.0858704702987068,-0.0306068194098153,-0.0377350690901683
0.0399592462121006,0.0420403444518454,-0.0216699390174484,-0.00981488294611328,-0.057867840364662,0.106679179037226,-0.0504072072513096,-0.0513901174913715
0.0357773300813063,0.0380774308034929,-0.0214572222872624,0.000599557427885336,-0.061325387895487,0.111345461215975,-0.0525697474606262,-0.0532075294893026
0.0366188844218258,0.0341802024597019,-0.0225952215434227,0.0178194562044144,-0.0639123218391253,0.119217056821971,-0.0581790102945699,-0.0506742802321918
0.0295146238763383,0.0268362749429498,-0.0228201683276375,0.0320095893668322,-0.0630444055327863,0.119172315474514,-0.0637102323500832,-0.0496504640741321
0.0207325435090498,0.00439165434500642,-0.0171810513368705,0.0319648175573136,-0.0600853841087285,0.10888417278343,-0.05400571371468,-0.0374600209923209
0.0137472931414309,-0.0118473496993083,-0.0127598933014645,0.0382381477792127,-0.0603847289413619,0.0997109244587913,-0.0542200228986407,-0.0245858988352089
-0.00978951545225104,-0.0550207800272756,0.0107813353034968,0.0146270328279979,-0.0404911754163631,0.042380915111906,-0.0432434490045395,0.00738634637578965
-0.0232089109720684,-0.0655099702516534,0.0159833556083793,0.0131770828176246,-0.0331832604440227,0.026207097916131,-0.0477747542000185,0.0192806718259784
-0.0312977345559824,-0.0793336536503541,0.0236285686368967,0.0105008344333256,-0.0262361111878126,0.013484134234883,-0.050346853684933,0.0272820206702831
-0.0347142448485709,-0.0905588995511267,0.0286633244106281,0.00585867111573689,-0.0219948011034403,0.000683458207247585,-0.0514743874726269,0.0341953444781094
-0.0428689295537434,-0.102297666985452,0.0375177461578542,0.0106833784940107,-0.0152994888078868,-0.00939646905303134,-0.0535946847448286,0.037998694459973
-0.045624615535985,-0.111401924415525,0.0411844286938569,0.00921063445707699,-0.0120093077669822,-0.0182280419825791,-0.0514765649471696,0.0374744069877709
-0.0430898592156667,-0.108890183165251,0.0407495319935146,0.00592713539760921,-0.0119772640046939,-0.0223416526456659,-0.0510550207561446,0.0381558008334537
-0.0403086394004327,-0.102679614473894,0.0417889153743884,0.000804107547703261,-0.00781316595668995,-0.0239658795407699,-0.0488770011151833,0.0416054173677144
-0.00554224973941306,0.00958110795024189,-0.000358836031875264,-0.186940431106929,0.0148677841648063,-0.00297344398600098,0.016251129773063,0.00653783601996754
-0.00871015328234134,0.012164503673359,-0.0018920260288605,-0.190829185500094,0.0161212371785664,-0.00153493105552739,0.019384473688578,0.00514523431247999
-0.0085326370469229,0.0143153903950947,-0.00606363929204719,-0.192703127584279,0.0122744500225797,0.00550170941470202,0.0237530530393984,0.00441853377112604
0.00639678106282341,0.0105932271933073,-0.000937270520080203,-0.163636579132932,-0.00599725438947462,0.0217550070181606,0.0322261391965086,-0.00708815332011837
0.00843801704063581,0.00919228150923124,-0.00089981840660921,-0.150707331503176,-0.00861987884832147,0.0345384826759747,0.031505200342714,-0.01364620940135
0.0186624932624799,0.0128107860420201,-0.00738236510151856,-0.0948557940422398,-0.0333093412460936,0.0596293816406816,0.0200923386925481,-0.0298245579418644
0.0312327536676846,0.0202191326801964,-0.0110088984752544,-0.0442747120207935,-0.0523192734820056,0.086901016917267,0.0088765569915576,-0.0442398088116383
0.0400015720058012,0.0238285603090187,-0.0135471905818512,-0.0232703166429488,-0.0614134424444751,0.111027955020819,0.0069330472188917,-0.0564182461037204
0.0373227662952891,0.0222508392407482,-0.011304005929046,-0.00469376607964362,-0.0657626859747356,0.118678733865485,-0.00312951208866016,-0.0615098086860315
0.032099067671158,0.0148149610273934,-0.0155763002389184,0.00697754099423668,-0.0684890093461316,0.124466334519459,0.00216668862044236,-0.056164741291562
0.0242536560597085,0.00546792251704949,-0.0143446001586997,0.0193887111871798,-0.0684136239598032,0.123484685651334,-0.00320303193581156,-0.046563221477403
0.0179432204049925,-0.0102267883766505,-0.01535929201652,0.02147101836192,-0.0635238640588939,0.120514462776727,0.00243070012696699,-0.0387924911102994
0.00745417979681155,-0.0239820287905756,-0.0080648812974808,0.0277957291050531,-0.0607899741798666,0.105160793618761,-0.00166253398955654,-0.0231733734603474
-0.014055787065658,-0.0508155575101968,0.013958569698103,0.0157680968032259,-0.0450210884107804,0.0569345884248822,-0.00709327576856804,0.00696523896717193
-0.0250682276640138,-0.0690878406310649,0.020003964662044,0.0122755733786828,-0.0366011449263085,0.0393949486471979,-0.0105091610248307,0.019926147447962
-0.0379996774440008,-0.0874801022566087,0.0253007375165711,0.00915343602950969,-0.0302709314617001,0.0262964257908161,-0.00997994216037387,0.0285511750035822
-0.0414758464017,-0.0967229634249892,0.0315761854337797,0.00288811673385249,-0.0247790294383331,0.0133461243540811,-0.0119311910733949,0.0373924778373677
-0.0482472169707402,-0.113411050784217,0.0372619372276724,0.00807751724090956,-0.0211234410195656,0.00309350832713418,-0.0120734535600745,0.0375265571944054
-0.0501715831830995,-0.123808063061475,0.0438073460795718,0.0067060829362845,-0.0166884583236389,-0.0111790837241733,-0.0137373911315607,0.0421502806220503
-0.0500546468299604,-0.118219057247448,0.0380235744158992,0.00533610721447475,-0.0152444221432363,-0.0136215978180899,-0.0169323961646222,0.0441966725272323
-0.0420074310285133,-0.111626532203364,0.0327713912783602,0.00160567857175984,-0.014740512202912,-0.0128027369288314,-0.0163975031107732,0.0471237834726107
0.00624043418999626,-0.00496659249811235,0.00998074877796228,-0.150878879520991,-0.0122949707815952,-0.00826005966819807,0.0419403066075093,0.000298906781097953
0.00386414658302961,-0.00562704086969042,0.0126740962464534,-0.15557065965071,-0.0138653246199896,-0.00638767883961986,0.0511745410222525,-0.00442493732448297
0.00241926716230082,0.000744723142540904,0.00860679996628082,-0.160175078377054,-0.0129190073427417,0.00399486449448873,0.0566617595872112,-0.0110540352789164
0.0120191889272266,-0.00146811489965882,0.00804998506990465,-0.149485904691044,-0.0199281284183591,0.0129990326409127,0.0591318122015339,-0.0151111181714319
0.0165578867176671,-0.000971295606526486,0.0122374166854922,-0.12148586533885,-0.0283941656666788,0.0230654424876089,0.0535136169122381,-0.025953755051236
0.0259122627773877,0.00633206518663844,-0.000230806350216482,-0.0984182865409419,-0.0418689379585016,0.0572393205741742,0.0576650665804286,-0.0414918498600459
0.0332338499252211,0.00471575107942383,-0.000260047475934377,-0.0483508936771914,-0.0606937252477558,0.0673065829568271,0.0425952260587348,-0.0445563521927441
0.0367379252224446,0.0155821567908477,-0.00714380019053207,-0.0177910342985397,-0.0715510075140015,0.102283178346737,0.0370748491735999,-0.0590236123269611
0.0340402117274414,0.0133528225954185,-0.00552462303186191,-0.000601595321870795,-0.0735160750844471,0.110256413635633,0.030728109297795,-0.0604938741593147
0.024355929764983,0.0106302455135145,-0.00725044792045142,0.00895877695860533,-0.0689871278954245,0.118600488536761,0.0283012967335249,-0.0539120034530044
0.0167475398522841,0.00354547474940922,-0.00645312970003745,0.0182378191448702,-0.067709846923405,0.119999938132867,0.0253339259346452,-0.0467285683759239
0.00566318433781541,-0.0144333589004307,-0.00312582336034688,0.0197792913761917,-0.0614167848270979,0.105170750267317,0.0262140704319687,-0.0290122121753117
-0.00634589497871896,-0.0275631939519561,0.00337974949929304,0.0195534646745279,-0.0535455549849948,0.0949774086748393,0.024904277074092,-0.0142847563415997
-0.0239177477494803,-0.0478718532976956,0.0206888014482584,0.014180123611004,-0.0404219446343683,0.0576639830909263,0.0181180106238198,0.00961397872869828
-0.0330896152945565,-0.063337676859566,0.0223367312240895,0.0124111610895859,-0.0331779108486733,0.0489167142312923,0.0157107278258729,0.021901306133815
-0.0441124099727415,-0.0863503061278146,0.0287157820249961,0.0115226621738506,-0.0274949374443503,0.0374446836382022,0.0168604637047054,0.0280791242635532
-0.0481132830465688,-0.0979712291677466,0.0328448989770705,0.00952179565377686,-0.0232960520516934,0.0251777687942163,0.0156583218381605,0.0387068554446495
-0.0552260749430585,-0.114771675083172,0.0374320908967826,0.00475007318021441,-0.0188344964358917,0.00967904604736086,0.017800718456189,0.0454299311718526
-0.0534096918202651,-0.121040585489388,0.0395942655925894,0.00282782978229192,-0.0164760464580173,-0.00342361326614868,0.0134139569125074,0.0522372642418842
-0.0503871479063099,-0.119162360580568,0.0350489489072023,0.00766925628496733,-0.0183053693113727,-0.00675836983045883,0.00926421259152256,0.0522877207210296
-0.0415562299341034,-0.109995642359769,0.0308455225513279,0.00498187689062296,-0.0175011377220828,-0.00951420964295509,0.00435490475287188,0.0538147558272207
0.00974385320492735,-0.00839580025975838,0.00944870454355595,-0.140284652903036,-0.0239851132407674,-0.0156252018482382,0.0582290016885512,-0.00120798756681203
0.00827710662217669,-0.00429673702293785,0.012114095870395,-0.144583749697677,-0.0254371770147393,-0.0157695905839552,0.0653023716578418,-0.00985192014912796
0.0103943246094417,-0.000436766859932479,0.0158412071663979,-0.141724112519468,-0.0275628047401929,-0.0120738276312427,0.0674796497081699,-0.0160334437472822
0.0150570498387767,-0.000504237122035021,0.0197255725298041,-0.132870291727481,-0.0330850746343931,-0.00543794768616699,0.0732037858421825,-0.0242657508975658
0.0257605159651683,-0.000930758273614108,0.0271428430812082,-0.0887846869040134,-0.0471696765819812,0.00230529086278244,0.0594515252300674,-0.0293821772271528
0.0346022047737839,-0.00234001205477445,0.0196156154294893,-0.0690674344035769,-0.062770102533447,0.0268241126792043,0.0723039130386597,-0.0406942676567731
0.0343021908119326,0.00106032649356504,0.0224816478895044,-0.035047615922513,-0.0703313427410837,0.0397400061218553,0.0612862751356915,-0.0471586152175315
0.0368586009688644,0.00331948129073444,0.0145811315990297,-0.0100310114680951,-0.0781642397393331,0.0667652020834899,0.0585420625149425,-0.0570536489659057
0.0288659818688517,0.00441608796121987,0.00820754613068561,0.0043239774417497,-0.0781859387708775,0.084662360365794,0.0543787613391517,-0.0564803251218873
0.0107912014550903,0.00171516236423909,0.0116393464484967,0.0129798106348492,-0.0675099565796298,0.0855047739616151,0.0434177382923911,-0.0434258036259641
-0.000907230875915684,-0.00549816587153247,0.0122883397555824,0.0206319304155495,-0.0612446987727058,0.0847048102282413,0.0384442998551807,-0.0335783711665533
-0.0124131280202751,-0.0131396974533613,0.0115476067147238,0.0188788991204183,-0.0530466821411228,0.0829128257402543,0.0394789466073688,-0.0170827493309753
-0.0232982759140938,-0.0249861619742748,0.0167373678528259,0.0130763103103999,-0.0439783407122203,0.0705176994691557,0.0390625720784261,-0.000246912986464022
-0.0320224896492661,-0.0378103989451905,0.0223546695003327,0.0149107705253916,-0.0358737813885489,0.0631044295011288,0.0375856084116062,0.0099798287587269
-0.0433286798735638,-0.054738182545478,0.027610997484121,0.0113613068276248,-0.0244583266551014,0.0552349209785959,0.0357856583227453,0.020421584779652
-0.0513655629594785,-0.0766824516859479,0.0312184747391936,0.0125084067255205,-0.0217951766156237,0.0406566283115414,0.0362590155848495,0.0329688316375806
-0.0548250975024192,-0.088929480630603,0.0301614007891802,0.00926524731843973,-0.0189123526585347,0.0283246389220869,0.0349928992419365,0.0459984378951875
-0.058457539348046,-0.1004069078428,0.0332374928363399,0.00446082535941156,-0.0143832520708817,0.01936369522704,0.0338980986182941,0.0510283598917493
-0.0569959799130475,-0.109673373276495,0.033018715628902,0.00289243035570048,-0.0108594385955437,0.0115014692740561,0.0320457448717926,0.0588224275432597
-0.0511578168076491,-0.10601276350497,0.0330630744252861,0.00944083120493512,-0.0154901484791596,-0.00172455080502418,0.0225385321099693,0.061338218667125
-0.0380070577471458,-0.10088343514793,0.0307995956874385,0.00999391422695215,-0.0187539500671274,-0.00809090623884267,0.0167774223178481,0.06050246974894
0.016673662670039,-0.00734036124701801,0.0214819597429367,-0.0862195640470081,-0.041947996076681,-0.0434087312687441,0.0405317852107352,-0.00653727828578084
0.0167276185101766,-0.00503809956703559,0.0219805950403119,-0.0867460345060102,-0.046155362012617,-0.045501612113578,0.0460156574108521,-0.0090385022475206
0.0221529649683105,-0.000776693448620588,0.0274470044635846,-0.0736366345253308,-0.0516037548937252,-0.0406202635461967,0.0475398658156695,-0.0168729438578648
0.0228482040165069,-0.00247904860633358,0.0303474312980516,-0.0673401133837135,-0.0577998572995629,-0.0367453049645077,0.0535568557842185,-0.02056501522202
0.0241219797894762,0.0021862235297838,0.0361540185675647,-0.0545384084460729,-0.0619574713339282,-0.0274895262905699,0.0529364986860805,-0.0286735293730058
0.0302841416520511,0.0013525226102159,0.0372619490978427,-0.0394222282938717,-0.0698378162946954,-0.0112364449677684,0.0584736897323828,-0.0396464098436557
0.0247103312972272,0.00731292544294523,0.0409338603468362,-0.0207004131730874,-0.0733457838338803,0.00233595616352858,0.0578234400119349,-0.0457208792021178
0.0211792200374003,0.00672687086515399,0.0334725461813951,-0.000344642573893847,-0.0745108122256604,0.0251995637383228,0.0516055724030958,-0.04947463443511
0.0139504620307126,0.00911370973472,0.0253328655415073,0.013273026640135,-0.0719615794885312,0.0477791495174503,0.0481875593234177,-0.0492489559623679
-0.00225569231663862,0.00771894829139184,0.0258627989662963,0.0224739627796753,-0.0626752079777051,0.0555479560408084,0.0418874460401068,-0.0425338192444649
-0.0160633822125941,-0.00208729222035406,0.0225162022939752,0.0236668665345307,-0.0528853483748584,0.0643728897590792,0.0442296128589195,-0.0317649844120055
-0.0238073108698035,-0.00329939233532597,0.0213132282900514,0.0201145889864658,-0.0456767631006969,0.0692044283660079,0.0460451968271986,-0.0166813918977872
-0.0324895993732731,-0.0113356555199742,0.0256588068227054,0.0203234201784762,-0.0361723936681387,0.0675126798636977,0.0470028540515339,-0.00126764632184212
-0.0380878272615841,-0.0231024175613409,0.0278277075046969,0.0175569049896347,-0.0288501344313737,0.0634322489458836,0.0463537303736547,0.0105687377741624
-0.0449429651634168,-0.0388995044846601,0.0302775723274909,0.0142582745185452,-0.0207155939555481,0.0544854396039437,0.0457018153447568,0.0259291802278786
-0.0528747891305892,-0.0572187547512967,0.0339433549701482,0.0124723704316035,-0.0159710717170315,0.0432225500744753,0.0487067031322056,0.0391201875825819
-0.055534990992603,-0.0748718800387399,0.0335650364292839,0.0086067728285189,-0.0135915962096663,0.0328489905457097,0.0497232953918809,0.0501519108199181
-0.0551912835805267,-0.0890221886992915,0.0309530866566274,0.00699178268220244,-0.0131897877805643,0.0206486508391825,0.0451043168699783,0.0581187371358801
-0.0561634720962258,-0.0898940650520747,0.0289494213007021,0.0028730034114846,-0.0118720011972871,0.0128409525025132,0.0412218684373154,0.0680701143646536
-0.0465018806012036,-0.0893084337799103,0.0246395355535757,0.00492540585324216,-0.0163563779212002,0.00394397845480424,0.0307193297649095,0.068305329384623
-0.0320850210161182,-0.0845605981780793,0.0271159875243393,0.0125651828960809,-0.020881058979499,-0.00422447964563473,0.0225303568461836,0.0696259750503555
0.0151249191725695,-0.0115153106873859,0.0243759980657379,-0.0702895988457102,-0.0453533031956611,-0.0713012360605567,0.0369921057301957,-0.00535405022840682
0.0205479705720218,-0.00909790695512353,0.0240033860093277,-0.0618932298006119,-0.0547579680358839,-0.071098040679898,0.040559237953993,-0.00876247164681259
0.0258015554221404,-0.00181672656248843,0.0316352498243428,-0.051537480721053,-0.0635167925824593,-0.0717330788996661,0.0406660587480784,-0.0127563175960118
0.0250020828149744,0.00317296796420599,0.0341205713759279,-0.0399864807636155,-0.0693264297136591,-0.0654758816170299,0.0398852163703444,-0.015730171537067
0.0227782617350458,0.00836840319711194,0.0433326551300965,-0.0278448385971199,-0.069546414935986,-0.0593189556199082,0.037417607502766,-0.0261490567835365
0.0257674534103301,0.0143707450521162,0.0447010600476395,-0.0132631743645451,-0.0715868695052334,-0.0414133879793156,0.0365087004701746,-0.0348466887764167
0.0201631418923471,0.0212564548343607,0.0491202552858456,-0.00263176685421132,-0.0690403404411274,-0.0233093931741446,0.0360183645380831,-0.0432384336288785
0.0139253952149617,0.0201657910712062,0.0444123281769053,0.0162615210770465,-0.0700101732355485,-0.000792893809393438,0.0340398499347549,-0.0523235170750555
0.00450900529236763,0.0256247394749456,0.0396602356197261,0.0276283172306431,-0.0670717694884023,0.0189763711714559,0.0338161783580245,-0.0493368332885696
-0.00971859189858536,0.0224336181940003,0.0361960982572818,0.0333472957409045,-0.0581010542801305,0.0309156121568018,0.0352598597417245,-0.0417696981261582
-0.0184277857516952,0.0199128916715199,0.0346801589090405,0.0354107410967504,-0.0503202316323409,0.0413200818999409,0.0339868171385934,-0.0304803373803438
-0.02778257926968,0.0148914342809437,0.0311237258363439,0.0277767635129249,-0.0391554372506591,0.0546887852957626,0.0425541025361887,-0.0160147732574383
-0.0359376755915504,0.0118490287517445,0.0304959381019242,0.0261104001227049,-0.0276712357121256,0.0562100668848131,0.040526397933507,-0.000579949004019089
-0.0428870142689992,0.00506246449721367,0.0303564371523045,0.0200376023020161,-0.0165721683021785,0.0566040878821538,0.0439301912177566,0.0147208366237199
-0.051092978655537,-0.0093276651465102,0.0336232998274313,0.019147992761821,-0.0101204971290424,0.0519422007998154,0.0451506252307936,0.0253231930702554
-0.0553708198610836,-0.027190745867754,0.0340274171246007,0.00932550474439722,-0.00411412610149414,0.0403964893740546,0.0471201543655772,0.044736912955172
-0.0556518661786482,-0.0425716065420952,0.0327809667729356,0.00675835724499209,-0.00364052893034853,0.0311573757530138,0.0474202855730824,0.0578722159940934
-0.0529317130332692,-0.0548068986414589,0.0233263090516967,0.00651599263075881,-0.00750642616240325,0.0258067387873671,0.0458463226752467,0.0686614384965597
-0.0500737673473215,-0.0598130372079274,0.0214097308430854,0.00362342092905406,-0.00672554044456448,0.0146781226335507,0.0370476128337196,0.0783939230694903
-0.0368978117420359,-0.0634136803149098,0.0212060566109105,0.00753293021414443,-0.0115982674576285,0.010702284827608,0.0315349680844441,0.077636419467294
-0.0268398225747722,-0.0638978694556692,0.0201632209148199,0.00787820610409833,-0.0151059802633768,-0.000304008080472871,0.0272141304057555,0.0819766983051717
0.0171412383934661,-0.0118405198327545,0.0228935907973675,-0.0511517212369581,-0.0506093480169109,-0.0859927268853458,0.0348588509846743,-0.00402481274175082
0.0184078500798198,-0.00197576081139344,0.0192844783616863,-0.0413422304169031,-0.0601978870498455,-0.0868021337679599,0.0309646330380012,-0.00442820027359528
0.0242933715507789,-0.00163834684873411,0.0325846968978917,-0.030834935152673,-0.069067108318998,-0.0965011695167432,0.0305021035908503,-0.00929036755400802
0.0253977830730435,0.00770722557542921,0.0389414068734769,-0.0201682514551199,-0.0706614594425446,-0.093786145011422,0.0277887513128348,-0.0117244966032245
0.0208071868918473,0.0120719899641903,0.0452806783155644,-0.00694180876601474,-0.0732252026686384,-0.0836880615205703,0.0290442024949784,-0.0212592372003582
0.0213118594541285,0.023216696444854,0.0494901511837036,0.00779891095805774,-0.0722761239937948,-0.0646779174471507,0.0255060116933376,-0.0323913612935791
0.0157171182745632,0.0286433488837899,0.0514042183564769,0.0159282332192861,-0.0678711175204369,-0.0472161260257112,0.0236299770157717,-0.040551043094156
0.00798941030997326,0.0364096840051028,0.043564646904828,0.0330191659027713,-0.0658834856274128,-0.0185437783460859,0.0167596160080248,-0.0498742555317547
0.000357290264489039,0.0419701400183175,0.0432424523983016,0.0436333644894807,-0.0607442902493138,-0.00303929195350654,0.0157572136991385,-0.0502078609813637
-0.0149542157827375,0.0428394123821672,0.0449456265273476,0.0436170695170732,-0.0492837973761174,0.0136508799746217,0.022538523519853,-0.0429074472751548
-0.0238456124853167,0.0457964348235469,0.0374367878879672,0.0469069764425656,-0.039830185330879,0.0342073397398401,0.0167511813409339,-0.0366918958268136
-0.0337575142893376,0.0373958814171641,0.0397293670055746,0.0350973866120926,-0.0269532441837846,0.0372820894283334,0.0298927153410237,-0.0213225634613929
-0.0378346389005458,0.0360463199787883,0.037824113950314,0.0266461606474583,-0.0169012486962944,0.0415934097879302,0.0366884781625371,0.00245655491778577
-0.0456427925046798,0.0311953714341565,0.0295824128077395,0.0243950010270744,-0.00735491274779989,0.0492626686290802,0.0397598031851336,0.0166266142405239
-0.0479146325450109,0.0211417734486381,0.0267120084685514,0.0201244615205203,-0.00226502536722687,0.0457580925110332,0.0397431503062231,0.0326215201199206
-0.0584746412097533,0.00445482714887329,0.0277414157919026,0.010510869907948,0.00829566245062069,0.0428693916236328,0.0463316950453814,0.0516333254157872
-0.0561494969432222,-0.00492824561701694,0.0236342424893251,0.0101629583761305,0.00622813181546996,0.0310828388218316,0.0398209391097092,0.068780727380312
-0.0482589024735825,-0.0196271551420626,0.0155901815442895,0.0107482009241673,0.00208320124457938,0.0268276001636064,0.0380151145955296,0.0779732389586274
-0.0412629642370273,-0.0276401655806343,0.0144526481642789,0.00629064067618023,0.00222888240268154,0.021419861830793,0.0361196970179623,0.0897413365943908
-0.0292682478630945,-0.0378417926252188,0.0143979028126575,0.00433469954757673,-0.00289298143902994,0.00882500005362054,0.0332091815145192,0.0922068821004946
-0.0212400363099937,-0.0366842190198461,0.0106614259503985,0.00368942677661643,-0.00659320988605383,0.00183400402241797,0.0269551740562569,0.0924340412683799
0.0158790609864767,-0.00317939175880899,0.0122875174451152,-0.0339035444623466,-0.0530210735287956,-0.0970164748322572,0.0270295548509007,0.0046898064348423
0.0182736379148783,0.00239999507608962,0.0179111593340087,-0.02276483756428,-0.064233672159297,-0.105584521584414,0.0230619145105913,-0.00128844937489454
0.0198387727919952,0.00729863977368651,0.0210472458346927,-0.010499284791485,-0.0720274794918528,-0.113003840902,0.0178923085074813,-0.00153872319762587
0.020272815474076,0.0140260969482076,0.028432579576621,-0.00669169355096854,-0.0700911647244544,-0.112188410170199,0.0168881649891229,-0.00433776671830279
0.019454837832448,0.0174784777008696,0.0355571947557107,0.0105420896584799,-0.0739469090857655,-0.0989034570921119,0.0168365546055661,-0.0161339475205201
0.0182548375830662,0.0320611965442569,0.0379571985428688,0.0293284628553861,-0.0749584577124691,-0.076802464219126,0.0120362904599989,-0.0316152308065157
0.0110848791830349,0.0439013296693547,0.0383100795823598,0.0372893617636478,-0.0687586517322474,-0.0571504999966244,0.0093694365079571,-0.0382010351138432
0.00305045278546537,0.0555701518982527,0.0417561942163715,0.0462773716778997,-0.0590966963780928,-0.0339884773619763,0.00502860877507917,-0.0479484966184301
-0.00580293734826751,0.0723937877037521,0.0368543302196644,0.0608941788822442,-0.0536405875212436,-0.00268017932215549,-0.00249996811643058,-0.0553178518909586
-0.0234789084346916,0.063486592745925,0.0455187933453193,0.0473216114607263,-0.0348517005625517,-0.00142629382999199,0.012446614306399,-0.0422797642754389
-0.0349339620070987,0.0554726158280809,0.0435009775688198,0.0385637516141991,-0.0203429956019881,0.0126048038732479,0.0190168969000782,-0.030808421600891
-0.0388715284671097,0.053857280627612,0.0432943787595332,0.0308287472975586,-0.00952482456947679,0.0206856380386665,0.0251474770834752,-0.0166214902785723
-0.0447902015334129,0.0571627639461568,0.0384498627259496,0.025087335219951,-0.00108643449372705,0.0287610319031439,0.0281254658762108,0.00317333946561411
-0.0465351290960623,0.0544416082769332,0.0314482231742751,0.0233895862009351,0.00454422495349046,0.0374389725310941,0.0332520918814628,0.0190359432381417
-0.0487875630629432,0.051331627795655,0.0237788396676217,0.0195716409606248,0.00952191675293732,0.0421801078390218,0.0349099102781774,0.0399711290422716
-0.0508237872056698,0.0399439278418623,0.0237992278645032,0.0104701017890441,0.017549410991744,0.0377799707075639,0.03842362370831,0.0615517207177399
-0.0489719524605179,0.027736981251762,0.0189834610036195,0.0118696829692072,0.0135260807682466,0.0311637781559816,0.035516801526536,0.0737776214465671
-0.0410860667253695,0.0189722100330005,0.0109833269697851,0.0128171218801247,0.0113125684858389,0.030113755122028,0.0317141975074264,0.0853199160767764
-0.0317055099111966,0.00553733553439432,0.00626152353464062,0.0133726426471388,0.00596200635697902,0.0189462164041848,0.0277480680554737,0.097344244669216
-0.0207478328458107,-0.00577621591989019,0.0037462922958745,0.00457240226916221,0.00291421213324099,0.00831510319937495,0.0276972056863225,0.105908969076544
-0.0148561504277249,-0.0115420213261788,0.00632868231507979,0.00430288681412005,0.000632009538098317,-0.00489219989166673,0.0198422359634063,0.104491809704888
0.0145420450284312,-0.00118433036340687,-0.00607698272732728,-0.0118043855522483,-0.0592087191996493,-0.0990609005291621,0.0204736996001411,0.00729844295077701
0.0146838606981038,0.00513719068499276,-0.00286954378469935,-0.00670374574289117,-0.0646686040247038,-0.109279170521022,0.0183189682244403,0.00539389543295078
0.0142756448104036,0.0121988981817975,0.00533562154818224,0.00901223654962199,-0.0718980917819385,-0.116157078449342,0.0106237438544827,-0.00110986347364396
0.0112864525803441,0.0160580417722289,0.0170869792778641,0.0147055351905182,-0.0695463385963758,-0.119332047209244,0.00773930600970796,-0.00914996962978193
0.0123930553610175,0.0238304577157056,0.0264735048108617,0.0257917107062997,-0.0708496177031404,-0.112878861359112,0.00746426858986099,-0.0169613453822651
0.00893999779249623,0.0382646874718672,0.0240791846868336,0.0385459513156637,-0.0700025164756595,-0.0904543484125481,0.00521877766740991,-0.0281148866224122
0.00223188197237291,0.0467519284781736,0.0292432977277715,0.0479046357735475,-0.0626504739058219,-0.0674526807214467,0.00273080814234348,-0.0395571714610916
-0.0125557272201301,0.0578605831857709,0.0335913514699561,0.049484514807132,-0.0458987665472854,-0.0437940418411875,0.000708589906802574,-0.0475689105938185
-0.02263611852803,0.0667667250510996,0.0347966579229254,0.0485724216092801,-0.0308183992432589,-0.0189707277991162,0.00396905868162613,-0.0535800730712981
-0.0341824187461401,0.0617142810012882,0.0425269170017479,0.0429215777943886,-0.0174814035310155,-0.0117238788723519,0.0112451411465898,-0.044527385512903
-0.0505573206010338,0.0624218961032711,0.0399902770500094,0.032568824723853,-0.000985505870664317,0.00111816551717834,0.0155183915493562,-0.0333282917341688
-0.0524807169596367,0.0681355243447189,0.0397268403583215,0.0317453769697016,0.00795659299496616,0.00955093097775123,0.0165937446208899,-0.0138968853683132
-0.0505310461392986,0.0709684195490971,0.0367523435609921,0.0250864691265782,0.0179093745545661,0.0195791026330807,0.0171266354354615,0.000686493035309751
-0.0482608310094884,0.0730335900157311,0.0306136433396054,0.0231663540076653,0.0219069475561745,0.0328823642190926,0.0234823351814192,0.0193397661855616
-0.0436317084028875,0.0678013427970988,0.0197052924370545,0.018227595389891,0.0208503228334263,0.0357847585780035,0.0284594476526233,0.0427771662660171
-0.0454197377409899,0.0646141829262339,0.0156168489498113,0.0155028451186265,0.0242216833233409,0.0366925641970083,0.030606643406826,0.0642212379641843
-0.03845193428347,0.0594179470597969,0.0142173354781387,0.0142935188403779,0.0231557140298924,0.0303421303328664,0.0284666876533428,0.0800946268333241
-0.0321476593042937,0.0486627040856478,0.00781002848284214,0.0156692904523334,0.018237713884412,0.0284533845130157,0.0263434761880992,0.0917298939046179
-0.0215742905416219,0.0376681981179519,0.00764045929838862,0.0147926047391961,0.0140889138166299,0.0142427945442883,0.0208046072772669,0.103535680999738
-0.0153413446543184,0.0215085530635983,0.00294865170189162,0.00567925734742012,0.0117621262358832,0.00134590523064092,0.0192967308504408,0.112906734872232
-0.00324730932134107,0.0108276123182926,0.00105289548845937,0.00714083470694689,0.00495671398469409,-0.00635648701664059,0.0165589179859783,0.109554418087279
0.0130278941810048,0.00697074515220151,-0.0378089654141333,0.000185935194606565,-0.0584082882461835,-0.0930260591440639,0.01350599910835,0.0225785670344787
0.0135822206550291,0.0150889931744543,-0.0255691347976136,0.00884771207470144,-0.0647377404685255,-0.108079941070445,0.0076983142696239,0.015018128502374
0.00955019022416627,0.0144000013714929,-0.0169120378554979,0.0162658951174455,-0.0687053455179107,-0.119185678134904,0.00433427901915577,0.00833240943843715
0.0124798702684772,0.0199190182947866,-0.00602997693337842,0.0268818372534049,-0.067940004266232,-0.120105147922765,-0.00296458603144898,-0.00401093585346055
0.00305026995933679,0.0201669340291579,0.00434444713124187,0.0331306240826046,-0.0644307527265473,-0.113510679237379,-0.000507085800759407,-0.0168989234836919
-0.00137270563373827,0.0347587395073266,0.00979678450023542,0.0436649353210241,-0.0599584452725174,-0.0888563121026428,-0.00441972647679709,-0.0329028167458752
-0.0101630182415667,0.0460415360546638,0.0173401786618044,0.05033138206991,-0.0494694117002477,-0.0711746728967255,-0.00566654264334648,-0.0450112872484853
-0.0212336124908613,0.0513028586448667,0.0285713034093398,0.0528686266959531,-0.0329887274784473,-0.0514427207304947,-0.0050511445130493,-0.0565554730303676
-0.0268188911624018,0.0681855374952554,0.0260227119628098,0.0550134145749893,-0.0214023501809412,-0.00710660654036742,0.000621462392168375,-0.0676371987219783
-0.0436041342295813,0.0587866724405546,0.0369403307495383,0.0389777162140132,0.00181797808538305,-0.0168823081456933,0.00523658289454692,-0.0489833424859256
-0.053607629397514,0.0611806501063667,0.0396042752919307,0.0331871900007382,0.0165881723541342,-0.0129314146330109,0.00801715533426745,-0.0333841870909024
-0.0558598667076915,0.0697735481724623,0.0397579949489232,0.026021062549575,0.0286619201146888,0.000843074580639046,0.0106581748746929,-0.0189146313109732
-0.0526531467256767,0.0753647712553393,0.0344264634014844,0.0260831393146496,0.0331674849948454,0.0117904136555304,0.00869019970456181,-0.00201525303414149
-0.0483692363819199,0.0803372052204024,0.0283366154686376,0.0192891902896966,0.0399350849930612,0.025283845166584,0.0157828343618682,0.0181475928098876
-0.045223594241207,0.0854901306063684,0.0163675604763256,0.0197678822311386,0.0385287944514638,0.0287741563234981,0.0149009288959417,0.043684069505458
-0.0409957135135453,0.0771601552564881,0.0139699479055877,0.0126167569507732,0.042491444987943,0.0315936982325814,0.0238874716300713,0.0609732563780178
-0.027881694381329,0.0677172580111895,0.010373342129708,0.0139679535656012,0.0373072548112286,0.0310069831403254,0.0232394040339228,0.0752203383249379
-0.0172723640261447,0.0664284931226183,0.00666009191594363,0.0157567720859096,0.0283954961236744,0.0230689566061727,0.0204341274659165,0.0932995742714728
-0.00997871525990985,0.0594296186714059,-0.00180699285993247,0.0129217813384766,0.0197874655816591,0.00972119457919373,0.0170892439691713,0.108409425661689
-0.000266434446584349,0.0407337572188837,0.00265422158533298,0.0123787185046257,0.016254966082694,-0.00600437053847935,0.0131320641066158,0.114321375677942
0.00472748791035484,0.0350834217458042,-0.00330629154224357,0.00543474888447605,0.0130399489249085,-0.0104464493687334,0.0117561951384808,0.112221636877977
0.0114482893709104,0.0127038372844608,-0.0682654088382534,0.00946857447733652,-0.055945796032806,-0.0799948461097574,0.00917759727431122,0.02964843207473
0.0110065122165835,0.0194505388337716,-0.056959102510408,0.020522006776677,-0.0615176734442939,-0.0948803940795338,0.00409878363101825,0.0225128391217926
0.00522617063789069,0.0218744066834376,-0.0459361757442781,0.0272153066382986,-0.0621308435536966,-0.102955746333555,0.00182098718407257,0.0152935224738621
0.00250513071152163,0.0236239171260887,-0.0356106744894526,0.0327789966341681,-0.0582714612675803,-0.104900195565702,-0.00309110807373823,-0.00216259160997717
-0.0025709958117083,0.0252496361338588,-0.0183330981975461,0.037253372952132,-0.0532096876991932,-0.102575321059025,-0.00822482905241221,-0.0157188016310567
-0.00843303261049544,0.0330498517581019,-0.00744602806771921,0.0469742734402275,-0.0461709294850547,-0.0891805928414378,-0.0107643985873256,-0.0366889161969108
-0.0207734238665984,0.0375401437015049,0.00716968247888743,0.0572966873531145,-0.0317120328804067,-0.076029888463488,-0.0139350937720259,-0.0496008077462052
-0.0337016501639646,0.0383798991452213,0.0198042529622515,0.0493732536576419,-0.0124383788402736,-0.0614281506877564,-0.013474097915784,-0.0580023618675277
-0.0489567054536963,0.0477108921890088,0.026442714789532,0.0390322978196051,0.00917221980281043,-0.0431785436732841,-0.0062909566364727,-0.0613671888351421
-0.057546137633231,0.0474925678158908,0.0346338002166304,0.0292906496174376,0.0266230521311858,-0.0390090624420929,-0.00518826070606824,-0.0470275127970299
-0.0591904945366941,0.058129861501299,0.0357961162165888,0.0302383775948807,0.0362197569792853,-0.0205282944703831,0.000531500057235711,-0.0344949103559433
-0.0624673081560335,0.0726986801408766,0.0326725193824449,0.0253199677950038,0.0447550240323809,-0.00214121474995033,0.00625007834305013,-0.0215877325691362
-0.0542730683708469,0.0743142077566847,0.0311582438056028,0.0253207008500614,0.0526283965707525,0.00761678712321138,0.00104636706801723,-0.00398916014908578
-0.0546808988075535,0.0759298068951826,0.0209565335683954,0.0107665915574707,0.0628414314619774,0.0219142448327792,0.0112463307394862,0.0190404840876446
-0.0455031583188216,0.086235083209769,0.0158130526761537,0.0113667947227138,0.0633445777010477,0.0264999864618419,0.0118041034697276,0.0379203579726376
-0.0335807077275947,0.0865191674905552,0.00800121639384979,0.0130864604411602,0.0581163276654435,0.0330448193753461,0.0137463531841731,0.0520288037783616
-0.0186371439826534,0.0815114693465827,0.00685449568176115,0.0141790060899342,0.0503876794451603,0.0274276527530091,0.0138788068418183,0.0731909199548656
-0.00249664918488645,0.0729583380402126,0.0022699887781958,0.0114542930170231,0.039917704900373,0.0177673824734264,0.0161758178015458,0.0927924587361516
0.00464602011864799,0.0680119878241384,-0.00533964057163102,0.0143934526923386,0.0299627751501081,0.00806740403017833,0.0128333962107897,0.111562562409214
0.0126937915370908,0.0580606746608958,-0.00367833505203119,0.0126691796612347,0.0240985286536627,-0.00444361975634376,0.00813943856928455,0.115032628920608
0.0210771987407977,0.0522948545246232,-0.00906727756002428,0.00899175580271576,0.0192809522029457,-0.00339885031404829,0.00461672535894324,0.109825286452806
0.00714399539714759,0.0138191709497199,-0.0969521928049578,0.0141873349749275,-0.0493026590168765,-0.0657917714778282,0.00951610040756842,0.0380457299848885
0.0043528028097171,0.0199996180714782,-0.0907838816895814,0.0224235117121856,-0.0538937178512746,-0.0771650831182259,0.00350150260034864,0.0317559432970905
-0.00306713534218145,0.0224930543511994,-0.0809172612847579,0.0275125174892771,-0.0523151215198494,-0.0860374457406871,0.00102731390939447,0.0231789769973716
-0.00983397273315547,0.0239611386741792,-0.0678463429306875,0.0349213527859176,-0.0465535994535519,-0.0857994474715425,-0.00673178957972457,0.00232614190108714
-0.0127823688144663,0.0231070297700954,-0.0470327598262221,0.03941968216398,-0.0387071314898986,-0.0873200210254864,-0.0120491750432992,-0.0185536240931314
-0.024904912306895,0.0213542590107902,-0.0257732412975508,0.0495106298147204,-0.0261324918969023,-0.0802524714857268,-0.0143271735018763,-0.0407070908950716
-0.0348888891822487,0.0221739369417815,-0.0104317984910936,0.046739027650513,-0.00872625495486497,-0.0749845720284099,-0.0174488638662925,-0.0544801367716893
-0.049546848082117,0.0312820934355044,0.011206487013719,0.0406656811746029,0.0137818643761586,-0.0668561955897967,-0.0179762616221313,-0.0611626054739293
-0.0594046926411174,0.0367364205683098,0.0202695206541505,0.0359447155976209,0.0292367822192907,-0.0510244101062523,-0.0128469110437838,-0.0658619629657326
-0.0632957972377126,0.0390149319783489,0.032415532996733,0.0263616013510678,0.0430745297142784,-0.0448343657975898,-0.0100298557280786,-0.0528020682306954
-0.0637360989255068,0.0490917981209245,0.0366404482234496,0.0227448215823078,0.0552696191761216,-0.0291940396685272,-0.00581742296088084,-0.0425932838675094
-0.0612223625147464,0.0616449960703548,0.0355677268319856,0.0230464295728721,0.0632631659217057,-0.0108862435434855,-0.00161893973550252,-0.0272187251899986
-0.0538987166338624,0.0683067710369668,0.0283595732429368,0.0167331190160247,0.0706325423186831,0.00521320712561428,0.00309876456068685,-0.00896986877247102
-0.0484337702897556,0.0768399634933781,0.0212307458865454,0.0104281096572633,0.0785418421467201,0.0215479361105318,0.0078240378278855,0.00988302081758173
-0.0328758427097525,0.0861797154523908,0.0145242574785082,0.0112360580479914,0.078975371938669,0.025496315109849,0.00431125119796857,0.0302640225664081
-0.0236074082125759,0.0869330278264014,0.00655023638186617,0.0137318727436441,0.0745211957942175,0.0285700597849025,0.00552251052872149,0.0534430724985181
-0.00471367652867071,0.0794740796170193,0.00220413154083757,0.0128925752503843,0.0617782353175588,0.0243874477754188,0.00895088273077805,0.0712528873406913
0.0120959667809953,0.0763346805524675,-0.00179170617030835,0.0109907627618482,0.0477309532080744,0.016360593826053,0.009149462472415,0.091351159967446
0.0288554424345778,0.0746318939292037,-0.0103087814776079,0.0148184505645614,0.0348323438405907,0.0129962411380476,0.00729848820898011,0.103470924150578
0.0389869892194013,0.0593168429057037,-0.00898395153533541,0.0171621305891217,0.0251336496345764,0.00303598380587083,0.0070799982157548,0.109905071386737
0.0432587507499395,0.0502900122921735,-0.0112193648893768,0.0166442172649889,0.0194462743240532,0.00139506893707344,0.00320354458893126,0.107528099088776
-0.000706259729911594,0.00844005824882108,-0.11819634853606,0.0132859787764825,-0.0387452518076462,-0.0520893670891711,0.00911712814838234,0.036628623397289
-0.00458892672773423,0.015716709119054,-0.117614743082012,0.018408763341351,-0.0405217835286944,-0.0578784425516121,0.00490166043358231,0.0337048308390638
-0.00977906701215687,0.0167976851481015,-0.108712028888882,0.0263670525164306,-0.0395672392494854,-0.0668791132065263,0.000220608730062542,0.0263580696479868
-0.0194875511956446,0.0230796858522389,-0.0980568693617944,0.0300374725521608,-0.0308405466713241,-0.0643870179557873,-0.00321261425395441,0.00670051399626901
-0.0237935095357929,0.0261047590739137,-0.07345002728418,0.0322257117755101,-0.0200402433133381,-0.0610830905870971,-0.00729075650928851,-0.0206845846932314
-0.035195996509332,0.0178246955312802,-0.0530152812904543,0.0350170011796439,-0.00578103736391488,-0.0611126715779582,-0.00701826838107756,-0.039310409553974
-0.0479308152297816,0.00875524255790069,-0.0286361344791515,0.0359009465843852,0.0134058963077067,-0.0585176133205294,-0.0102108943654042,-0.0558465063855635
-0.0531041959840542,0.014211052160527,-0.000338839255957511,0.0361428702655263,0.0282309901293887,-0.0555253220280015,-0.0131443258203702,-0.0652365455208428
-0.0578013143890584,0.0201791787674821,0.0122852792873159,0.024896802027974,0.0449628713967708,-0.0428355381667015,-0.00630415064895393,-0.0698357884183562
-0.0615013626726287,0.0228467765237822,0.0274749586061155,0.0218949337540416,0.0595332614248545,-0.037391640810333,-0.00413576463614112,-0.0604368735860124
-0.060875942395876,0.0292656233470452,0.0332381464890523,0.0146790409914961,0.0683273439834692,-0.0248015762591663,0.00570110673536885,-0.0494893237717627
-0.0538604966969221,0.0458217448443115,0.0335664203957652,0.018177368120209,0.0752040109682968,-0.0105948905129334,0.00263831734858671,-0.0351013257728281
-0.0445347618019578,0.056239096884428,0.0277303846809264,0.0138364846089644,0.0807559361420518,0.0030685003350567,0.00363686025746727,-0.018280635944142
-0.0327199531883125,0.0664710109856375,0.0241587908229207,0.007176055138476,0.0872093396724037,0.0141147568746607,0.00777159909035279,0.00410407505314137
-0.0175835854401368,0.073902043988289,0.021073374941948,0.00886874626387678,0.0825105885630524,0.015985160502099,0.00483839128711373,0.0247417580248098
-0.000607429419898066,0.0759698129458934,0.0121426815864108,0.0087962805256937,0.075613946137104,0.0196854198543364,0.00616533291142889,0.0464510326153737
0.0181237701068068,0.0762125830168474,0.00636182580582338,0.00868416947262465,0.0619747033889439,0.0119680710095935,0.00543179763186588,0.0700127082896664
0.0390133529527632,0.0700484896351621,0.00170119301787498,0.0135964956219774,0.0490361912420886,0.00884741759715127,0.00487682812650853,0.0874627170066387
0.0558906774655704,0.0603198896141869,-0.00471191770486871,0.0189645082548903,0.0317058805067675,0.000408912470404976,0.00224333192466016,0.0969521118409367
0.0635046751333676,0.0478464347472425,-0.00658784080558779,0.0225157043361537,0.0234427389751758,0.0013749999183327,0.00233367372294133,0.0972361506460802
0.0692806832800588,0.0398858138943559,-0.0092927454592612,0.017683243693821,0.0190117366494121,0.00533667804174992,0.00632003274895415,0.0920435834668612
-0.00450512712520055,0.00671687034098669,-0.135422409768382,0.00700836058287385,-0.026843633463234,-0.031751421016841,0.0139319626719934,0.0364867954537324
-0.00867182239371424,0.00869191546398726,-0.134393013004639,0.0130989387336412,-0.029842387781587,-0.0410072528929604,0.0123694888799407,0.0318125452414675
-0.0174453003162821,0.0153586356572199,-0.132657562384982,0.01788860264922,-0.0259797380166267,-0.0412857484195222,0.0052199490733199,0.0212467093294173
-0.0217690316525148,0.0188049756494674,-0.121649433658373,0.0207441645178662,-0.0172015825654639,-0.0367509626037056,0.00734287635043492,0.00323927507262324
-0.0299395881965181,0.0163183786866405,-0.0989536465380244,0.0267994892294618,-0.00770084102800818,-0.0383360902729627,0.00151695795625712,-0.0167768222454373
-0.0420910846558332,0.00604444411259393,-0.071179366312069,0.0272628644051344,0.0103355886499799,-0.0399402003237455,0.00168123019106389,-0.0398937065036774
-0.0525582429134587,-0.00849171899015827,-0.0403360571072223,0.0287728734224791,0.0270608132256897,-0.0450678112552859,-0.00159022414724632,-0.0583984626995643
-0.0543090549217697,-0.00338749070380783,-0.017156030352251,0.024304315372622,0.0423434449866709,-0.040098160787468,-0.0037486457858845,-0.0677172469257514
-0.0535452437078836,-0.00395542857184732,0.00359303998579726,0.0164103169789613,0.0575471723117168,-0.0324841549008428,0.00123040170141693,-0.0748324940438101
-0.0537980062267559,-0.0060874712529455,0.0249489084485552,0.0137448403534715,0.0709709760418848,-0.0316444028757186,0.00150634057031031,-0.0727589781724698
-0.0504016773805793,0.00463412139104909,0.0316717632513248,0.00980073487161888,0.0803706338924492,-0.0224767325349933,0.00501703647056749,-0.0650610295958887
-0.0386393281836396,0.0214219608590165,0.0319481989172388,0.00673695348511549,0.0859496320039299,-0.0087786810456191,0.00560073156260975,-0.0475352896944125
-0.0259813097084335,0.0329977490273541,0.0337801168423898,0.00669655523483205,0.0863809633578543,-0.0017277805440854,0.0088170186154618,-0.0285172606099931
-0.0175171263514277,0.047987851494588,0.029058456320261,0.00533867882854598,0.0904369656170285,0.00639746185918218,0.00644835311290278,-0.00655464721932758
0.00139569875923582,0.055723561027774,0.0287430913431288,0.00823076752355343,0.0832020894637867,0.00725318268139884,0.00553671413163891,0.0161802586959021
0.0219798637535373,0.0577133729682307,0.0232382069545736,0.00616632840976723,0.0734353710504618,0.00345255171725128,0.00403896849922617,0.0393103784337197
0.0452409754500345,0.0573739340554487,0.00912735268349547,0.0140494741990772,0.0562469589663463,0.00642968812851811,0.00543199984684703,0.0598477031297904
0.0671138224267757,0.0525891108926337,0.00392717530213248,0.019308034395943,0.0434367107410589,0.00758683079599849,0.00478500704859497,0.0752976155372544
0.081193275620903,0.0442268245198996,-0.00147057508776311,0.0196092638157348,0.0304804500391624,0.00230231211087974,0.00346865964445384,0.0828031470274301
0.089505865316591,0.0327828449050736,-0.00489048034288499,0.0210770639970892,0.0246483495764429,0.00191571060158032,0.0029566552145784,0.0854113578224819
0.0951932321859546,0.0221525382328962,-0.0063771442515258,0.0247022309551494,0.0144180368005815,-0.0030455113318246,0.00106094607727086,0.0798558682690947
-0.001452873180911,0.000384243263037853,-0.145745794893704,0.00717669047768847,-0.0203780028669267,-0.01930567789808,0.0137297245910793,0.0351414378525817
-0.00998916391187377,0.00295748322731621,-0.147844660085087,0.0123967220204909,-0.0175898180103933,-0.0165454615889309,0.0141464081084211,0.0266694324227741
-0.013784574783373,0.00467375106774718,-0.148101834794485,0.0128505791578477,-0.0152063124025442,-0.0152158849716227,0.0161055462183674,0.0156945214375683
-0.0263888893968594,0.00316261761928554,-0.132264428339157,0.0143885840376984,-0.00123288155367394,-0.0157523856902453,0.0160230964357374,-0.000602912738005754
-0.0335646468755716,0.00133035520439535,-0.117148909597286,0.0175470913161386,0.00798067534179054,-0.0142253056566798,0.0124641609384937,-0.0168160783685825
-0.0414433495243151,-0.0164092097908171,-0.0841311796513766,0.0169506155071597,0.0236705533222013,-0.0219111884761896,0.0119893145318597,-0.0416520774400604
-0.0475686759920426,-0.0265721740983315,-0.0546734111613243,0.0161680413593168,0.0400510792797306,-0.0244955383458743,0.00992398134285453,-0.0597312471616409
-0.0440165332152906,-0.0261329795893474,-0.0285850982388715,0.01400236887476,0.0532569046307422,-0.0239403458693834,0.00743405194942072,-0.0739473875464133
-0.0452889360396874,-0.0271019184457926,0.00021176933997338,0.0143812594333454,0.0698959681968683,-0.0189765664850088,0.00716081179617758,-0.0805520422341237
-0.0450804549741606,-0.0241241958283135,0.0153244725664051,0.00556974190896017,0.0811790250893817,-0.0240279826198409,0.00548927947978664,-0.0792795587424291
-0.0371428036863976,-0.0188708199909143,0.0294634494596796,0.00353183712079502,0.0890332797828794,-0.0209270932077307,0.00960427743567138,-0.0721733807443783
-0.024134630723962,-5.61455413515057e-05,0.0321827466097863,0.0038781193614963,0.0893969709707826,-0.012067953094178,0.00913706797481762,-0.0572749932042138
-0.0129852252377579,0.0101778588484946,0.0407547607308455,0.00489417405621459,0.093852980839682,-0.00356632900078461,0.00798908918368038,-0.0434212644940833
0.00390936266540091,0.022714105022951,0.0348461505145684,0.00333360878623566,0.0905339590066434,-0.00228449494441248,0.00684377092497224,-0.0181559614999934
0.0234406084602101,0.0314429158937575,0.0351660017769807,0.006491605249266,0.0836785098059263,-0.00182269809566909,0.00268877835771387,4.76593792958324e-05
0.0479194552591161,0.0305388900396799,0.0333363156419577,0.00853381475997895,0.0726241549742491,-0.0019512151614995,0.00432981690042732,0.0205795311548421
0.0719793038151394,0.0262763472969721,0.019808551032354,0.0141837615760542,0.056974271857716,0.0021771963350133,0.00568761636499717,0.0435639514566067
0.0889739865089632,0.0273759565115779,0.00748230564476031,0.0157711594157889,0.0426741047769002,0.00404714818233514,0.00526175486792188,0.057386722570184
0.105405281641925,0.0243110738155826,0.00372888719393785,0.0230933083243957,0.0292691175226259,-0.00423060934241298,0.000243682994100161,0.0658803517416682
0.113857925250966,0.0114902677646679,0.00256506547320092,0.0244780565102499,0.0213287514494663,-0.00585482567480789,0.000738395773325636,0.0682077022999526
0.114252304546437,0.00378865188090422,-5.39986437923202e-05,0.0319510938849714,0.0142209013043469,-0.00586737683019813,-0.00174068801893292,0.0666137093680565
0.00417381230197049,-0.00164133799074007,-0.155653480962163,0.00983710340175713,-0.0150577495038132,0.00426957236698332,0.0200525106933259,0.0278141411307536
-0.00587300571611908,-0.00392793047507301,-0.158003115738526,0.0105057016375911,-0.00865314614705788,0.00144758758626272,0.0191902816274278,0.0211319506818463
-0.0143169226140609,-0.00727927012991406,-0.151508346894928,0.00906732152663432,0.00184590613194124,0.00652246445719748,0.0188449661564555,0.00745473067949377
-0.0273199793169475,-0.00972104060439907,-0.143409885923663,0.00193201855558789,0.0154586446443632,0.00333122800797633,0.023842993798105,-0.00268490879443984
-0.0306232486701514,-0.0123794056958287,-0.124441083462096,0.00778191761356885,0.023284510090024,0.00095001490541227,0.0191110268184581,-0.017204406917683
-0.0388379277535781,-0.0291992884494864,-0.0940557796512792,0.0088589007959475,0.037975170122083,-0.00562526220165346,0.0178391388142583,-0.0396986068561014
-0.0408446614629523,-0.0411520172179013,-0.0654901214937382,0.00942001201320691,0.0519554602497205,-0.0038438605401631,0.0205056147359526,-0.0588169409281589
-0.0380835110607866,-0.0445444678067348,-0.035275402594532,0.00832556124934688,0.0667083093668355,-0.006782346051587,0.0152286188757292,-0.0746148847434791
-0.0322484752896645,-0.0451460514077249,-0.0126394224562492,0.00486522058559397,0.0770526628925979,-0.00730275197881707,0.0156005393308088,-0.0820711569148686
-0.030218503581378,-0.0395728913065523,0.00700841827891144,0.00156263041189677,0.0859970305752842,-0.0101742797094728,0.0135770946241387,-0.0808466937286973
-0.0160552270782709,-0.0297754606948835,0.0235838200839674,0.00157155255258347,0.088910457034098,-0.0137345859450397,0.0106823481146315,-0.074774941045895
-0.00973188475660291,-0.0204431679822841,0.0365895996689321,0.00149720891695751,0.0910706571837912,-0.0155939373022423,0.00590447416900422,-0.0651138927837915
0.0132741998723502,-0.0141679894517991,0.0425252101882595,0.00447136309873677,0.0906929153657081,-0.00678834687273664,0.00620704066325237,-0.0549995421987243
0.0275202582540692,-0.00145727965695179,0.0442648885370481,0.00475694837882101,0.0911284577084792,-0.00784730200563619,0.00281730182993661,-0.033881044760228
0.0477602275268022,-0.000868297341776316,0.0444429485424115,0.00557203852653276,0.0829049560375567,-0.00602722761275615,0.0064008119455718,-0.0164653736281342
0.0752939540158496,0.00947282345852265,0.0340606583447836,0.0139207155261707,0.0655309109907242,-0.00521827835509429,0.00384587149841799,0.00803700568421485
0.0971445239583756,0.0100564487910066,0.0239577015006901,0.0140577822433575,0.0523087805259467,-0.00488103156012914,0.0019800797794068,0.0293300648160041
0.116433409164262,0.00742308577417553,0.0175734347709486,0.0232793860135456,0.0352750243985249,-0.00721046587126125,0.000347106210776799,0.0425714921949151
0.131797713932386,-0.00374932929845513,0.015142692852118,0.0301540397410572,0.0231854056783405,-0.0106275890875223,0.00135758662978379,0.0491085019227349
0.137133192286649,-0.00591900153782401,0.00898660518038861,0.0324894376819244,0.0138200409691786,-0.00815659720828446,0.000498422187383944,0.0534955977589103
0.135674218891298,-0.0107079850780806,0.00206567347056768,0.0385316887217262,0.00815292323914976,-0.00671260356157598,-0.00269956726746255,0.0549680480775962
0.0114753741874715,-0.00641708373106031,-0.154024170570369,0.00560253768843962,-0.00294513051510847,0.0125431660819285,0.0188810135505325,0.0247011613299298
0.00195913928229612,-0.0134795349469966,-0.15183141552579,0.00421859974332062,0.00385505673855423,0.0125044892827893,0.0212225906911609,0.0155479497735485
-0.00601454731363904,-0.0111031880100266,-0.152328192201714,0.00542814042255365,0.0137760908843619,0.0201439308148411,0.0207191504053391,0.00794084416508837
-0.0181037391683225,-0.0222303596130937,-0.141912512352886,-0.000532935598253763,0.027696749576694,0.015492991510682,0.0252912354038303,-0.00114795591746621
-0.0241054860734052,-0.0301066934149447,-0.123186346523835,0.000526318378224141,0.036072859822961,0.0144091343598388,0.0241081904123317,-0.0197454734970107
-0.0321954865568658,-0.0390329153331323,-0.0987131091277022,0.00254232600778205,0.0471175268018175,0.00743687857357037,0.0188454502400197,-0.0407541086164204
-0.0294003420018271,-0.0541021162424968,-0.0675012174582809,0.00733050915747471,0.0595506585925575,0.00191058011888416,0.0160011142094782,-0.0598125193992306
-0.0233170058358733,-0.0532034862260362,-0.0427351416286511,0.0105780702062816,0.069786646553234,0.00373706772980097,0.014253340678658,-0.070501232900825
-0.0184361133668442,-0.0554117319980373,-0.0178669212923447,0.0089402783533971,0.0794899016478321,0.00483733497399752,0.0155395402843096,-0.0820436360259625
-0.0086772137505607,-0.0463501511271355,0.00346229183076512,0.00108202679689465,0.0870936256155217,-0.00288876032873927,0.01144014499402,-0.0799191659864934
0.000988088003602462,-0.0423483286031153,0.0261887539136828,-0.0017314466554193,0.0904376842997445,-0.0135532109285445,0.00874926503764297,-0.0763345707965808
0.0185514375919728,-0.0370836834700455,0.040299944131956,0.00658568046444764,0.0853943200045366,-0.0152761078927402,0.00353208780833061,-0.0710370386959137
0.0383525631341985,-0.0309407066556215,0.0484793448590667,0.0085952609254682,0.0873827427795357,-0.0139597217376106,0.00190456494063421,-0.0618542410160558
0.0521208259481895,-0.0223178329280824,0.0531535328473078,0.00609768537737146,0.0860647390632247,-0.0186600688560645,0.000409957962707208,-0.04410603482494
0.076669224758015,-0.0208413055816343,0.0497277420363982,0.00617195664768061,0.0757625945946217,-0.0163001101890729,0.00397575947000931,-0.0270170878852238
0.101980051132687,-0.01639306701544,0.0426013548289804,0.0135096093713439,0.063188674847895,-0.00917177283850743,0.00245328939258327,-0.0101025874141806
0.122582321404293,-0.012757308038119,0.0288608357987837,0.0214931678469238,0.0446662123958492,-0.00588581166439667,0.00248654831262637,0.0106852441990853
0.137424859715363,-0.01705092248179,0.0246626333451395,0.0271592059990044,0.0335642384694366,-0.0046188467613589,0.00236235430579231,0.0215664535834557
0.155394505686124,-0.0195644370132391,0.0181706598368,0.0336137639793755,0.0181830896849001,-0.0068568076893594,0.000589078998482737,0.0307536914982124
0.151199292389355,-0.0222588822670344,0.0101787987918124,0.0364239982733637,0.0149342060362263,-0.00557774695845699,-0.000307425971500051,0.0388622110429873
0.149774248536484,-0.0233445928749897,0.0037353738322504,0.0401579238915505,0.00615829255652881,-0.00598379697097596,-0.00301846933301814,0.045249700942761
0.020323744522451,-0.0146974369127722,-0.146817737494268,0.0018302252239131,0.00602796609098349,0.0185949057281739,0.0179126997816583,0.0152397524375616
0.00944693326607154,-0.0219990949403916,-0.145675323725394,0.00148362947133251,0.0165508987697644,0.0231580403399061,0.0197122818685343,0.0106268660743834
0.00785018668488766,-0.0249855211249912,-0.143664534590981,0.00665901639298424,0.0206017904719514,0.0287668251947809,0.0201180099029565,-0.000130273600464241
-0.00397791673997663,-0.0343001591359737,-0.135608289687782,0.00276264995715316,0.0331186130568398,0.0258405176733895,0.0230801792000258,-0.0100016024256342
-0.011336875346632,-0.0438374322660759,-0.118528473524665,0.00133178098998384,0.0407199025711887,0.0218975970675501,0.0225373789892071,-0.0247993765937136
-0.0145204071438825,-0.0472822505557489,-0.100529052705029,0.00502812542029925,0.0503807433315453,0.0169710842462584,0.0158174109396135,-0.0397424463513226
-0.0124727950227297,-0.0595739573972862,-0.0729532529642132,0.00481958743927079,0.0612610854324964,0.00741631111846974,0.0129095643533431,-0.0556452460814379
-0.00590463240783408,-0.0627475388704015,-0.0498978989973245,0.00865738988229106,0.0689465975750548,0.0072492270535846,0.0124458516241597,-0.0674883720950536
-0.00109721992391088,-0.0613940734233406,-0.0246254622996474,0.000413342701410872,0.0799017154026624,0.00391874184952129,0.0141604859724896,-0.0730981024393063
0.00668865883717404,-0.0584813599034962,-0.00380532209027089,0.00140014197633474,0.0832647107490488,0.00244296822453213,0.0130903501017068,-0.0800611819304531
0.0187422586398189,-0.0520213049681422,0.014221303149016,0.00120210627799382,0.0839967516628868,-0.00197782326014745,0.0102681329798634,-0.0756021650533629
0.0363578747428927,-0.0486091052738961,0.0334631438470672,0.00754797608819655,0.0815993031064531,-0.0103054976039496,0.00522439276583206,-0.0712901535181333
0.0563205445522381,-0.0481393980874542,0.0447167904085499,-9.36038951157717e-05,0.0827703507510617,-0.0124638519947993,0.00905684855500865,-0.0663921386905885
0.075659100010565,-0.0448889284166358,0.0513228606357262,0.00232890871792993,0.0804430910242301,-0.0165304743135585,0.00340669858290827,-0.0522355330505066
0.0951359596655893,-0.0449778913423222,0.0469377604115722,0.0102672045936177,0.0699298758627066,-0.0135587842914429,0.00148878075008539,-0.0430427087756347
0.117754957235374,-0.0362147566787267,0.0419058868507047,0.0162199436449237,0.0566975488610286,-0.00882400420521835,-0.000422812437858519,-0.0271458609365213
0.137080278927099,-0.0299266842962752,0.0312411142644418,0.0240577328393142,0.0368413897003921,-0.0098192465799992,-0.00190961706369927,-0.00503989573287183
0.155948102657487,-0.0304272116956485,0.0271388260521399,0.0313873849358315,0.0227500893411664,-0.0107231255698823,-0.00111297264167706,0.00495725949407386
0.165265825619251,-0.0384431271589074,0.0177373525538173,0.0382246438059578,0.015606378405219,-0.00630674554798795,-0.00389091974557596,0.0174279922417775
0.1599348655824,-0.0370711975203397,0.0116435146546074,0.0400699578178116,0.0112804083939741,-0.0036427057437763,-0.00582128957200877,0.0251491070283835
0.155855102306246,-0.0410921923398796,0.00721460617422992,0.0399109158104243,0.00749142151939615,-0.00509071532049936,-0.00329920883051787,0.0342069600521275
0.0344973079327577,-0.0291244335211985,-0.131128918572326,0.00594869568190747,0.0143866365543819,0.0220907279231639,0.0122064043570844,0.00356627092520699
0.0250109098563302,-0.0315858880128267,-0.134875440666137,0.00180825198525776,0.0228928857775177,0.0241238534132681,0.0149605113369689,-0.00383428972438954
0.0168298823782278,-0.0446776132133038,-0.132544405527598,0.00341771793239624,0.0300530298930915,0.0349937831185988,0.0212015480603037,-0.0150566885653702
0.00918709555348663,-0.0477338139172724,-0.128517012486962,0.00257888941241515,0.0358667935995724,0.034067486758694,0.0219929050076632,-0.02193769019275
0.00823216493433486,-0.0547955627782812,-0.114914947479261,0.00577637978590289,0.0409794183070542,0.0276825612023826,0.0205954106580668,-0.0270638468438588
0.00259458722425932,-0.0526674887413758,-0.100723359938097,0.00248900685507022,0.049544723143981,0.0211152324556218,0.0169919608344005,-0.035978113581126
0.00377184666893731,-0.0609576792490878,-0.075362121653353,-0.000950748701392345,0.0620313094411871,0.01500021782732,0.0126921056391265,-0.0519275664348787
0.00721783073714433,-0.0670096921072275,-0.0493762927035155,0.000509726012712606,0.0702534811574603,0.00728559752668029,0.0114403369316958,-0.0651767661339112
0.0168454023580362,-0.0741502002627988,-0.0221695063422124,0.00125346362210938,0.0744378593763874,0.00655411536715012,0.0145468477042984,-0.0783820999671027
0.0223010556883893,-0.0743270478266578,-0.00895816978876868,-0.000187023329491433,0.0796352830977482,0.0100034204704127,0.0154217879832644,-0.0842300933541715
0.0398253261546089,-0.0713825458125813,0.0056455342289296,-0.0039199135823093,0.0807558313466086,0.0103180999397089,0.020448602368438,-0.0833476326501849
0.0545795229419547,-0.0601000653527923,0.0211300666722026,-0.00281863076426864,0.0765591152235176,-0.000871827578405595,0.0133088844084765,-0.0721959882145832
0.0736759452735556,-0.0555789289626587,0.0320752626689349,-0.000754663446776732,0.0745494313627898,-0.00870497285418297,0.0096997597359004,-0.0598984043473358
0.0890090589831672,-0.0530056869414301,0.0359149805224862,0.00681702060923013,0.0700857421358032,-0.00792123218936198,0.00365639154309864,-0.0555405456294458
0.104125419816842,-0.0621837079815289,0.0380354173838651,0.0142873102445108,0.0671319378944362,-0.00408674598204712,0.00308098107625577,-0.0588248068871096
0.121844600297955,-0.0600278432784932,0.0386847876787761,0.0176886561264126,0.0568341833163756,-0.00457486520211582,0.0035594312807205,-0.0457107837456773
0.144255617606028,-0.0460296047173959,0.034940540598924,0.0250244554613822,0.0371480885048203,-0.0105213060347582,-0.00270630743214456,-0.0178110666322957
0.154374822257613,-0.0485860129305171,0.0272361424654851,0.0327118344746404,0.0222384510046546,-0.00642390306688285,0.000878838454642983,-0.00484838814788666
0.162375089269904,-0.0476817465961833,0.0185838137229075,0.0341234383742614,0.0151020152858025,-0.00629197554565036,-0.000529476933092946,0.00831907211158531
0.161257864769257,-0.0502220968889041,0.0137106781269114,0.0343075711435858,0.0095294142303695,-0.00899896931872847,-0.000921337460022343,0.017701989255803
0.153878796646682,-0.0473283104797016,0.00353259380412901,0.0358988010991543,0.0082400459823033,-0.00111982757205741,0.00071211721673895,0.0240331996204688
