-0.0165043417691953,-0.0156215399945193,-0.000672217151899962,0.209135120476014,-0.0134991911110496,-0.117745814607178,-0.0250591185962146,-0.078922104242336,0.0186617631994434,0.00756765310120939,-0.0532765602373317
-0.0199842362547977,-0.0126065531497764,-0.0156773403854478,0.202219378214515,-0.00706901278691304,-0.122843019770879,-0.0243678571097584,-0.0786236193489442,0.0165597768309117,0.0169359808805751,-0.0419089159074061
-0.020777864149207,-0.0172006886630543,-0.0357477034300402,0.196071321099834,0.00428733252935255,-0.132234010496427,-0.0184161970700073,-0.0758460887090105,0.0138688504708481,0.0247993809288158,-0.0342342276172284
-0.0156198993747085,-0.0139903671774612,-0.0484490506213855,0.174275300311846,0.0174226832131588,-0.147708544117636,-0.0140802137659053,-0.0618217394674371,0.00903612163572345,0.0237000070931451,-0.015818902238573
-0.000767368194394859,-0.00805428917676314,-0.0601467082855403,0.124093987767601,0.0259010568101194,-0.166977435935113,0.0016013926091449,-0.034258434946533,-0.0077562700484068,0.0132583347165738,0.00372052925417991
0.00981964219225229,-0.000185683346973754,-0.0665577174178093,0.081768245065992,0.0308884804052414,-0.183808828982922,0.0120781175848646,-0.0128070051371948,-0.0223455783499271,0.00369624370917778,0.0181746155417572
0.0149839469424846,0.00242612051442579,-0.0667074399701422,0.0452587170478452,0.0309752455893123,-0.203982543710547,0.0151090833534992,-0.000750092231666097,-0.0319017937919434,-0.00435457221598886,0.02110077713437
0.0249784262169979,0.00508061652869744,-0.0646843083137892,0.00838266081613724,0.0286215842051245,-0.222353785110364,0.0157585292068425,0.0131275547765644,-0.0496351406158412,-0.0140551794954517,0.0188999741800069
0.0329707851570277,0.00128766676453879,-0.0440442548552341,-0.0043566667603848,0.0233469032412616,-0.218832652051109,0.00801107914589986,0.0304000669307297,-0.0490976420585973,-0.0129432868424162,0.00279245958997925
0.0355016076992334,0.00243781374303803,-0.0207339759791741,-0.0233227084304698,0.00790369162352298,-0.21650755185822,-0.00124852788391304,0.0418503516362849,-0.0499262732865129,-0.0139588287201784,-0.00611391366169404
0.0304808854640315,0.00280988568899429,-0.00139721305085014,-0.0293009355209766,-0.0112227615380558,-0.217588054973713,-0.00896299806115852,0.0282240440530749,-0.0447370054924078,-0.0172690546732943,-0.0227580298792337
0.0259152396525146,0.00888218163918428,0.0173788542511943,-0.0381806607349716,-0.0341096135281086,-0.215312867323895,-0.0164173545210648,0.0175863420926045,-0.0406665186766643,-0.0213315783923227,-0.0323641741375173
0.0155393137058595,0.01282036266772,0.0410204644817542,-0.0354710883055697,-0.059994132694215,-0.208464253819981,-0.0210180548140627,0.000358511492441242,-0.0176432243155687,-0.0120833139342494,-0.031309162934008
0.006037124031958,0.0209623532095613,0.0530386090960887,-0.0275793516972334,-0.0842021589676735,-0.197759438148895,-0.0186760430627485,-0.0217899062428789,-0.00127653302506062,-0.00486318262296298,-0.029816788204354
0.000579731513366872,0.0270443529371178,0.0565345060274686,-0.0236078045049453,-0.104416232737134,-0.191339577953434,-0.0164526111714348,-0.0504295911022831,0.0127684275702333,0.00596105826651844,-0.0210462003444958
-0.00529342051576963,0.0328067569210009,0.0568402656188595,-0.0164745235160864,-0.117882969867788,-0.182523629634332,-0.0110212346123002,-0.0736598463555802,0.0258642181160928,0.0125032787925995,-0.014063290121942
-0.00563311643983459,0.0348868057629715,0.0500245208585044,-0.0100915833356581,-0.1228311108014,-0.179541252015299,-0.00106847599454967,-0.0887998803218562,0.0310882102779878,0.0109166744072956,-0.00761229908729222
-0.0140525827463833,-0.00774183826153318,0.00772322998092648,0.226330765428259,-0.0269338466975715,-0.0180354654820666,-0.0348896928897661,-0.0404067838081238,0.0327131291264355,0.0140078237815125,-0.0234000848333876
-0.0165898882240628,-0.00562878702035735,-0.00864447150034911,0.22359601493207,-0.0199625102974164,-0.0230753483774382,-0.0344961800719013,-0.0408167832682637,0.0248610045177907,0.0212708812791268,-0.0213758314784902
-0.0159550865207873,-0.00460124754371198,-0.0286150788947075,0.210639580472223,-0.00697350197501214,-0.0298536896555588,-0.0266128922893497,-0.0247342693270463,0.0218391318971268,0.0311506526019973,0.00400066010737008
-0.0133273190309832,-0.00206260751360793,-0.0465157829986975,0.180625594426458,0.00349492173244009,-0.0489538818946473,-0.0179476156775148,-0.0102541112255198,0.014956942850291,0.0322136465479465,0.0207825172932674
0.0048495566125575,0.00508821594920848,-0.060852285034243,0.122190787629861,0.0166753281193809,-0.0732095072224389,-0.0034387835202635,0.02046700255844,-0.00544596312038986,0.0189953039414655,0.0407610997435839
0.0094963045973228,0.00993494401283194,-0.0707258334387567,0.080460760574996,0.0191200375158179,-0.0877845437409617,0.00182987790396171,0.037745235806739,-0.0135056955704235,0.0140905498740602,0.0569629486402517
0.0155436815194559,0.0113709471601358,-0.0752342988806964,0.041035788617643,0.023433201585041,-0.110097478116422,0.00892494340310104,0.0538895546114243,-0.0263182409681516,0.00645230549194041,0.0592281363553605
0.0230482232363046,0.00751401221203425,-0.0603367233912658,0.00713111359051275,0.0260434471187525,-0.125260766305325,0.0045793884693228,0.081130732421324,-0.0373065397116653,-0.00376733823822691,0.0440238900516162
0.0301251053625101,0.00477489918533961,-0.0392727211698852,-0.014019671281315,0.015836087773197,-0.124531147951065,-0.00580838988949103,0.0952177910183092,-0.040313084556705,-0.00481341357699539,0.0237234897087491
0.0336164165398628,0.00442257476126682,-0.0157994185950841,-0.0400989220831861,0.000939314573303621,-0.12919519305967,-0.0196547825756451,0.103667735718049,-0.0451674343969863,-0.00623126572206634,0.0101610828350007
0.0347698366933147,0.00354982070763646,0.0102529555072199,-0.046498538150356,-0.0167906036522044,-0.130696588707862,-0.0249277641414792,0.0995853950268202,-0.0377640108241301,-0.00893244671182166,-0.00303776860342491
0.0270617968306941,0.00825854931725138,0.0384327290821266,-0.0487811917891118,-0.0482268198184474,-0.117645610196166,-0.0421020727590298,0.0837484406226923,-0.0235661911470818,-0.00454596747245982,-0.0170698725894037
0.0190703719342566,0.0136075597166761,0.0603252090034166,-0.0412036024929238,-0.0805406189487863,-0.103946994240677,-0.0440498989974729,0.0649303297816167,-0.00248492805654896,0.00664371717473547,-0.0180616931932849
0.00411796961015471,0.0244184936060451,0.0747883611043141,-0.0360234571453982,-0.110670377793578,-0.0993854331998462,-0.039693883520416,0.0284973428650594,0.020194611742565,0.0159100259156693,-0.014713097380395
-0.000157661690986283,0.0282282759108961,0.0748083460458617,-0.0312975028999643,-0.131968431630656,-0.095846121533814,-0.0308224347634778,-0.000440481182253318,0.0334538022971169,0.0218279871452993,-0.00593153579255991
-0.00751933661147161,0.0385840015341128,0.0665357573888638,-0.0230026508105839,-0.148694143867492,-0.0896450620822724,-0.0174264613059299,-0.0300983853892197,0.0446324616732751,0.0288189443367817,0.00552268736560415
-0.0116548088577445,0.0390697884128524,0.0568510675558968,-0.0122122569304871,-0.150946201135081,-0.0846132819907853,-0.00991060199143995,-0.0452259972399153,0.0521731970138652,0.0321879330131467,0.0129658560509453
-0.000871316505737196,0.00267577477430708,0.0164507171914554,0.218942761649876,-0.0408147807915406,0.0505328474127021,-0.0304784620860275,-0.00993843504051931,0.0334405411609942,-0.00890099324636072,-0.005626820822097
-0.000910065257760239,0.0082782622342362,-0.00494254628133951,0.209292760708289,-0.0341916645676048,0.042222810564021,-0.029880724889905,-0.0123815485394094,0.023995075022451,0.000361212264821562,-0.000210736454222118
0.00233215703015107,0.0129221354844121,-0.0262080190128508,0.191899460769153,-0.0242743072590751,0.0348075335743159,-0.0221357572281314,0.00321830790485926,0.0156716825229013,0.0125217265631626,0.0256339455971437
0.00412792053405475,0.0171345708094726,-0.0542242691636397,0.15897538109411,-0.00930974677327703,0.0186154792008056,-0.0150602633461298,0.017654795706524,0.00939904127713662,0.0204069426487869,0.0495767024399612
0.0112521352234921,0.0226381074795492,-0.073192702299278,0.108703501874625,0.00321304009527604,-0.00470428560416181,-0.00290178984288409,0.0414148551814935,-0.00291027856502952,0.01297133006478,0.0751316991173206
0.0122144878294382,0.0252797293420661,-0.0872671053825457,0.0629556996081971,0.0124340530918014,-0.0237548879401067,-0.000485317531805427,0.0642834824253024,-0.0110695151945773,0.0116112300526988,0.0887212355617958
0.0149467969551023,0.0188803141555857,-0.0816222972449734,0.0290050672360682,0.0212992717900642,-0.0387389090611007,-0.00388463581670438,0.0915712904159892,-0.0183061613811028,0.00757580861944845,0.0777628234074172
0.0189444700933788,0.0148665716154211,-0.0661041849332738,-0.00513540212850409,0.0229037562714498,-0.0459651411463131,-0.0145627613314992,0.125129422498008,-0.0248067912825146,0.00327296742681579,0.0637045415439232
0.0230284615731942,0.00803788738048491,-0.0386431451411823,-0.0265937594732392,0.0172699827268763,-0.0504843047470161,-0.0305032929981757,0.147216059501684,-0.0225032239369295,0.00945065268359535,0.0425848172046435
0.0284752149863352,0.00299089236383404,-0.00624776860739092,-0.0465602549310344,0.000685029050541721,-0.0496357857800716,-0.0440696390655943,0.160405731824357,-0.0194029232020918,0.0112827499804581,0.0225652229219016
0.0309905231503301,0.00192624230648182,0.0203975678999122,-0.0506501086145199,-0.0227020271646129,-0.0459648920123071,-0.0484273241609213,0.153409671175756,-0.0129698512547229,0.0153041773355983,0.0032089039190775
0.0274431704794472,0.00274329787185124,0.0489290982742631,-0.047402578720911,-0.0544308402322101,-0.0351051453267221,-0.0571847023866885,0.135208401873111,0.000181241582123278,0.0199034808555546,-0.0114807396460806
0.0149532632430217,0.00912443721176805,0.0651743705499183,-0.0373698480161402,-0.0905570564354561,-0.0241292214409487,-0.0538287746850698,0.0995284375899951,0.020304274894248,0.0245549936175726,-0.0191187568953925
0.00288068816616634,0.0221319043577482,0.077979992118011,-0.0314249865588704,-0.124416638938547,-0.0181139519319889,-0.0472710443723195,0.0606089251381468,0.041023756669037,0.0324410658790117,-0.0144302575410998
-0.00822362459693148,0.0258126669093121,0.0761414861085695,-0.0291937993837334,-0.1477025438859,-0.0191675842287928,-0.0368272526605916,0.0250955100515573,0.056992577557274,0.0366009750933485,-0.00528177598155376
-0.0126247687961476,0.036008899483152,0.0679884390610305,-0.0239094306295343,-0.16619406222809,-0.0211411716396191,-0.0169135783692924,-0.00961391850787898,0.0653265918893193,0.039725446059895,0.00834139726318966
-0.0173444160540673,0.0376875742308426,0.0560210759251914,-0.0157173574647508,-0.167667572249749,-0.0216411619762342,-0.00591659472438771,-0.0290015580099051,0.0652179557418612,0.0356794985591134,0.0165400637601881
0.0120875893498618,0.00739934891187943,0.0221651806411325,0.203786172754753,-0.0459307421124597,0.0894837289558755,-0.0281108392868488,0.0124647429127418,0.0253053544150521,-0.0343496222419037,0.0031298713136
0.017520490768964,0.0168267507859279,-0.00149181818970062,0.185233268146183,-0.0359204950839337,0.0776138237374492,-0.0251800531116339,0.012848951204219,0.0106618973533425,-0.0265697556953897,0.0125468233807421
0.0201256305109495,0.03115661783207,-0.0268985332891797,0.160996492758183,-0.0334709521112539,0.0750572557862901,-0.021459185527488,0.0155105334015905,0.0035537470128283,-0.0173819129396801,0.0416631556725
0.0176414374258849,0.0406386174704062,-0.0619278054963001,0.119141976549279,-0.0223198054647592,0.0579888413645631,-0.0172647474558017,0.0272591699717256,-0.00713455661514202,-0.00796104766313283,0.0686719107176188
0.0172653019552772,0.0448659844744717,-0.0876877397128443,0.0735524374242644,-0.0091985679442541,0.0394437396331333,-0.00763445563314209,0.0443686415993505,-0.0128946573691281,-0.0081809663680843,0.0888446583829484
0.0118527344936033,0.0434423890313572,-0.102875973299999,0.0365888228493121,0.00489673953101834,0.01953274703146,-0.00960078083483553,0.0675879762207682,-0.0138853556140548,-0.000198658273673519,0.0987946980123681
0.0134042576898463,0.0332678323028003,-0.100476807010296,0.0029840144211709,0.0179998480706947,0.00938829715814008,-0.0166194640018585,0.1055510547265,-0.0141737790836869,0.0083248481988706,0.0920621208402332
0.0164292041645001,0.0208504291960013,-0.07952525605258,-0.0248858507605341,0.024457830458339,0.00500058997426295,-0.0341637420633822,0.143252896772708,-0.0165205467956612,0.0141977748379614,0.0695720474818934
0.0225130488510428,0.011108996666439,-0.0454310326580249,-0.0392453302307373,0.0185864980078766,0.00396582312708975,-0.0515870182121327,0.165064813925963,-0.0093111208889309,0.0228687940417162,0.045035649173375
0.0270350093954671,0.00404930381400814,-0.0155457230188835,-0.0500279039457857,0.00417898021043329,0.00697968667224349,-0.063076389199307,0.179103618419858,-0.00771953430452671,0.026706859733273,0.0185389047640269
0.02942956942773,-0.00372048838292941,0.017812696115223,-0.0458028970487334,-0.0200740267961128,0.0206387058147863,-0.0721222975638087,0.181148662435943,0.00150184738606467,0.0347055205645539,-0.00989228990877057
0.0267626785827955,-0.0069370161395961,0.0421986411827515,-0.0344783388331959,-0.0502845115143633,0.0316911293097797,-0.0727008627202551,0.159482185264024,0.0173591320896077,0.03947151359575,-0.031551757639685
0.0155073960790439,-0.000738774208230134,0.0525627172062448,-0.0244129566591958,-0.0900705217846988,0.0380076376887855,-0.0638421523733674,0.113274639802165,0.0377040796082245,0.0435965433026934,-0.0417067187050293
0.00497163862370494,0.0122706763950662,0.0630084052900945,-0.0234875670951568,-0.129221088447853,0.0392462252985173,-0.0453823764573017,0.0727833610751101,0.053271008714747,0.0406722525192014,-0.0343909761175676
-0.00141334603055987,0.0185194155084972,0.0545686011783318,-0.0201246325488793,-0.153625788583101,0.0334885231052024,-0.0239626536177683,0.0282210201858038,0.0625061425262529,0.0431554901171207,-0.0262723584293015
-0.0103064654333849,0.0276681692039456,0.0382374418045273,-0.0233473431338237,-0.171224599570486,0.025384106744016,-0.00540954446435611,-0.0119390814156246,0.0723523988619901,0.0461087075867588,-0.0109024936354622
-0.0108003711863574,0.0323962955512266,0.0263232978928918,-0.013086609401961,-0.170860127244143,0.0173421331090883,0.0138903314574947,-0.0363671979824071,0.0699308134746565,0.0392758857856354,0.00394949687362537
0.0271217716931736,0.0123001351595227,0.023696711829436,0.160487286341433,-0.0468394747595401,0.0947021516422684,-0.0220969455710987,0.0181069878390754,0.00896581184409716,-0.0777078620114436,0.00587653843834334
0.032802223237807,0.0258797675303402,-0.00158342367695639,0.140695110066735,-0.0445516471318687,0.0938093366539043,-0.0204731639999727,0.0180444757504294,-0.0039265921341946,-0.073598868935266,0.024420540641737
0.028451167586618,0.0448883343928393,-0.0333815819186112,0.110918956223888,-0.0413306291174749,0.0882773614220906,-0.0228483765879211,0.0138555513834711,-0.0115130018880658,-0.0617686853424994,0.048922687141704
0.0242608510489838,0.0582949051490077,-0.070246228557018,0.074768979014067,-0.0321007189039417,0.0750622268108408,-0.0178169037325786,0.0154133146254017,-0.0172660316097721,-0.0484120893566918,0.0746425520203396
0.014885595921839,0.0646740412862857,-0.100093170713201,0.0377546144166798,-0.0153247756306,0.0576043008709713,-0.0203899962713166,0.0234783503691112,-0.0127341186774086,-0.0261414740667678,0.0936026323767126
0.0112286127535355,0.0592000171162037,-0.112332757998958,-0.00012382646487245,0.0031964549119379,0.0364608849488312,-0.0269232151227961,0.0485902458413024,-0.0169351704292463,-0.0199446585516111,0.0861965369177513
0.0126738713605853,0.0480153785032775,-0.115564764876897,-0.029822344231599,0.0152638846174111,0.0347517601898234,-0.0321287283291163,0.0899303335409599,-0.0168114986338589,-0.00619965594131359,0.0820887380981175
0.0150173425672858,0.0297625453878551,-0.101334294098863,-0.047588621824289,0.0218589270637057,0.0328582741851053,-0.0458112848297316,0.123628235842958,-0.0120941221659468,0.0113948844641111,0.0559474658540981
0.0148056021050415,0.013062997032832,-0.0627387283440274,-0.0399944794771857,0.024056073670849,0.0360013729539095,-0.0649947147400936,0.144583978583191,0.0042261308580323,0.0238723308893562,0.0216716609329564
0.0151527766553983,-0.00410293566487797,-0.0367378136698735,-0.0440179330899983,0.0146471753664199,0.0389698851292073,-0.0815421837350958,0.153603843723613,0.0132889570816979,0.0369900062740188,-0.0151883441410034
0.0201314991332534,-0.0139032010595962,-0.00698605660756694,-0.0362939127585953,-0.0108839494929656,0.0509926125477823,-0.0856147686952658,0.150049604991594,0.0211036721749925,0.0464162359654103,-0.0450647369400033
0.0221951124217685,-0.0158868203133491,0.0133527987307777,-0.0338489230911106,-0.0430273136586947,0.0548419991361888,-0.0742969175626391,0.129476734268907,0.0265347527605105,0.0420955646104642,-0.0695250175479977
0.0154436984319614,-0.00949566899305115,0.0234952044172742,-0.0218936223759432,-0.0791129688611145,0.0607602320638169,-0.0580720163446565,0.0902367367201428,0.0437335080793245,0.0429415801113691,-0.0785222970820112
0.0127074015129979,0.00333292299263559,0.0271606766600831,-0.0202987130190182,-0.122953301811218,0.0628919282085617,-0.0294738868988935,0.0469816860297711,0.0587159791427933,0.0404138737863691,-0.0677546794980353
0.0103931171606363,0.0157223981006689,0.0162327204717929,-0.0263252844767227,-0.147604881648883,0.0576632061381904,0.00242319849825621,0.0104844806609347,0.0641423541500018,0.0370832474025152,-0.0487299982521113
0.00681444075308237,0.0228871341536573,0.00347481805609883,-0.0216836081787475,-0.162085735747638,0.0477612461187096,0.0278855829843656,-0.027768092752169,0.0673371454641516,0.0361133582293131,-0.0318918521469272
0.00466486868457591,0.0274386029180901,-0.00116881769833706,-0.0154764456471719,-0.164724288764421,0.0387122517624248,0.0393418789387646,-0.0437008136503847,0.0613007629723489,0.0313565551939401,-0.015901871241783
0.0384960832745367,0.0136240235486459,0.0249988259658019,0.115003520332704,-0.0449632454817815,0.0863540566810821,-0.0194721096852993,0.0121274669300417,-0.00683127928048778,-0.125111181969319,0.00241090951267826
0.0408110861496035,0.0306873250690342,0.00676703871496276,0.0934472255751657,-0.0447488859324646,0.0873610016528433,-0.0253154655456641,0.00562643061228227,-0.0158958256254816,-0.124142655128225,0.0181444130268661
0.0327317707195421,0.0488600612455314,-0.0294662740611328,0.0601334697882411,-0.0433708481089246,0.0853174971285286,-0.0244945325694961,-0.000630311954372044,-0.0206661931235801,-0.115240716098915,0.0397739389593435
0.0214354057000033,0.0640401552418185,-0.0748514693377899,0.0178791577134465,-0.0301883755117498,0.0666854738169597,-0.0245127238775722,-0.00775842766488885,-0.0239953717191898,-0.0998219093033377,0.0599503392716921
0.00803315701919595,0.070893285754082,-0.111487375086194,-0.0187864621495939,-0.0117978793045344,0.042279947659185,-0.0307880504207414,-0.0113570574117058,-0.0200106211126361,-0.0678937317065472,0.0719104740655852
0.00383559171257735,0.0650359481216615,-0.123761729156513,-0.0376802120679253,0.00642894613278045,0.0290061083413874,-0.0387917248272579,0.00236466871825356,-0.0130339074393947,-0.0424751306466645,0.0633131288717863
0.00167796231580952,0.0545980259575211,-0.124369378449278,-0.0510226576451162,0.0204872149950915,0.0281463863931142,-0.049687851714107,0.0285189379326238,-0.0030240397881787,-0.0118962484433341,0.0546361010663868
-0.000373979875035471,0.0340811443573216,-0.112438923703611,-0.0524806027435194,0.0326632712367736,0.0330562311092916,-0.0665245249128021,0.0603528142716722,0.00775176551838449,0.012741258684563,0.0258152755252817
0.00142149971546448,0.0101955394803972,-0.0871946812562623,-0.0425713738552063,0.0361591053762362,0.0351324038857126,-0.0798369797708412,0.0764597932502226,0.021296992767659,0.0305698309521598,-0.0166283690506832
0.00531186927533442,-0.0102260060204798,-0.0648434064320446,-0.039898395107595,0.0277637332061883,0.0401374000265504,-0.083895847350981,0.0841672671113462,0.0301546876341873,0.039331854808157,-0.0570253187514879
0.0138101468187349,-0.0209461722127501,-0.0367908103501555,-0.0288318715712181,0.0102029519817873,0.0498086744319861,-0.0778625085431497,0.0895437240088258,0.0352494309601253,0.0450106925330873,-0.0865758611977131
0.0222397218809681,-0.0198103631381236,-0.0199579071719959,-0.0224932510502036,-0.01848717448483,0.0572196921283895,-0.0599179360343027,0.0780933190284878,0.0350625937484543,0.0427894797587272,-0.103844223923412
0.0226667100462753,-0.015535650495965,-0.0100256313158658,-0.0187387220792536,-0.0553685763908755,0.0635609782278252,-0.0370359401613121,0.0514442781340804,0.0459155601682583,0.0406684197032587,-0.112679234557473
0.0259405638641887,-0.00498865640674074,-0.0163870298800939,-0.0193195288408429,-0.0971721155177507,0.0685708475304249,0.00434160583806774,0.020451388614804,0.0527255881209327,0.0349073464302661,-0.0957902945737125
0.0270896116223014,0.00553608739646209,-0.024374073385952,-0.0258639819025081,-0.121659052033103,0.059759748741467,0.0389716740620559,-0.0107519421576889,0.0575059221266416,0.0262688528957472,-0.0772522787904923
0.02445750553782,0.0158247238186923,-0.033329174704395,-0.0255067779167137,-0.138773377011747,0.0484293586361476,0.0690119728615897,-0.0447498101525146,0.0570416585985892,0.0199108121901843,-0.0538735307853041
0.0178151614334395,0.0215856232230445,-0.0283202263562814,-0.018988827419091,-0.143909564818057,0.0421698302945715,0.0783926708643041,-0.0538757886998541,0.0539821637190865,0.0162214891689324,-0.0334348183778021
0.0438339348826593,0.0108755401185026,0.0416779713472105,0.0719015103927045,-0.0311613274961824,0.061981551245823,-0.0169565608858462,0.00443028087140283,-0.012545219726537,-0.170305819013742,-0.00683471797762066
0.0479093772573993,0.0301496828415742,0.0235728573436003,0.0452927511152179,-0.0304384584474033,0.058057046461228,-0.0213489669428487,-0.00280514345784564,-0.0265627376612421,-0.172989473172723,0.00663619710457392
0.0356236106100386,0.0522916482841375,-0.0227312035741962,0.00556997781005703,-0.0257518622387814,0.0513693804058885,-0.0259431917503981,-0.01930133845598,-0.0314437811187759,-0.162088394819034,0.0296819579644913
0.0245326914830546,0.061455353240558,-0.0656255098480446,-0.033077240030393,-0.0126725779658779,0.0325430515295145,-0.0319788318404187,-0.0363515013447198,-0.0282236220879718,-0.142538766570151,0.0354019741880406
0.00707555655765215,0.0689699071972732,-0.105843176533925,-0.0633456566505828,-0.00190656461219978,0.0148642849092945,-0.0378303176431563,-0.051864948549188,-0.0165758675602661,-0.101154513408793,0.0466521272577024
-0.00443494627769887,0.0710721436650221,-0.123460538697649,-0.072325299753704,0.0148599636632833,0.00597669492746201,-0.0497355597328814,-0.0559051701784426,-0.00388757453385881,-0.0629087475618431,0.0376185321517877
-0.00842829294184693,0.0549575402764444,-0.122256473723916,-0.0660194384104247,0.0286626399793751,0.0123603941057234,-0.0623626106061772,-0.0343448786548182,0.0128987228208752,-0.0194403725087988,0.0159509557479362
-0.00874584083688495,0.0343832694941034,-0.111230542146701,-0.0548377926968477,0.0453519790580378,0.0176025524432956,-0.0790389913198175,-0.00919808669988119,0.0264527233077546,0.0167014810755148,-0.0161572281675164
-0.00376695382242192,0.0127404246932066,-0.0908417622670258,-0.0387731408739478,0.0544119448327583,0.0252991242308669,-0.0855350305628871,0.0119987285309364,0.0359324666413267,0.0362819215565299,-0.0549044005833244
0.0046059957862875,-0.0119644585279817,-0.070707789559813,-0.0274180107797269,0.0517254930702992,0.0315559052980505,-0.0822712497089855,0.0280386495398487,0.0373808891906375,0.0389762685012682,-0.0975502393155733
0.0197115304218675,-0.0231855773691299,-0.0489560608590091,-0.0136574070373886,0.0400172478940451,0.0409966486082598,-0.0660536806305544,0.0407608933106103,0.0375696660229999,0.0418339452419893,-0.125616526571905
0.0280266912739327,-0.0223723349266628,-0.0397357503113646,-0.0132210031829476,0.0137012536932091,0.044600139669491,-0.0408947775086562,0.0346724762475228,0.0338991180790144,0.0393017199198414,-0.132762325725324
0.0363010699994342,-0.0179293689084342,-0.0379069975285812,-0.0142049073336611,-0.0197515882972667,0.0445313589640276,-0.00108007697122157,0.0132595544526034,0.035204382899571,0.030507302516767,-0.132981367446524
0.0434973959503778,-0.00499839591909168,-0.0449009791350102,-0.0167272020843781,-0.0573212074969282,0.0487749682648232,0.0459715878792837,-0.0121287904939567,0.040408147467239,0.0208450027856818,-0.115891271475695
0.043204931208141,0.00281549080028514,-0.0492830768018693,-0.0215962314492296,-0.0857138588179291,0.0433487237441527,0.083272759344194,-0.0318882148175961,0.044321927418342,0.0115623321934395,-0.0937216882467381
0.0372627100563686,0.0144560899730044,-0.0527191944130541,-0.0199196779358323,-0.10177821008165,0.0349356804168175,0.109370945493644,-0.0549628419917304,0.050394146207476,0.0102405968271111,-0.0587168405587299
0.0285715384765997,0.0213993460429194,-0.0538937468974272,-0.0219703006200484,-0.110251885912393,0.0292265394640295,0.120562373232528,-0.0594135047251942,0.0468836583463658,0.00281257710171838,-0.0350938161488973
0.0402981842244776,-0.00613850938265522,0.0541365279238794,0.0282849778986424,-0.0154796690100734,0.0361712387589471,-0.0187419147005181,0.00318487412846434,-0.0135909961191995,-0.1968839031314,-0.0143690693797091
0.0416421165117014,0.0170149574369125,0.0388044489297594,0.00115439304268779,-0.0118532631105785,0.025393773765388,-0.0225725010776752,-0.0169810610721159,-0.0207985032427694,-0.204123174230421,-0.00611273232550848
0.0293451742467134,0.0355818782923288,-0.0044162202022266,-0.0403656919166692,-0.00189368782083894,0.00960580637841099,-0.026200603872383,-0.0352176655478379,-0.0177463828554149,-0.188413353108649,0.0113132084067811
0.017717201513153,0.0497401637787435,-0.0440378133011064,-0.0673513686567525,0.00439545301390999,0.001447607708268,-0.0314857062371249,-0.0591279339768531,-0.00879970242626337,-0.156046724517012,0.0207736780515266
0.00142621066718602,0.0679169897694209,-0.0792347510855556,-0.0870477595598736,0.013740992935322,-0.00630224759604278,-0.0424320042794822,-0.0823509369878359,0.0047608956605513,-0.108032561060245,0.031334480228811
-0.0104589867746503,0.068672550423589,-0.101423933965399,-0.0890546098744663,0.0306820444591898,-0.0118155430168304,-0.0576532178711499,-0.0931435728621172,0.0195906605503704,-0.0612558648133893,0.026948465910691
-0.0141859577433137,0.060221744766791,-0.11775756556304,-0.0808559292476383,0.0469578846383942,-0.00839290267056768,-0.0686326217354339,-0.0899554593714897,0.035633716994437,-0.00989321385528104,0.00546590188776014
-0.00993841574195699,0.0358939930854791,-0.111033053896772,-0.0591057041151284,0.0685204089826853,-0.00343558953684245,-0.0761825956242069,-0.0701204161140641,0.0480973865138434,0.0238520775224875,-0.0408755552495985
0.00254287078574724,0.0115494651128226,-0.0897398196454462,-0.0315722718976253,0.0796744446694599,0.0102056110732517,-0.0767136941563935,-0.0416144056458971,0.0522684658735214,0.0434460495207254,-0.0813545375739385
0.0163832341196862,-0.00909886174798014,-0.0674779967228229,-0.012208963561894,0.0812871732917031,0.0174905115000994,-0.0672635103068113,-0.0167987902981937,0.0358310820963883,0.0434352630771557,-0.120904710328532
0.0336816399916979,-0.0174348821126167,-0.047536142924908,-0.00463882772766407,0.0709458637195381,0.0196558751628101,-0.0382185029791842,-0.00225122818208132,0.0307875083969606,0.0373742050028496,-0.144847735454677
0.0419522249636289,-0.0187361814776197,-0.0430974614830049,-0.00256802233779068,0.0481201202417172,0.0222001164951781,-0.00297534417771424,-0.00609174234004695,0.0282372241804527,0.0292170387510265,-0.152178162120502
0.0490372249769853,-0.0142131346255542,-0.0447228903698811,-0.00596781848119792,0.020882545937377,0.0211093864729829,0.0392949157660987,-0.0207384299521585,0.0315294714128184,0.0216821371029491,-0.144772341492
0.0507404227923746,-0.00124340970587322,-0.0570335455875703,-0.0142618165580692,-0.0134513536822168,0.0207390651014739,0.0878221959150212,-0.0373626730412114,0.035970913309033,0.011380544286623,-0.116782923304237
0.0482131216215693,0.00548877245902754,-0.0630514546401273,-0.0221016412482166,-0.0387213845677209,0.0172805390829289,0.128984402927044,-0.0458365610676753,0.0422281605665073,0.00226596253685921,-0.084792644798539
0.0435970495294785,0.015955589150703,-0.0633630048209424,-0.0240694221163338,-0.0622738360876999,0.0163575116626718,0.151916101644233,-0.0578718816620184,0.0473017258185853,-0.00898182498591797,-0.05162880162094
0.028408936572882,0.0215985391631021,-0.0621763645708382,-0.031546148453193,-0.079494880189385,0.0114280506251252,0.157364540274769,-0.0630964951345997,0.0505439585205204,-0.00852008077782619,-0.022590842785056
0.0350107331198017,-0.0304259829857016,0.0713664012526578,0.00137701547779772,0.00185134248932868,0.0204140962197374,-0.0207312283483723,0.00516292723558206,0.00501254525499929,-0.204725866232973,-0.0204697507893549
0.0313614539808597,-0.00787640453477381,0.0514350010555698,-0.0349283172064179,-0.000258703683348389,0.00736187726918517,-0.0242911366607491,-0.0211912093525898,0.00371890992729104,-0.206213024086707,-0.0116765641652907
0.0203173873794228,0.0109294982371662,0.02355398357457,-0.062122831543685,0.00719614880093887,-0.00613751045834652,-0.034104840028992,-0.0507605660635509,0.0123098943098045,-0.186839584992162,-0.00223618548468612
0.00923571946580884,0.0366995294794575,-0.006158715591711,-0.079229937880733,0.0198667819296463,-0.0165824230549437,-0.0382365479094093,-0.0735278916471253,0.0195961939096915,-0.148654287755749,0.0169855191142381
-0.00026696748759129,0.0517809670604333,-0.0445320501142967,-0.0939815869246973,0.0319033390233909,-0.0217364894495086,-0.0464516001953386,-0.0955554308408521,0.0332793553190975,-0.0985825374457854,0.0303048845872472
-0.00937114432380549,0.0596670093302199,-0.0599359733043368,-0.0787615449783842,0.0402631440498598,-0.0179575130112607,-0.0575131716278478,-0.122052090060047,0.0563181445408189,-0.0327925801575309,0.0252367995860785
-0.00966871932972737,0.0573508737711469,-0.0704462429529309,-0.0623777195464145,0.0609148791885836,-0.0158225690969667,-0.065085012338948,-0.123466177078593,0.0682925780618843,0.0143657929792403,-0.000366543664577189
-0.00235787069965358,0.0409357214179194,-0.068825916784337,-0.0410765130799902,0.0793900365654664,-0.00730691734357608,-0.0709375949237699,-0.104734737266791,0.06886546449549,0.0404362034513643,-0.0405970344163972
0.00716077159000044,0.0178670959472669,-0.0532934042100016,-0.0123830966069042,0.098488403761269,-0.00114535917820174,-0.0656029725610233,-0.0739127724044827,0.0600156999641683,0.0485474891116291,-0.0895815992054693
0.0252373076450709,0.00140088292317903,-0.0366097735759471,-0.0043964177166665,0.101549113274892,0.00156910977778238,-0.0471805100056785,-0.0480663466102715,0.0417851474172718,0.0416113157508615,-0.125587368207831
0.0379904362878843,-0.00915436622102286,-0.0284753670450731,0.00395509234999864,0.0983536018176721,0.000401704508376436,-0.0109826982292557,-0.0305000102406101,0.0305239329416463,0.0304474045187128,-0.145866542489743
0.0571758834912123,-0.00715769279267748,-0.0206006955776176,0.00586226815080507,0.0798633922675313,0.00278115544424569,0.0361937789886621,-0.0138923209405292,0.0213447103164587,0.0187447788739395,-0.141519566547048
0.0634258489885289,-0.00412816952146705,-0.0213331834487513,0.00975649041353659,0.0602000812455372,0.00670205496975746,0.0809973671510747,-0.0107298240303431,0.0220673663563255,0.0112421332245578,-0.130515001817096
0.0619162464035752,0.00850515665626248,-0.0373351316129466,-0.00175071006921999,0.0286515669722025,0.00774635603774714,0.128536686245004,-0.0187866545291379,0.0254770051911008,-0.00143253232666253,-0.0990590626669328
0.0493231254643215,0.0173831782306719,-0.046340825786868,-0.0167881840050166,-0.00408692906440443,0.00778201334978311,0.163281914430966,-0.0240702477110825,0.0351955656613495,-0.00552397449675706,-0.053326330355783
0.0363425863441643,0.0248112441455235,-0.054530479218872,-0.0246352129347439,-0.0290087180903996,0.00642987154308557,0.184152880675128,-0.0308979028652243,0.0425154411207876,-0.0128741496584875,-0.0161220691801369
0.0204398357587903,0.024408395459544,-0.0526028859410268,-0.0337562667136925,-0.0417786812277276,0.000696286904741676,0.184510138917705,-0.0270188463384091,0.0433348441909746,-0.0178116954532836,0.00710056279379125
0.0222227332175366,-0.0695711067836445,0.0972875594191433,-0.0151963479493107,0.0198309641167107,0.00526358862091487,-0.0287907597131639,0.00404274163698184,0.036149419538527,-0.191500540788034,-0.0306744749066662
0.0152988596895414,-0.0470576601974498,0.0834398544479091,-0.0387751019013197,0.0252807827812477,-0.00947039366884185,-0.0332800272225524,-0.0181731583109786,0.0422802974993344,-0.181084924177233,-0.0152628075423966
0.00460589309152599,-0.0222171848750009,0.0611969950968484,-0.0599744993441791,0.0322340624455811,-0.017757941103982,-0.0409319159369939,-0.0462257890431383,0.0508916794656183,-0.151563887655275,0.00507495463129355
0.00301255718147797,0.00289669312636967,0.0405455775926607,-0.0697869830184672,0.0404968106600684,-0.0245595693339918,-0.043616116143147,-0.0747272868185015,0.0628468228930259,-0.103877139273956,0.0296641025421102
-0.00234785402111866,0.031159460286923,0.0126634893390674,-0.0705152789067465,0.0462078413421272,-0.0189544031628166,-0.0525182843105923,-0.104019192485623,0.0757313503088348,-0.0512682714647621,0.0396681974980258
-0.00433171119844055,0.0459895815673692,-0.00213645208802997,-0.0572473327421707,0.0544023033967838,-0.0139010354705137,-0.0574911475038135,-0.120552741035712,0.0881409336827903,0.00316281832887313,0.042539984599923
-0.00354079384510781,0.0520909920804826,-0.0105798124015644,-0.0444792470989308,0.0716356403406328,-0.0126124920478636,-0.0625023030538642,-0.12434942894506,0.0922129864512097,0.0418685722125424,0.0199571596486472
0.00210308102443781,0.0493995801820746,-0.00624195989354651,-0.0231583904044889,0.0869074449251722,-0.00755262767488724,-0.0642572759676249,-0.109027605691288,0.08122097409038,0.0652369394137782,-0.0136371810957511
0.0176419682252927,0.0330855874512608,0.00495416091788767,0.00302505686980876,0.100169643283292,0.00261305444013508,-0.0487750456966653,-0.0730861296220764,0.0627017250174141,0.0693766384142846,-0.0525889294736401
0.0349136734991019,0.0181605375923629,0.0158070303328718,0.0159872763713846,0.113494057121438,-0.00116389950833807,-0.0276965396153006,-0.0414345052626526,0.0361946368153088,0.0549687551876342,-0.0932995399878769
0.0499899016841249,0.00730363616614132,0.0286897835228963,0.0211492743924585,0.113278359366407,0.000280742275574158,0.00714214451606269,-0.013311722714009,0.0239056139131822,0.0373316236197775,-0.110630163075995
0.0613284530924087,0.00633807808601613,0.0299889602469195,0.0250619247900813,0.103383013562234,0.00309595432680979,0.0529828123399265,0.00735617151067012,0.0131576460031655,0.0153391736618914,-0.112544739561996
0.060434107390503,0.00781545681016594,0.0163564781561933,0.0172630182987467,0.0878984644377211,0.00350425235508612,0.102140088080717,0.0194354059172166,0.0134735986992831,-0.00186615582405323,-0.0966591821237602
0.0560033406268894,0.0175729875397818,-0.00175848439709412,0.00161167751989093,0.0618564276304676,-0.00271881281383465,0.150769734741588,0.0170377724092779,0.0198830216499995,-0.0112555433049701,-0.063692491570813
0.0402298107332763,0.0237924084265273,-0.0295360032027764,-0.0185336583627522,0.0301773281643256,-0.00316767087256437,0.182135916443278,0.0130063366658861,0.0241790217822901,-0.0159269207441787,-0.0240926076418139
0.022923308848588,0.0314976187493302,-0.0340891119282368,-0.0288616896015598,0.000171378835704642,-0.000304931128550794,0.198367861465277,0.0108345744789849,0.0336470196685742,-0.0215028021209939,0.0139577114181662
0.000429194160974507,0.0307182546185278,-0.0383171919441726,-0.0329201055532545,-0.0148754259283597,-0.00104056148793296,0.191872325543109,0.00565791216023951,0.0393165138565199,-0.0221183038760978,0.0347310870685784
0.0125728266887692,-0.103715169766815,0.112287231727283,-0.00907110500655951,0.0331472564645702,-0.00172410738660329,-0.0242815658469143,0.0188107678664351,0.062105934007939,-0.145939922667404,-0.00971142845848165
0.00645254231199559,-0.0845865623660208,0.114020845368825,-0.023491937368537,0.0397109544807069,-0.00972413897637352,-0.029492010695865,0.00472478544813477,0.0764987880242067,-0.128816912429957,0.0159393943600415
0.00382244956629575,-0.0589095033777903,0.0920372199336287,-0.0389916904110192,0.0469047513909619,-0.0139793752542768,-0.0363953512062801,-0.0229472461537871,0.0834257732236728,-0.08905548742724,0.0363144883643269
0.00459822073967728,-0.0231226267894083,0.0753862386465201,-0.0390964472778674,0.043020142424714,-0.00847427105569105,-0.038667229884341,-0.0545924309425197,0.0913498954508445,-0.0403502643827995,0.0683419791202445
0.00546617780693272,0.0126362407218724,0.0632224398972349,-0.0448804046609065,0.0496800904527256,-0.00924654522117736,-0.0436634402176177,-0.0736598096647607,0.0947973012581427,0.000909788837318759,0.0865047401235356
0.00928724603494726,0.0339896745509883,0.0524123034291254,-0.0344852455542735,0.0511336902948699,0.00242967250440947,-0.0502735122268793,-0.0893837849023745,0.0932842787403336,0.0436462405732583,0.0842418217495958
0.0192516720034959,0.051635737340322,0.0483551365688041,-0.0221552718261371,0.0575587619692653,0.00698485807934637,-0.0495840761183183,-0.0954316776315303,0.0801116844097729,0.0758911043168263,0.0615220114330585
0.0260636372150326,0.0584614587458408,0.0547855432947754,0.00205611338503375,0.0773602950922986,0.0088111553968567,-0.0450814212628037,-0.084284491571436,0.0659059875875176,0.0911037835371808,0.027948919772294
0.0315759289067606,0.0477912782560725,0.0639831293474497,0.0226608602660478,0.0926832796706625,0.0123257707083632,-0.0329447181645321,-0.0525432001993872,0.0443788534763357,0.0868727795846421,-0.0103634339236738
0.0437968200397227,0.0348444356929542,0.0752964021816767,0.0312341308843114,0.112327223624218,0.00621849148262844,-0.0127896209169632,-0.0214409953671772,0.0257805781348281,0.0639507542741972,-0.0506479389926917
0.0440160251509447,0.0247505969389256,0.0729264922176976,0.0313251651844932,0.114123125713436,0.00383678860398732,0.0151583209721113,0.00900379148544957,0.00579395490480208,0.0381554846805698,-0.0754780818833275
0.045756578406598,0.0226288470210166,0.0637107972203802,0.0276938690001327,0.10837310290822,0.000543896532464532,0.0595278202217117,0.0323718048038818,-0.00409683772392317,0.0135500588461859,-0.0730143040288126
0.0380989314407785,0.0230909917813793,0.0455814401980735,0.016807943861812,0.0977399568128294,-0.00403889370258498,0.105824211849474,0.0447394478528686,-0.00151629824357715,-0.00898703510454747,-0.0594886933989115
0.0287928967144637,0.0299272873283534,0.0271742034534576,0.000157485202148461,0.0761026178177887,-0.00675197371346371,0.14606161157124,0.0531482186841674,0.00366797167665012,-0.0205969999886621,-0.0304323576160071
0.00639897711838631,0.036158591941313,0.00275193189191509,-0.016331698075682,0.0462811113398408,-0.00488249204891258,0.173380052036414,0.047362240433327,0.0217735492497266,-0.0212508920725699,0.0119519085912441
-0.00598398124673969,0.0382732188031844,-0.0131887232250301,-0.0256024632614226,0.0206077570169237,-0.00226551307976946,0.187628023319985,0.0391442174593443,0.0256393670262024,-0.0264018655924139,0.0349200509620201
-0.0312182277034476,0.0370285371749612,-0.018483872583593,-0.0327313145151805,0.00339856263124223,-0.00158708359162639,0.179174140915045,0.0318095151097508,0.0346115680054603,-0.0212227874923713,0.0517614788043897
0.00714599118356741,-0.141725430913282,0.105135228120924,0.00310172731302824,0.0383298219717065,-0.00330108937859947,-0.0182607481711889,0.0333454000575992,0.0638685060378404,-0.103157488479669,0.00247609801115091
0.00711370919369873,-0.123076020539386,0.113094078097973,-0.00758976485094952,0.044644471822462,-0.00645388729826243,-0.0182917870837384,0.0255663053946083,0.081320623428441,-0.0752673029713633,0.0337508457117684
0.0127461264021479,-0.0915398353263971,0.100508686790163,-0.0189014566344798,0.0441012610679152,-0.00200040011436389,-0.0241632528628061,0.00589773203648634,0.0814078330778401,-0.0386563803676233,0.0656047043571733
0.0142629133939417,-0.0572168523297144,0.0793058084373658,-0.0294343338992843,0.041454658068079,0.00162321228968495,-0.024552116440533,-0.0211780091944107,0.0836034840515645,0.00761817786201673,0.0969943169267575
0.0170888609319475,-0.0152601071313972,0.0681652829311367,-0.032354865216321,0.0390031201572165,0.0061902322954135,-0.026598160440016,-0.0492263802188996,0.0834450308422505,0.0465188502452354,0.120787216368559
0.0238414364421421,0.0216597453274322,0.0676618301477277,-0.0242523923335278,0.0284600827285616,0.0254039486977246,-0.0294694480360513,-0.0616303061601241,0.071643559119824,0.082017835620942,0.126449959315327
0.0338242557805562,0.0496939826822022,0.0719175868259074,-0.0079024846466972,0.0337209236596175,0.0338702373017598,-0.0305848555083473,-0.0656456924208886,0.0486373301168147,0.102959907060784,0.107773393975419
0.0395712292772795,0.0627562181525216,0.0824542657402567,0.0118290632897424,0.0492725812644837,0.0362519196017917,-0.0291084104099511,-0.0554833390288194,0.0250168009019742,0.103424689105233,0.0653281781347363
0.0436005814018743,0.0590678309385683,0.0944218455218111,0.0254360538615163,0.0696150686416681,0.0275326377800553,-0.0234969823312039,-0.0318365918648424,0.00206056055674933,0.0900271031675809,0.0212080841162036
0.044200678884235,0.0440493403906032,0.0967562347640171,0.0328418741428786,0.0872032750004178,0.0208080650718266,-0.00690767941933885,-0.00262730538295537,-0.0156430298466187,0.0638527430480724,-0.0230716899214782
0.0314941681360488,0.0407376128130329,0.0930152738177049,0.0311076194341352,0.0946284583872897,0.0115865721670887,0.0162659258008009,0.0200529847609807,-0.0265612303635934,0.0407059387804291,-0.0449204293951693
0.0250577237378635,0.0359923971518596,0.083566619683116,0.0232646545614889,0.102092236271517,0.0027021488919365,0.0521164271920506,0.045607293050632,-0.0305405127112442,0.00989562402291523,-0.0466355419465627
0.0107334383206489,0.0344757070974205,0.0755445935901961,0.0173123782753566,0.0943271194179384,-0.000157514165059963,0.0882585727401988,0.0607520020599699,-0.0198358820591307,-0.00841465443656992,-0.0328348001499274
-0.00876829563386053,0.0397074421418408,0.0505617239131647,0.00226382249512982,0.0750591721011221,-0.00228081056979396,0.127260284606466,0.0672552536420818,-0.00616707087643956,-0.0196645902645736,-0.00210977807415421
-0.0325454810974661,0.0395205084311667,0.030393167806068,-0.0105685927913138,0.0514069460335841,-0.00285288143668647,0.153565517779036,0.0701710221279946,0.0145708833788875,-0.0192742340667509,0.033333268872956
-0.0508688554892283,0.0373515575291344,0.00796179984465941,-0.0233092216644082,0.0325195013527529,-0.00217303378260163,0.161992842918752,0.060732646457932,0.0255083355855639,-0.0212292699637318,0.054758550679482
-0.0730654263480621,0.0355865733111102,-0.00655744900474573,-0.0285526426582541,0.0133055354908991,0.00483185546619321,0.15307327033815,0.0456930831415433,0.040991747522507,-0.00973562635101245,0.0698010578419799
0.00271727510153546,-0.168401214722553,0.0795779703773461,0.013863265132345,0.0335123883562352,0.00661252269188971,-0.00689645128681329,0.0347398296781963,0.0579067422030349,-0.0590671459005896,0.0134744885705006
0.00902583848072537,-0.162965639651289,0.0815180256610441,0.00456159144322142,0.0350993953398703,0.00579807955055059,-0.00539456846932372,0.0367317089824196,0.0690223856624178,-0.0345123990431786,0.0430465457950896
0.0134231816738334,-0.12763654246309,0.0733748081516865,-0.0122113422894917,0.0359765078462024,0.00454169321683561,-0.0057209491661024,0.0184966442964527,0.0674695679603049,0.00466936973470908,0.0838617661384434
0.0232687383904814,-0.0852584231336206,0.0655518508269896,-0.0234321734764191,0.0307436789668321,0.00681032636042374,-0.00523646462933048,-0.00871715371666808,0.0612396294195297,0.0439332876105155,0.118021575478764
0.0362994365948523,-0.0345275795687741,0.063139264158089,-0.024516234542455,0.0225340090671785,0.0193271323509134,-0.00649810657966841,-0.0308577519655921,0.0465022667263015,0.0774841173934582,0.143191227595374
0.043926903475055,0.00488150355370604,0.0636933205770332,-0.0195588898875773,0.0119405493966093,0.0346460030191502,-0.0117235406019208,-0.0487133059342438,0.0259228634315159,0.0976531313168607,0.135823415008873
0.0478552718705665,0.0392743881698676,0.0724124862802958,-0.0052930050710047,0.00976080949456242,0.0454520892760113,-0.0151430757158117,-0.0539256730992421,-0.0004857656330842,0.110980825117257,0.118305502354411
0.0587911106106665,0.0592553723969467,0.0854850212155446,0.00442318403717262,0.0220944950502146,0.0440159200728594,-0.0146433211368853,-0.0455610621850544,-0.0310681636546573,0.102216805992424,0.0791822047736633
0.0582187638881174,0.0637152135126137,0.101701348211173,0.0148786280673161,0.0391138915101997,0.0381882823000726,-0.0128577832430296,-0.0223180740422346,-0.0546437640342725,0.0786056354019605,0.0343151972468989
0.0450026695251363,0.0592028552503674,0.101628698435439,0.0151191107102283,0.0561838818079716,0.0253941232066507,-0.00370129098634425,-0.00228145343000525,-0.0712375140572781,0.0478849623009017,-0.00895876477041944
0.0234053258194962,0.0461408063083811,0.100934466894692,0.0220646045778389,0.0736277144569646,0.0153259573144688,0.0124157433983819,0.0203413362176143,-0.0718633709785889,0.024709400829984,-0.0377411449541119
0.00159735822153564,0.0418011252370894,0.0886674222079405,0.0121261968705862,0.0820242007624626,0.00490412160407197,0.0393339232855337,0.0454268485810572,-0.0663741403712263,0.00360290218719776,-0.029217698537086
-0.0260374428951355,0.0399393834584228,0.0735014199077133,0.00450684096611962,0.0766535346603814,-0.00253371560510524,0.0729406982368713,0.0581969228633236,-0.0428711024059759,-0.0103706743931536,-0.01034838021898
-0.0540244597838513,0.0409780492193922,0.0618199588491226,0.00361449384288206,0.0643708427586367,-0.000195196669028116,0.0995748448952192,0.068540318944269,-0.014333973413449,-0.00835889289466454,0.0189339338811712
-0.0850550036176492,0.0374237898668025,0.0345221790748658,-0.0102361959635521,0.049561101236815,0.00126919499036925,0.116678047902465,0.0702785833527516,0.0125301299977909,-0.00712115323469285,0.0437704336659114
-0.106866154359783,0.0368796499277594,0.0216913443670911,-0.013409982112737,0.0297871691799297,0.00788882639227787,0.118143030957997,0.0603345283751066,0.0339269265309221,-0.00602551557504452,0.0583802373505056
-0.12269127326347,0.0301449531617734,0.00180239240979009,-0.0212824774478042,0.0127453172364917,0.0101150340471028,0.11162423570591,0.043224528175337,0.0433602475834883,0.0029619725779458,0.0642864515545479
-0.00802687657830314,-0.190101338580479,0.0367280939171835,0.0131738833822212,0.0185110663561326,0.016433399203158,-0.00369734752175165,0.0245958737046591,0.043774230625179,-0.0315384195624494,0.0101032904934494
0.00317825357189961,-0.181622676703358,0.033791884070244,0.00740546663654698,0.0251001704616007,0.0129276420396666,0.00237999249742473,0.0200138500289893,0.0493061691211933,-0.00193421672358566,0.0371028664886626
0.0133137439516854,-0.154389845552897,0.0237198044931328,-0.00606093074468675,0.0233805740003843,0.00988122481931478,0.00418935753384523,0.00189948752872705,0.0381464146519552,0.0321919602171125,0.0715231082538497
0.0288331709360268,-0.111112984992206,0.0223278935810841,-0.0143403209189849,0.0159013666347864,0.0169879246473219,0.0105220712544788,-0.0169801105111916,0.0242086789703904,0.0620591876143622,0.106348691878058
0.0449700033298842,-0.0653598354757034,0.0306731637412122,-0.0215725553949347,0.0090824865664024,0.0225450438405428,0.0116718990096753,-0.0283402564836956,0.000850042929166965,0.0844780620701979,0.127838326921255
0.0597854985974814,-0.0204715243871721,0.0403566988602731,-0.0180320232921486,-0.00646142365692464,0.0387899549608812,0.0100322444032845,-0.0422312517941242,-0.0230089993683191,0.0960217847742864,0.125463359027697
0.0614237252827868,0.01631147721955,0.0550104927871514,-0.0137938977091487,-0.0112023810747067,0.0492431269218941,0.00243656111456731,-0.0477868901008786,-0.0490177012884701,0.0978847087802663,0.106312773484608
0.0665386449562206,0.0473478452117091,0.0718049594042507,-0.00631528993705037,-0.00712685368596335,0.0536726174769139,-0.00482544981530113,-0.0447054282253579,-0.0880334393060398,0.0803076649617681,0.0665344426342253
0.059093454320479,0.0530430371832537,0.0838287216868787,0.002714422060414,0.00997775610834259,0.043882245500027,-0.00264067512805208,-0.0277281335221289,-0.108231913057519,0.0499401207934596,0.0208607090670864
0.0367395959165352,0.0519106087795638,0.0936326769213739,0.0046909705840277,0.0260042366229151,0.0307111634415401,-0.00688726986116265,-0.0146628197241126,-0.119803307021223,0.0235308761119169,-0.021527201172051
0.00292473083145114,0.0459191798752847,0.0898116010781519,0.00555141819834645,0.0427172636931029,0.0157534723136728,0.00232295640573329,-8.19346272533698e-05,-0.115264362318797,0.00140577861134501,-0.0422679502125237
-0.0323151578314447,0.0451199785164473,0.0856602733392128,0.00323982622226239,0.0540649347035634,0.00962619189622119,0.019182670573948,0.0261661497445339,-0.0906794581338461,-0.00543045542444694,-0.0286707203392514
-0.0713978939216394,0.0434167419255444,0.0694549320909592,-0.00038989085152413,0.048449643129804,0.00676928973285435,0.0429729076001329,0.0396620269472674,-0.0644639602302451,-0.0164183288677321,-0.0125134464791795
-0.105468147129459,0.0355394287791136,0.0529976543539609,-0.00158380909454789,0.0435344816051768,0.00667050428773625,0.0594613366498794,0.0502896130768631,-0.0246986076168929,-0.00373617023406438,0.0155313372876469
-0.139334459813254,0.0320537416627583,0.0352778404003661,-0.00536220201899194,0.0323956032022539,0.00926278021254901,0.0697017307254686,0.0493714954443145,0.0113581804693758,0.00188813280605045,0.0357234186012546
-0.162329447440437,0.0301646111870078,0.0175160629038247,-0.0108381385274617,0.0194608567905116,0.0131455170934072,0.0694048942519496,0.04072180160275,0.0331893969805375,0.00954031991677132,0.0526872980634563
-0.167886483226999,0.0199852718555044,-0.00249442087741239,-0.00929668519279893,0.00824571722577852,0.0200003739819516,0.0746931172250505,0.0308417024650116,0.0475292069853042,0.018948020991916,0.0595629311192035
-0.0212327971671282,-0.211192707111832,-0.00815779542951042,0.00866527873538163,0.00732887971850271,0.0169007011866017,-0.00215681992444671,0.00841336646697874,0.0183621633582715,-0.0223722531008402,-0.0121335097363444
-0.0107189477549621,-0.206847582492441,-0.0185835753996312,0.00109138170281825,0.011321195620481,0.0104646479272383,0.00862045537818407,0.00351565572310937,0.0153953606911253,-0.00280184051949365,0.0119172540661297
0.00860155767867987,-0.17675400755766,-0.0274705515315089,-0.0109427827563419,0.00974357141744345,0.0108056056609031,0.0148819711743577,-0.0129335282305449,4.0106157488576e-05,0.0299449481425419,0.044129059512828
0.0294964888968636,-0.134084058705659,-0.0255198400299112,-0.0189799688396571,0.00209796994456371,0.0123672647756755,0.0274595545085007,-0.0266157812224691,-0.0210919878392216,0.0576777356882871,0.0803194533772127
0.04603051128148,-0.0852458020149749,-0.016968495726734,-0.0266566202496957,-0.0112674778872673,0.0236110561549298,0.0267911323530057,-0.0437990435995471,-0.0466022246829258,0.0751898797175224,0.0971360095654129
0.0627083767647549,-0.0442499179152062,0.000271462214610038,-0.0258150522317418,-0.0230415710101557,0.0360750488702626,0.0244863704246891,-0.0477886868849363,-0.0796563003870302,0.0772381388741715,0.0952693304755784
0.0691242757320566,-0.000757400339008197,0.0154354409345995,-0.0248081213868256,-0.0270968527048633,0.0414193507488171,0.0176411250922202,-0.0546156846093471,-0.113012264067546,0.073768741770828,0.0791533002160735
0.0681873410932593,0.0241701472984764,0.0423926368183063,-0.0185144387301669,-0.0274371074173433,0.0472056387036365,0.00535715275116481,-0.0485903403105387,-0.143418036808973,0.0491657180060371,0.0392301784734916
0.0460569760320937,0.038133617808906,0.0606108837625522,-0.0162343863072904,-0.0181479447397901,0.0382304496935022,-0.00427769905360354,-0.0426023790972355,-0.153028304812533,0.0256206068164719,0.000845935642317501
0.0156296982384063,0.0381714177533696,0.0720585297679146,-0.0105452110409688,-0.00136136646214036,0.0291774655443368,-0.011658660659761,-0.0269488167226369,-0.155707789809548,0.00149905182060793,-0.0341097390703835
-0.0217870083673323,0.0372195358849084,0.0711912566909876,-0.00756770270565031,0.0153967000722407,0.0184748932855141,-0.0103411273775861,-0.0110264731620298,-0.147605822087447,-0.00945680410387292,-0.0530624266819965
-0.071886203186067,0.0367356434220623,0.0650256377081726,-0.00362222019875283,0.024605618649372,0.0158471993102671,-0.00566263496011134,-0.000140069527469208,-0.112697394608549,-0.0110779208990987,-0.0458541327056673
-0.118056095768291,0.0322413096877663,0.053109141360757,-0.00263602076058749,0.0248901053398271,0.0109546961090676,0.00652935477638567,0.0081757706193788,-0.0740346125619361,-0.0105418753610699,-0.0261149947687964
-0.158622698208159,0.0279252741408603,0.034956193547435,-0.00350332036123324,0.0233130041614984,0.0121295022884532,0.0132390373463344,0.0180708763668043,-0.03051690805826,0.00610812561205354,-0.00175992090564221
-0.18929180059192,0.0241469132275595,0.0215021058714972,-0.00550535329787718,0.0181165011565907,0.0149288737832398,0.0214082530203836,0.0231872989901449,0.00767039233190317,0.0137667064866215,0.022584913298206
-0.210071625978958,0.0128567841361514,0.00532608626744126,-0.00154437061143712,0.0130344655886368,0.017813281596016,0.0257407087640512,0.0175266844154887,0.0353536360986291,0.0238738456119395,0.0309638297904696
-0.209733704152137,0.00297788682416656,-0.0134209515916634,-0.00647253006670578,0.00392675809967749,0.0212256738366139,0.0316176559429635,0.00796968361739063,0.0465487233507905,0.0265153652611329,0.035877093121769
-0.0345733186574564,-0.223712940809792,-0.0496306003888772,0.00585125054280711,-0.00446614489800322,0.0137870123725272,0.00215281428112014,-0.00771551073011106,-0.0062640435857146,-0.0226855540143193,-0.0266963906311569
-0.0176631105427369,-0.224923587133105,-0.0651490891223969,-0.00502178647725255,0.000759377592508142,0.00191535016146051,0.014206874136663,-0.0135298909523479,-0.0192905863158767,-0.00708025346804111,-0.00996214678515886
0.00380054267343753,-0.192897575411117,-0.0671056272733813,-0.015481757924448,-0.00114380616889707,0.0023800814381421,0.0250457809785825,-0.0253209767293027,-0.040025581084905,0.0202784687768207,0.0188743278930339
0.0243332991926185,-0.147804315505921,-0.062669229858365,-0.0227726016273397,-0.0115972826679573,0.00819897146345816,0.034093747920379,-0.0417453204521839,-0.0620037978915335,0.0442946629482703,0.046699371040463
0.0411688889895898,-0.106555766458559,-0.0576544382862245,-0.0307278343211769,-0.0214812843778846,0.0145289987927714,0.0358512122608204,-0.0569126460005999,-0.085667861112222,0.058621206267041,0.0603418866087685
0.0526188391332893,-0.0657851972837187,-0.03835491006502,-0.039089202918626,-0.0335728377912648,0.0245446270213119,0.032165549803091,-0.0601000005404833,-0.116915522820228,0.0572425410990788,0.0629276533940939
0.0577443875357909,-0.0292481518570626,-0.0125926942475473,-0.0355520519636248,-0.037741631992621,0.0350379681442862,0.0212648599266326,-0.05826761783309,-0.145578472928786,0.0498148143721137,0.0439542044251632
0.0477652295228013,-0.0048462670593964,0.0102641803720827,-0.031649608008417,-0.0385151438878547,0.0354367408253622,0.0072251576959753,-0.0598650937196677,-0.168216628176222,0.032244529659095,0.0118706207063805
0.0273611029833924,0.015499606809899,0.0306223349023974,-0.0312837287389364,-0.0337700752523271,0.0272464104097888,-0.00715374215301008,-0.0575614767416884,-0.182065741889501,0.00493952096299789,-0.0206449192229818
-0.010657516854216,0.0176035472624792,0.0474317354527343,-0.0217418688054209,-0.019397033990986,0.0250078804965791,-0.0243244378588663,-0.0387786827773776,-0.177489018321094,-0.0142829890010555,-0.0550594532072266
-0.053281504099941,0.017758103939916,0.0482564263112143,-0.0173558809359766,-0.0102141207998527,0.0200409460938897,-0.0285940926639574,-0.0297682197240795,-0.160492596573599,-0.0230670921037004,-0.0729750207907292
-0.0978938457849455,0.0153019728110809,0.0427352682557786,-0.00939591910129614,0.00278018436076997,0.0145642755651553,-0.025736231628691,-0.021724968274013,-0.123883788892019,-0.0150709325961775,-0.0668289964752484
-0.144749141835942,0.0151151709206635,0.0291816191254507,-0.00604590461271155,0.00558821171912568,0.0125772602402032,-0.0191571377286668,-0.0160172547745319,-0.0868328120346079,-0.0117821059879975,-0.0464762970275508
-0.189740450744702,0.0100900149682133,0.0184941962810768,0.00170625641746507,0.0027803514252776,0.0189463088948685,-0.0215142891961306,-0.0126424038304478,-0.0425930703919029,0.00364403247343946,-0.0312079823591271
-0.222676481842127,0.0037569845457516,0.00761540240464399,-0.000821009412553293,0.00339399913666237,0.021445663065638,-0.019993763833021,-0.00363845556153356,-0.00323123696673072,0.0150771139962939,-0.0112349718980115
-0.234919649278324,-0.00189841223207273,-0.0118766210382495,-0.0005212914816221,0.00041687993611152,0.0206961611408326,-0.00670711382194466,-0.00903917283519107,0.0215719861821629,0.0231127838463479,0.00455208219624051
-0.235893470903614,-0.00713277269893892,-0.0197497429382201,-0.00174554294417889,-0.00327611743293221,0.0182780517426941,0.00147960574674345,-0.0131991974580405,0.036515406547153,0.0255366264337179,0.00990496722080789
-0.0321127039478754,-0.210165047213445,-0.0647992110494676,0.00448683799799993,-0.0158559693790188,0.0136269541142046,0.013010744771456,-0.0218333549527781,-0.0290900867584301,-0.0143477809845408,-0.0290036196283818
-0.0147311859490108,-0.214437104472367,-0.082004362625811,0.000277119153814565,-0.0104670565671157,0.00629428313792334,0.0223774515657638,-0.0287080247610615,-0.0452327008211904,-0.000214129800718705,-0.0252443670355558
-0.00672336836518696,-0.191692259195098,-0.0891747220320042,-0.0119500521811308,-0.0148033546430492,0.00482528238016263,0.0230750809860482,-0.0406127967795735,-0.0665856131066908,0.01781388214266,-0.00781667984438769
0.00999591321912702,-0.156698712353876,-0.0854866655993191,-0.0248788640611215,-0.0206123335466411,0.0045602222349992,0.0296915497513015,-0.0553191628549921,-0.0873941103932718,0.0319850921616901,0.01415256451037
0.0246947294255179,-0.120696822372879,-0.0786107704563848,-0.0352346487913438,-0.0261940679321062,0.00273785143169205,0.0358582674748077,-0.0637403134442017,-0.111996172762058,0.0372255368031445,0.0260311545475916
0.0327263561658979,-0.0832952418130948,-0.0583888134846242,-0.0406268011296198,-0.0353180797705156,0.0133021135500397,0.0286914022795878,-0.0663445513610048,-0.134425648527388,0.0362443541910538,0.0274639223314879
0.0332419994886589,-0.0489178232062423,-0.0365532412572616,-0.0393025191780038,-0.0438771908881744,0.0231024525545468,0.0184112196318639,-0.0683116404560531,-0.161689593214988,0.027529451229516,0.0168768827546245
0.0199891449301807,-0.0267503932768235,-0.0138577174928268,-0.0430455834342765,-0.0452258692003474,0.024660622589966,-0.00268018820450775,-0.0643153680813259,-0.17879870936274,0.0133522556579472,-0.0111495416045355
-0.00101535063055931,-0.0125071196564268,0.00701900946052527,-0.0394093790074946,-0.0395391938918442,0.021382826635961,-0.0165974260164534,-0.0593412498292726,-0.189440023294474,-0.00662924214345448,-0.0397109425437649
-0.0361543457390905,-0.00976179474353961,0.0339772226325349,-0.029315837007359,-0.0333653902833896,0.0216103244904905,-0.041014208765155,-0.0460781573237646,-0.181610217566595,-0.0158971503673599,-0.0733503386558803
-0.0773135830848783,-0.00705491239005209,0.0320899174576223,-0.0221674765702255,-0.0275346497635519,0.0206348899789796,-0.0482247589213804,-0.0413769962691666,-0.166379995859791,-0.0222595748543558,-0.0845966854490365
-0.118080732069068,-0.00468617284312258,0.0231140586176472,-0.0168015974391664,-0.0181087800823744,0.0188404295335648,-0.0469183624581765,-0.0365921320833832,-0.130574889246196,-0.0193173734835189,-0.0786627615440431
-0.162295308994236,-0.00409676336168527,0.00733660017682768,-0.010707432502897,-0.0143664230092536,0.0165627942790302,-0.0402303359724355,-0.037214668915772,-0.0895625231540813,-0.00497711825570954,-0.0591821224501136
-0.204318665865847,-0.0112988160265302,-0.00677908752891598,-0.000155411412319786,-0.00666912842413779,0.0188937554227243,-0.0451182895169898,-0.0333615316978557,-0.0468516388951083,0.0112547609819479,-0.0463278491822033
-0.238887305776651,-0.0188269741529952,-0.0154299590302048,-0.00194129653510647,-0.0095467847411232,0.0178498143258466,-0.0516018766705709,-0.0361985801485319,-0.0136535202589308,0.0257396293225273,-0.0368635699108512
-0.247342068307782,-0.0294699049801106,-0.0275123112757106,-0.00471039853851768,-0.00770074120544742,0.0132911655244759,-0.0381972076639478,-0.0346428868797968,0.00767873453915305,0.0277687323934321,-0.0288552958693682
-0.233765507640697,-0.0268374024139384,-0.0382049673118066,-0.00731127375300868,-0.00693919127178653,0.0120254724261785,-0.0100883813691327,-0.0285136043539988,0.0263276823240343,0.0251965183648904,-0.00995235185117883
