-0.00650956719776736,-0.0285695876320452,0.0287584276829527,-0.0672923053806761,0.0285130599993481,0.0217492269784225,0.00779185429518925,0.506156738035438,0.0567633262143716,-0.0346760743709201,-0.0411737067557816,-0.0097158089836137
0.110771369046549,-0.0186693447886176,0.024882808970995,-0.00974517181410369,-0.0247120084256003,0.0237574136234429,-0.0204008151970179,0.420761874994235,0.0289464134454723,-0.0154844564438609,-0.0690753743480124,-0.0260986829039066
0.299662400927109,0.0064759611809276,0.0215632222050889,0.0246972115603711,-0.0681081199075378,0.00971679008646783,-0.0573850501106995,0.282177293489542,-0.0156019810896199,-0.00612583566956969,-0.0669485125578235,-0.0343016183443909
0.437199198720197,0.0103510651302907,-0.000751828093512812,0.0270694742959073,-0.0546436529678582,-0.0090777191038424,-0.0435906665983438,0.105965059506092,-0.0302121971475892,-0.00148635489342211,-0.0432059623824551,-0.0304530254337815
0.441958996934189,-0.00277217407249925,-0.0347267405160653,-0.015674118560758,0.0455116986555193,-0.0265513218354046,0.0194116379659373,-0.0310755988905625,-0.0165712206752772,0.00212371114717424,0.0101927537620591,-0.0182943401672493
0.34886245437863,-0.021436392544965,-0.0511134857318135,-0.0668767564132387,0.185523095014219,-0.0403291231090363,0.0721193479333592,-0.0778424642918705,0.00437868132544185,-0.00230169650728742,0.044816969273097,3.16820502232681e-05
0.222365117980721,-0.0348275923370828,-0.0101715010215608,-0.0853611680385167,0.339612093858802,-0.0331762293834862,0.0796241188914735,-0.0659805831967809,0.0103245842162049,0.00933128552624522,0.0423444586999876,0.0199053945057199
0.0790924970423937,-0.0354220662995878,0.0324933148500092,-0.0440777658025622,0.457405565921333,-0.0184284836672211,0.0534670350245258,-0.0209924746247737,-0.0153174059029586,0.0373263611534458,0.0173963487554096,0.0247134692383935
-0.0515637255769109,-0.0270270916048164,0.0449112215006728,0.025658315444721,0.48521615910147,0.00648944712679503,0.00699064417253283,0.0358185607214195,-0.0309374768686684,0.0589614035604543,-0.0217693180751527,0.013598200612385
-0.138530846851277,-0.0235477194903544,-0.0488926075114872,0.0177136339551319,0.00956722843699335,-0.0232063219002965,0.0652107201938593,0.387625669436378,0.0228182655902991,0.0398543023374024,0.077622783824589,-0.00202185493459167
-0.0603544139832812,-0.0305340083701921,-0.0572745579810185,0.102262821404098,-0.0490210189573395,-0.0195217576121174,0.040651234383753,0.297442153413735,-0.0084302072926809,0.0890828869422752,0.0301632813037994,-0.0119211142724392
0.0655324797836828,-0.0359719611209972,-0.0858553127420934,0.172425076915495,-0.104865062780732,-0.00785162384985501,0.0216231950546843,0.145299074795075,-0.0181384445037204,0.108524120436416,-0.0233896905070528,-0.0290895915786387
0.190248281330794,-0.0396853454073798,-0.133476995206299,0.179131865132399,-0.124607500327125,-0.0128414640866161,0.0341320020276779,-0.0169632269075591,0.00259285323619045,0.0944286168296129,-0.0478831762172656,-0.044583525982099
0.179343982467089,-0.0569231040038719,-0.199865200173444,0.115748124026929,-0.0819306883432611,-0.0141573799267374,0.0682910240176828,-0.107749258334907,0.0748263583219099,0.0490059591059776,-0.0448256836163813,-0.0510442815904304
0.105732918733374,-0.0533336830093808,-0.222600193670559,0.0360819838443418,0.0208178140205376,-0.0239497192582391,0.0693499708504024,-0.117737704316504,0.128251508632206,0.000511948087924007,-0.0289482012644919,-0.0517431426272993
-0.00688560105621638,-0.0379612624661684,-0.196895318238273,0.0144498833630646,0.155160850349716,-0.016357935632764,0.0350373721131407,-0.0844830679223947,0.136438333060292,-0.0225020161316077,-0.0343391442201148,-0.0599489590526893
-0.110885661276494,-0.0202321007140639,-0.135095735702934,0.0509074782811517,0.271225029814814,-0.00225518148029624,-0.0338064991001537,-0.0362104081682955,0.0867451843675714,-0.00552425515401716,-0.0421361765850108,-0.0533410483618492
-0.167723656109716,0.00337524064660744,-0.065461188697021,0.114500135640171,0.316514992131927,0.022275770357244,-0.119368883947349,0.014321135923099,0.022192417600218,0.0238922199094185,-0.0617305275429749,-0.0520671186709622
-0.163738500251502,-0.00196440998446863,-0.0648607190829919,0.0546649502225461,0.0133542330173702,-0.0641541646546138,0.0897017431785785,0.194252326917135,-0.0136850278661379,0.0776951930094875,0.245958208266066,0.0152735931951821
-0.121208812649669,-0.030167056641533,-0.0385533217157417,0.161987054349517,-0.0224281366197169,-0.0446470945660223,0.0800992983473098,0.0993700483177412,-0.0477457272209407,0.163524667052812,0.18134540543534,0.00940677980584633
-0.049929268478133,-0.0608672560393493,-0.0318211812633983,0.226698423378824,-0.0743632326290026,-0.0172700100535241,0.0624454596300318,-0.00920465654405514,-0.0318628131969841,0.217775064593622,0.0883649813903268,0.00703746200025017
0.00909190644007372,-0.0948974193313892,-0.0769824918298885,0.191584702760522,-0.122540792198429,0.0118057519909571,0.0612389858830657,-0.0864159166311787,0.0608250482157712,0.182667459935713,-0.00998421509488295,-0.00648902205389435
0.00549078786866845,-0.106215355628122,-0.15027579472949,0.0860513247721703,-0.128432148383549,0.0136625360569767,0.0610908694633837,-0.115397171013515,0.173790400043553,0.106946623759183,-0.0502781712868208,-0.0204768427125831
-0.0439725436657587,-0.0887655595965918,-0.204138028259431,-0.0141293725893545,-0.0866078785519276,-0.000290408027006998,0.0243924041690977,-0.0919281951197927,0.242112244404163,0.0261046470909102,-0.0542732538494997,-0.0393136462906894
-0.0963332425317917,-0.033633406506971,-0.185728925256127,-0.0355517934491891,-0.0022079199394605,-0.00686208126420024,-0.0885388687745687,-0.0467113599894618,0.226956093170653,-0.0277506958737657,-0.0437704024347883,-0.0595126245100682
-0.129065696731176,0.0207241333747875,-0.132649234055977,0.0308831378126122,0.0799615096444837,-0.00190779128858739,-0.21394668913617,-0.0125235522532354,0.132585978063355,-0.0337375061468107,-0.0452273025230952,-0.0755456439491529
-0.143411025254438,0.0492208504456208,-0.0679333836519001,0.109464373928243,0.132614973877508,0.0225145053724189,-0.306009267123524,0.0132797733676049,0.0326491444728985,-0.00806401055523032,-0.0531945553511153,-0.0719328340655466
-0.0680809626614369,0.0397318330443391,-0.0264423435959176,0.0163090831207334,0.00896978670911425,-0.0693748576336037,0.0483208861191181,0.00602272481279278,-0.0138429090165441,-0.0349159003720093,0.426206158444242,-0.0127317301532258
-0.0453610635594186,0.00523010169967802,0.0640987475284005,0.112979296301592,-0.00347699098999787,-0.0336761122770046,0.0299144190002694,-0.0545333240803511,-0.036394552839805,0.0750973600608467,0.33014065516465,-0.0134003050865688
-0.0231426008231634,-0.0549435480327017,0.138721633011918,0.165389917952229,-0.0287156122757435,0.0142766936877982,0.0204910833564032,-0.0951125193395834,-0.00593976056230824,0.170288968350987,0.164474129944539,-0.00266318977898932
-0.011197752683021,-0.112766966992993,0.145758718964687,0.0995378065659461,-0.0597385536910331,0.0394071236434483,0.0261440485343361,-0.103662788667514,0.0849273038487633,0.193943006915333,0.0245060491689461,0.0182809472627124
-0.0281283350382165,-0.133248952267189,0.0689088527074373,-0.0464951015522081,-0.0941150941306134,0.0238710929263965,0.0241327802227893,-0.0730812127515931,0.201006795830593,0.142347589043259,-0.0359290596755025,0.0248891755396489
-0.0414410503176756,-0.102538832424479,-0.0111191758046777,-0.158606358452336,-0.0983819368628323,-0.0108398168599759,-0.0410749408133632,-0.0396444481395579,0.244201202821601,0.0583270723167235,-0.0302748657579891,0.00967533801850462
-0.0384345668844806,-0.0383196332103319,-0.0533822961531693,-0.174489494788096,-0.0897611477684252,-0.0385680635647601,-0.185848940446902,-0.00830664162779133,0.196770231729137,-0.00764819354103573,-0.00935173706263364,-0.00901619028893585
-0.0296994552653138,0.0271977265911529,-0.0399444766795,-0.0801114614263322,-0.0561555394765868,-0.0482783210085534,-0.341421627395312,0.00466383654215751,0.0583818661991409,-0.0181144880298875,-0.00322535475616081,-0.0307249686599566
-0.0366433425108212,0.0507469159625855,-0.011796096951206,0.0510302928092724,0.0033583648480367,-0.0113171793619095,-0.406849211311167,-0.0033903305408772,-0.0667184569299438,0.000865578399144363,-0.0157289269158591,-0.0450354273348011
0.0226093896854299,0.024536516552882,0.0284177826238896,-0.0310560096625684,-0.0134993783500824,-0.027641779448906,-0.00541563700129659,-0.0427154562112817,0.0183247005859588,-0.222124800043312,0.394326808666807,-0.0420944964138822
0.0389974034439397,-0.00423213978623649,0.155501305350344,0.0627602937467127,-0.017204957288685,0.0166538880097104,-0.0334503241060138,-0.0790450303031278,0.00863132269826914,-0.125711768232945,0.265589196070302,-0.06938056015021
0.0280707136112062,-0.0575105942951832,0.286705572388888,0.100141039889253,-0.000159609534510394,0.0472120322055462,-0.0266104135173238,-0.0820251840127454,0.0205089436313815,0.00384939453521826,0.095305139206741,-0.0599780953458941
-8.58886859918875e-05,-0.111233007916288,0.311109334978625,0.0239748547794624,-0.00317442659473957,0.0416208072229965,0.0131928148517371,-0.0583253292209412,0.0822456704110676,0.0864366353661167,-0.0327300138529399,-0.0255285159206618
-0.0164287126813254,-0.117112283507385,0.243460308623987,-0.145398986301013,-0.026527376354371,-0.0250677155070899,0.0281325662106383,-0.0233361711855733,0.136973464821496,0.10036026485317,-0.0477563918130196,0.00957134920672565
-0.0246144088912784,-0.0973879263428027,0.13687943114127,-0.269385953811462,-0.0456224085078648,-0.0883529346714459,-0.009711414429969,0.00420681249914057,0.132324477219407,0.063546942619617,-0.0169903939257258,0.0190860066976876
0.00108501420275435,-0.0623679508087303,0.0321285463485676,-0.259247846928717,-0.0811623787846665,-0.122777820141034,-0.124111862503993,0.00408764135657572,0.0306910456423277,0.0275355002200927,0.0158712222257707,0.0187750060883083
0.0328208792464606,-0.0259570776794386,-0.000246030962795728,-0.140686345786337,-0.0806119142116496,-0.109333806502027,-0.264634532225448,-0.0224393388949062,-0.122488241173629,0.0239853496541714,0.0264618551672514,0.0074380225321655
0.0371191285889808,-0.0196782471185837,0.016173817762263,0.00942873264200437,-0.0495088808286187,-0.0372262537986399,-0.351838871856285,-0.0383783284416837,-0.23067228989963,0.0314894404095323,-0.000201774979379725,-0.00562125055048629
0.028985787301451,-0.0520719906510549,-0.0199508900539226,-0.0133166634520379,-0.0561848204074527,0.00222769581876396,0.00610786722579886,-0.0259174367598397,0.0353328732242025,-0.384631870650156,0.195327772209731,-0.0292293186899357
0.0377181826157069,-0.0403914260131506,0.115830566914967,0.0786050663977335,-0.0403387943964411,0.0236278173695436,-0.021179063860199,-0.0484675174095996,0.0247815169577658,-0.30101152479667,0.078741136990907,-0.0850969849475556
0.00563726091842493,-0.0484494165563815,0.250893414471057,0.124686055407209,-0.00690753860367371,0.0301839422564902,-0.00779918055075466,-0.0337922746909977,0.0180273657729517,-0.154607506105199,-0.0792583302888977,-0.103448391023775
-0.0332519466108519,-0.0461956945442118,0.284254235786095,0.0657410111917069,0.0159945270284479,-0.0199032275678338,0.0396419284031043,-0.0197058589840851,0.0238983948636159,-0.0312912285741685,-0.144900530294445,-0.0974022025571118
-0.0594238877286178,-0.0467208237562798,0.219547156832767,-0.105818397326359,0.0179786871011206,-0.116340684926156,0.104870529500812,0.00458805981865547,0.0220621155982878,0.0303972495431003,-0.120477015810616,-0.0702603964464222
-0.0585428115741095,-0.0479878888455857,0.0956386856285639,-0.226615217112843,-0.00379091451499726,-0.173832765286884,0.110533121088807,0.00548833442837918,-0.0197973458391485,0.030280629939665,-0.0526120926973722,-0.047489894870557
-0.034483158195933,-0.0642894155236854,-0.018100163632361,-0.233531772122638,-0.0394749952434259,-0.185655427179894,0.0515908110678583,-0.0190965074023465,-0.138188132140495,0.0377799041298182,-0.000891951987394852,-0.0175199285737297
-0.00107096381095838,-0.0876632814599522,-0.0594332155189487,-0.126891753195496,-0.057853779658758,-0.116929048007515,-0.0632905549247347,-0.0550425339474201,-0.273905917244262,0.0498689659224753,0.00568215010870387,-0.00220248052073208
0.015199204535243,-0.109173303641698,-0.0315201460904418,0.00462768530266223,-0.0434580125589648,0.00210945866196548,-0.163668756294462,-0.0717552263471853,-0.342620657510996,0.0568323032136542,-0.0227036426504735,0.00759054626786117
-0.0349532701824794,-0.119318743926615,-0.0937693980386674,0.0262090452262563,-0.0634154364060835,-0.00297943115289816,0.0572629575111187,0.00654910958891974,0.0115975751271547,-0.381646198908685,0.00759743219212052,0.0969908579864444
-0.0408572212450101,-0.0789725466325385,-0.0102250751618027,0.134759172805008,-0.0537750172150421,-0.0122623019726002,0.0431946146316629,-0.0119497407195591,-0.00952372492056322,-0.320283533575255,-0.115458673726101,0.0223104844431767
-0.0610601184191849,-0.00166396399115518,0.0835393915250141,0.204304403825125,-0.0303291317660644,-0.0479108303460699,0.0408012395004201,-0.0154158127865186,-0.0414802904253759,-0.185529048349415,-0.217888104767825,-0.0442184798750868
-0.0654594119589527,0.0813495293188622,0.124840464313392,0.141032222032611,-0.00791779695538662,-0.103945720206138,0.0715927892364156,-0.0160587963051633,-0.0430057805632784,-0.0688320782961424,-0.210167893837664,-0.0958913555655073
-0.0784102630272934,0.114708331085268,0.0769969470175467,-0.0160405108508999,0.00379706761207243,-0.160321765933409,0.140129096613079,-0.00764881290717117,-0.0455016732318155,-0.00474892836366155,-0.13125285919398,-0.119588140922349
-0.0822802144906295,0.0934819118352608,-0.0421333742700341,-0.126977835902325,-0.0119018858901854,-0.174900405807147,0.185728423509646,-0.0218748290102098,-0.087631533796108,-0.00139578298408417,-0.0545857158618277,-0.122096120068845
-0.0737518687236985,0.0117148457336617,-0.122402094264305,-0.163271651401047,-0.0313256913448054,-0.112097475850932,0.173570995080133,-0.0356060056002126,-0.172068742838858,0.00246377949106994,-0.0136557445313197,-0.0959197787730303
-0.0604369004227017,-0.0895422120183103,-0.120248752742241,-0.0908763423764346,-0.0297019660178508,0.0102278509502778,0.100377635024464,-0.0605333516113962,-0.276667200582702,0.0307528158406935,-0.0242443154196494,-0.046320621044567
-0.042967251700836,-0.140783503851666,-0.0700756144577316,0.0126447656470908,-0.0201893414468407,0.141324835851821,-0.00373092725551006,-0.0675524368028985,-0.321958107123536,0.0458619532276343,-0.0563005779950579,-0.0138471824883503
-0.0605993612422289,-0.118479977137328,-0.0858964838131969,-0.00478803499970677,-0.0248090710110071,-0.0118948362658476,0.0878165002129451,0.011356613751898,-0.00403240135544411,-0.198095321407616,-0.050154303365882,0.325906453134934
-0.0514423646358079,-0.0324900882641663,-0.0270318728743129,0.0857201110885476,-0.0257037433283606,-0.0320768502399854,0.0489730788786766,-0.0121120336034537,-0.0244884734581868,-0.141724394320811,-0.11875274418348,0.259767762546317
-0.0386401695649007,0.114353945646567,0.0237923294843723,0.153509325309724,-0.0257530768338206,-0.0747476560426959,0.0183447491336323,-0.0299088524142083,-0.0481297380878091,-0.0527312766817339,-0.154414845632116,0.152503030471779
-0.00912912221807742,0.25287736638317,0.0373022000471117,0.126211307586402,-0.0331304691362614,-0.112377244380033,0.0199192353211721,-0.0468130701398671,-0.0442379722698247,0.00225206014590502,-0.122821432748798,0.027503550322403
-0.0295242042173796,0.302562374596193,-0.0114652628751079,0.0291587657351791,-0.0367407837617144,-0.0888663745261536,0.0656429772673958,-0.0376635450828023,-0.0148889898817877,0.00547790321949369,-0.0598949093855657,-0.0862499447768229
-0.0470047163176072,0.250336489836317,-0.0758556317802151,-0.0668573670186818,-0.0399298602724834,-0.0246703222340413,0.121454406317968,-0.0354338236189309,-0.0242228895468405,-0.0141504579177332,-0.0108544472630234,-0.133947772842632
-0.0508951567539226,0.125750044393732,-0.106567502989631,-0.122278827894582,-0.0432668418939251,0.0961819586526264,0.138947182320165,-0.0291761640803592,-0.0617453395877885,-0.0246116022316499,-0.000197694608091152,-0.12012391900937
-0.0594623919719728,-0.0179080385808455,-0.0669978799575256,-0.0906237272835854,-0.0213282080895822,0.245346855225181,0.101870000735213,-0.0275387292869761,-0.126092549407217,0.00200137485052138,-0.0302632171361593,-0.0645203233266685
-0.0507969147050579,-0.106030528449495,-0.0135867041594516,-0.032497096103366,-0.00511975369140831,0.354615503193487,0.031784390354618,-0.0290534021027346,-0.173376657911066,0.0311130586271429,-0.061611007746784,-0.00249593876911375
-0.0260342614496039,-0.0452411347788676,-0.0211126955116504,-0.0839385031676537,0.012830513018185,0.0152346204879743,0.0512544130850461,-0.00474919574687662,0.0136824047536408,-0.0121298004682864,0.014502960288089,0.498202015596432
-0.00966944117564041,0.0604574033966603,0.0253986586745801,-0.0264700977215155,0.0131789916569888,-0.00463728931548292,0.00756805840434785,-0.0233212719460534,8.63328342226109e-05,0.0505209243578141,-0.000260194033436033,0.457323687856885
0.0210115543478339,0.205737537380443,0.0617984770861465,0.0266282218329061,0.000712170925871228,-0.0163621995452932,-0.039947879668731,-0.0399568248565189,-0.00341996486402994,0.0871109487701047,-0.0115392272408855,0.336377734782905
0.0419021983713148,0.33811051164875,0.0519530481788347,0.0269553982695142,-0.0260356794342289,-0.0115424610530112,-0.0541586076081228,-0.0499598275878634,0.0172528519027464,0.0767266265088239,0.0105831528197492,0.164937426908221
0.0348684531231403,0.385462681738253,0.0222782916261913,-0.0277324570951358,-0.042675480335809,0.0377166834263269,-0.0306295465977762,-0.0341504438866682,0.0547643137327585,0.0462775410645997,0.0369380941317947,0.0330982457626027
0.0181746306725895,0.325470333509677,-0.00310897109125969,-0.0964810001374715,-0.0487428859123649,0.151117910877829,0.0132970108896853,-0.0130369668630545,0.0777524850735044,0.00297945540902332,0.0410633830677659,-0.0504093825772117
0.00200998060326026,0.204833476733251,-0.00442446317233292,-0.129600248399153,-0.0416200034132449,0.287297185092921,0.0383429496700303,-0.000656057749004684,0.0621834904880734,-0.0145434135259214,0.0262892843369618,-0.0602278703200697
-0.0187937495589817,0.05221976541921,0.0265632187926649,-0.117314025173467,-0.0193339378362104,0.419469177353765,0.0352634566428421,0.00892765447020726,0.0182021873068364,-0.0086279777416612,-0.0134151297240621,-0.0246225125755849
-0.0292503294024927,-0.0429218566883699,0.0608602247141319,-0.0782163070612275,0.00522087031447538,0.477850214807247,0.00954109883715585,0.010798595686169,-0.0362649726819043,0.0122329293807051,-0.0448932754329096,0.0170041739008016
