0.000206402880139372,-0.0146902268695753,0.025838412005169,0.186775228736332,0.00474862300583535,-0.0711446239563921,0.0284474105940767,-0.0739906626767297,0.0021484504958559
0.000450359923230066,-0.0117770330676617,0.0229482724901717,0.195830869242269,0.00350786124338982,-0.0710050589484445,0.0292918844439424,-0.080741416008865,0.0049183122282354
-0.00280624303410238,-0.0228018751092264,0.0304817301446963,0.196217917085355,0.00439075697535936,-0.073815462937295,0.0324900970740634,-0.0881848653520726,0.00793470902430962
-0.00572691014440008,-0.0416560956782095,0.0306074042856815,0.183188337787782,0.000863619150927154,-0.0667398956550663,0.0328167506493992,-0.0944177936258985,0.0128265698434923
-0.0106760522347011,-0.0524836549164319,0.0274619788653768,0.172295773715285,0.000992001102708239,-0.0626707328217144,0.0260495729743938,-0.0843732138232488,0.00730765455094419
-0.0101995407782012,-0.10501782056286,0.0314345505090441,0.110806840996098,0.00848393974235255,-0.0499139428102141,0.01097440926979,-0.0793324246195801,-0.0124123434955367
-0.00886142028369752,-0.147350443159196,0.0344611858619762,0.0682657988640098,0.00944123053461228,-0.0421446876035636,0.0027447647999251,-0.0742915824826988,-0.021103582525865
-0.0125113497769495,-0.166409394090333,0.0328989694052583,0.0467678299248428,0.00751409309932848,-0.0402665087870013,0.00312833228656828,-0.0672438479072113,-0.0152469792531747
-0.0169102628313257,-0.19181656181754,0.0374186905591986,0.0270267311853865,0.00697495242200449,-0.0427025510114249,0.00338764638783791,-0.0710883157870549,-0.0124375455858451
-0.0165600902830601,-0.189387272708377,0.0264460870095341,-0.00151916827770173,0.00651983913791677,-0.0485886703788743,0.00387093439358786,-0.0538761573963612,-0.00872081783392711
-0.0173237236656991,-0.185054766810123,0.024542751804247,-0.00685885129698064,0.00395123755018931,-0.0552026045010026,0.00295158757116049,-0.0501373666352852,-0.00986059501590267
-0.0142884622102111,-0.170606068129808,0.0193475679179716,-0.0065840174334692,0.00300000150247338,-0.0698277878413722,0.0071528201930914,-0.0562458526638664,-0.0106774893794987
-0.0131962402126617,-0.159890105507683,0.0170591445655784,-0.00804920011474282,2.15767907163489e-06,-0.0846823137838638,0.0125756706433211,-0.0583879219999228,-0.0121143750200057
-0.0107014919364905,-0.103729085335311,0.0102623859745684,0.00805320172982549,0.000717307744227812,-0.114814083552695,0.0165507429607522,-0.0591192252584079,-0.0209432628153192
-0.0075416076796541,-0.0873924497346073,0.0070583240565112,0.0110607719136747,-0.000181657902965265,-0.126933339088524,0.016614943906912,-0.0643243458664504,-0.0286465914761914
-0.0067831825583061,-0.0564786186173342,0.00435143166275788,0.0202351296679385,0.00136627717108614,-0.138222564540807,0.0144770360993098,-0.0571088783303095,-0.0397316306804116
-0.00351140587503597,-0.0458152132318692,0.00379619571940428,0.015211297240552,0.00398694794116038,-0.148429871210918,0.0141709825899848,-0.0573406531202159,-0.0463442220256326
-0.00571400732174627,-0.0388822316437291,0.00275625266769803,0.0151897568675664,0.00366591119438274,-0.153191428565278,0.0126204652092077,-0.0560274989562676,-0.0493893376065565
-0.00443212533697554,-0.0325327361260679,0.0059916469268571,0.0196525480067819,0.00684473825762453,-0.157041043964263,0.0106402634261139,-0.0546532919715742,-0.0538925625773377
-0.00619148675090021,-0.0273066701783787,0.00645781480140107,0.0224520325116176,0.0065563280058284,-0.15921322666617,0.00706103910306217,-0.0535130803583938,-0.0578238723666815
-0.00725889888707654,-0.0289993957451743,0.0067469361464686,0.025502000216218,0.000648286391208777,-0.149608081443044,0.00342364983954514,-0.0528076865466586,-0.0557199887855695
-0.000751919728273966,0.0187144804064958,0.00285761222591678,0.197505193442123,-0.000491864179658043,-0.0309732838376376,0.0162515396540541,-0.0210659916631752,0.0128076547583459
0.00344069749090137,0.0323653772250302,-0.0071016002762985,0.230906621751622,-0.00685075632647021,-0.0146421715535086,0.0188611522276135,-0.00995632791564384,0.0243774026828831
-0.00246789928225642,0.0164599236240542,0.00359166979446289,0.242506754661372,-0.00802429055202435,-0.0115825382144457,0.021819836962885,-0.026279223767935,0.0306867088889418
-0.00525441954359424,-0.0232338282284941,0.0104882075431064,0.18317494782739,-0.00325768580082855,-0.0244595978408996,0.0206748429547413,-0.0420348450831741,0.0146578474595182
-0.0104047855634819,-0.0444442212061645,0.0111783971249911,0.147532774044614,0.00183930422290777,-0.0230861898794627,0.0153513023561202,-0.0339816149136773,0.00726724796940656
-0.0096974313244794,-0.0968368373305677,0.0119315766952497,0.091706238936767,0.00656051501561405,-0.00662827991405364,0.00428959259945484,-0.0201590960825185,-0.00516742924219811
-0.00600297455768623,-0.136387012740094,0.0159116533779273,0.0582365949265699,0.00722527741485425,0.000514513694490071,0.00459316836177776,-0.0271199965484317,-0.00774400306657796
-0.0137540334154616,-0.181901963394881,0.0130205310468808,0.0117452608906701,0.00699441827159348,0.014985231432135,-0.00246586817923209,-0.00269947506082263,0.00223528287118541
-0.0160795492474284,-0.189172293863292,0.012219507696856,-0.00180160838970871,0.00653556654144072,0.011113628318109,-0.0037912962652873,0.00253797030303865,0.00113126067992824
-0.0105458254090719,-0.197103675477049,0.00627368919795603,-0.0243326287042034,0.00508780455098432,0.00211052588143287,0.00418606176026674,0.00062964537125403,0.00994436760895199
-0.0128500037186705,-0.192172715809192,0.00447737508191787,-0.0330923997205197,0.00118986529019964,-0.0104391507232806,0.00619126384743079,0.00146219697005927,0.011961773284696
-0.0116549318134861,-0.180185170950357,-0.000414204043613599,-0.0358665668801445,-0.000380047343892832,-0.0246229525283849,0.0094059781992999,-0.00528773925677515,0.0133112471442155
-0.00420462214313743,-0.137111292122546,-0.00703653811593464,-0.0206360114557027,-0.00234544966438781,-0.0572399882436276,0.0228916010219892,-0.024528119913193,0.00988123915116611
-0.00325106367950937,-0.075287558011713,-0.0160575383905885,-0.0052923007483167,-0.00329120564394736,-0.0880563337924279,0.0225047857031861,-0.0188245367521265,-0.00769182040546569
-0.000372810722173765,-0.053458542565934,-0.0178248016863996,0.00397158686250917,-0.00169415786686255,-0.103352609087574,0.0261025434412249,-0.0256904127064086,-0.0102135536434503
-0.00359149633122545,-0.0301026101831743,-0.0185381344652202,0.00736863564198675,-0.00243116030854896,-0.118400148687807,0.0194051726867813,-0.0230975975992271,-0.0212098401658585
-0.0022592796695261,-0.0198839629151873,-0.0169287828354356,0.00753148219289167,-0.00158421441874741,-0.129500917019813,0.0170805448666213,-0.0258836172663649,-0.0302492624710685
-0.00345612469577183,-0.0131929503426113,-0.0149682983667465,0.00368259115913131,0.00139243775540099,-0.139181969995741,0.0139971964513054,-0.022178542397163,-0.0401303936374364
-0.00851815945968515,-0.00694321533998204,-0.012820668961155,0.00164539600489144,0.00432135879655649,-0.142138734427168,0.00487349259070362,-0.0204992887652425,-0.0531133682044687
-0.00819387007666062,-0.00246930745860075,-0.0135348431276583,0.00780503573612291,0.00181086652272675,-0.139636083981124,-8.62552028505449e-05,-0.0147923770361307,-0.0541784850698683
-0.0077218190700615,-0.00341368951754911,-0.0109904164936775,0.0116058889540028,0.00138037275414787,-0.135758781671249,-0.00439032046332672,-0.0176016766939024,-0.0550808337918931
-0.0057417972016832,0.0431475250030072,-0.0177875712791533,0.201382849416705,-0.00111546712877504,0.00380758113549944,0.0117890003146641,0.0273602128227478,0.0120225642258986
-0.00415364169232847,0.0475787762099615,-0.0228316747984871,0.211255784385861,-0.00125049600189404,0.0120241248085768,0.0108940669294014,0.0291637064767618,0.0138473207818239
-0.00718034756408439,0.03472042874609,-0.018652892651194,0.212039174331784,-0.00206245040251819,0.0182822314848074,0.0104188636857328,0.0286028316045075,0.0169105858456741
-0.0121520836234799,0.0148481231715776,-0.0189471839897239,0.181474909994645,0.00126043255305547,0.0185102467172182,0.00224284365655606,0.036809523047425,0.00789205053178826
-0.0132993733843928,0.00273861588906013,-0.0187563700965507,0.17024328822579,0.00124254969819035,0.0244403586234374,0.00280207439716848,0.0438284437168409,0.0132907474545845
-0.0135370903511117,-0.0655411044372284,-0.0173833177112117,0.0972743577827789,0.00526950183797069,0.0440742434571902,-0.0100404621515693,0.0598279661635333,-0.000626599961544737
-0.0108836296071643,-0.119575365760163,-0.0135128023988606,0.0285556936243929,0.0130288614266073,0.0463662690261512,-0.0106843440063181,0.0528434297540983,-0.004228878395184
-0.0108185089631942,-0.162973927225285,-0.00848642009277254,-0.0129413680600004,0.012416279005328,0.045302455462049,-0.00384933167398556,0.0462354656041521,0.00162103554608878
-0.0150211733307162,-0.168312950835085,-0.00959035692341574,-0.0244736997603021,0.0120656610078222,0.0403421663132452,-0.00266258157442004,0.047363119344315,0.00262720361311516
-0.0111214451161426,-0.174351158910077,-0.0127567273815732,-0.0376580700867756,0.00893166273481018,0.0317772847804735,0.00115954387907474,0.0433450143907857,0.0119211510441659
-0.0132200632721801,-0.172007584463824,-0.0120231668378578,-0.0472983817483234,0.00549569893936398,0.0186105201723598,0.00661710044657099,0.0382531675671126,0.0180629411519038
-0.00761912810672101,-0.139769944446223,-0.0229830918151416,-0.0429103420721629,0.00124290349892571,-0.00113669786038774,0.0170242691313283,0.0391449443086512,0.0232875240209134
-0.00406878599556114,-0.122125833249905,-0.0317510608025804,-0.0450744552131232,-0.00262086803555763,-0.0200559647859167,0.0223516439283165,0.0331782372209492,0.0232189232254382
0.00179376347143054,-0.0399813719602519,-0.0399279394031916,-0.0132638268428395,-0.0017681094241556,-0.0654704655880164,0.0283280696482108,0.0201789925304101,0.0038535972604874
-0.00332056363216041,-0.0218961978983812,-0.0406954675151097,-0.00784473650594865,-0.00373916886368462,-0.0834730013099308,0.0257603446619212,0.0101245577761255,-0.00204856540184639
-0.00558499837130754,-0.00792975183201238,-0.0402234931710667,-0.00526958385393257,-0.00229447964657296,-0.100025596155957,0.0204504241800518,0.00797256861272619,-0.0113806996795768
-0.00518917038324377,0.00330557252916287,-0.0399052267877107,-0.00202369111044294,-0.00196735173850639,-0.11098170676172,0.0156519940948335,0.00680210623404105,-0.0230910155366204
-0.00978791015875768,0.0122848317649434,-0.0363210022459928,-0.00859750296340605,0.00214130335136662,-0.125484605517592,0.008616372736826,0.00531993310189197,-0.0321046762082957
-0.0129798241135654,0.0174157553439062,-0.0320333600862649,-0.0126053633358309,0.0039687258589148,-0.13037461969302,0.00206533210305681,0.0098953037765972,-0.0452290354540454
-0.0123926621559285,0.0166318332341249,-0.0304729974275972,-0.0111068481693751,0.00431586075500897,-0.126427188054585,-0.00142477370377151,0.00888521473511977,-0.0513395131660397
-0.0102009721326026,0.0191593300474972,-0.0301803393313895,-0.00522917462808194,0.00589622106605045,-0.121138349595029,-0.00652159161568738,0.00610996670566741,-0.0504569340806248
-0.0059014941243217,0.0452674486358536,-0.0248765727332025,0.184784442826565,0.00502949628643727,0.0278135952478483,0.00497542073220027,0.0475121824425858,-0.00611048414579121
-0.00893720080267961,0.0483648354511047,-0.0251614392167255,0.189295993466745,0.00429025045518524,0.0307894779376776,0.0066395682477832,0.0488313387358766,-0.0020152507709953
-0.0114745793577579,0.0435327573221891,-0.0292932280639196,0.187880245565875,0.00177846330014071,0.037308993148522,0.00533585794020227,0.0543419607858119,-0.00103354525441855
-0.00932525241525716,0.0135857768259036,-0.0318298256677073,0.14055153208767,0.01171141687253,0.0493475773326349,-0.00430373012453372,0.0709703845127827,-0.0164694494779979
-0.0103956324105761,0.00076473454899556,-0.0307984865358579,0.124844001292825,0.0135538532953394,0.0493204499078474,-0.00542796112988061,0.0774549355324568,-0.011654517576194
-0.0132023788727542,-0.0508049943431053,-0.0281952324163606,0.0600389409039813,0.0137860723223625,0.0543670835708554,-0.00490755306994031,0.078455791231438,-0.0147871379950337
-0.0110394438219412,-0.0970735465912017,-0.0258804283381566,0.00552502526410605,0.0166293346672971,0.0594807024104184,-0.00283452602249419,0.0773166140624919,-0.00789225365569766
-0.00767801762343151,-0.121384067028327,-0.0264551636250315,-0.0169759408684245,0.0189024097803729,0.0647896613319607,0.00253334678196495,0.0852806587478776,0.00563637621463319
-0.0111848973924297,-0.135357634590909,-0.0241071404564152,-0.0341956801893227,0.0215186617008152,0.0566406899323783,0.00532919172461785,0.0822193176736885,0.00927178123042627
-0.010062265084737,-0.127485890293275,-0.0329083606246438,-0.042407002195968,0.0136095839440561,0.0499327604785072,0.0133357190758148,0.0820278908027365,0.0217939976821448
-0.010046636210842,-0.120990055699257,-0.0389892926051844,-0.0491048460543209,0.00897031825888931,0.0333587006999916,0.0171963507617926,0.0739189024038098,0.0281011800432251
-0.00475448369187727,-0.0984230223064436,-0.0454550713383553,-0.0447462518247233,0.00103704467488058,0.0181521331662683,0.0273781974116945,0.0745023385029708,0.0401721702906377
-0.00412109905238489,-0.0789147289172638,-0.0516521699428133,-0.0454717126514738,-0.000760198072383905,-0.00334445012299239,0.0292571585915002,0.0617347306894009,0.0368204386155057
-0.00194480797042657,-0.0219426631206186,-0.0564761210781997,-0.0215799454982938,0.00276995141072613,-0.0450873879072254,0.0314326804059315,0.0362471687726499,0.0211218551737981
-0.00210414820387127,0.00121350664930211,-0.0582404162867447,-0.014014629854056,-0.000333640787937554,-0.0681550089360481,0.0309068222511883,0.0299477767535716,0.014724987943477
-0.00857295628621471,0.0183079556945071,-0.0595047554250044,-0.0131055275421433,-0.00225912789913154,-0.0864168584399994,0.0253894569318024,0.0312495651801125,0.00353548673397402
-0.00845458768211163,0.0291917477522027,-0.0595791476915527,-0.00798567984677826,-0.000758710262317677,-0.096937368492443,0.0179106280874066,0.0285175805056075,-0.00841592491488851
-0.0146564872228452,0.0339576113154373,-0.0544486825754522,-0.0204574079634194,0.000982908493701211,-0.109870722313721,0.00889951450697336,0.0340829291922631,-0.0258339437851031
-0.015715334079881,0.0405144354395599,-0.050436430444493,-0.0236830547055225,0.00385599754073182,-0.118945987577633,-0.000909056213311861,0.0335924330578252,-0.0437234427657872
-0.0176982179271471,0.0364158919940909,-0.047757802234271,-0.0219461193947746,-0.000825177749367771,-0.115091705284837,-0.00540843979742632,0.0289832139846014,-0.0468074280313546
-0.0144536973005341,0.028478753619654,-0.0469187565958535,-0.0214317190396837,-0.00393754794645723,-0.10533697760321,-0.015031627587513,0.029105492960888,-0.0528111152957088
-0.00684202237448057,0.0317969999818796,-0.0320154086837075,0.11864309445507,0.0166809633938512,0.0429657601736958,-0.00845983930613111,0.0653615887470223,-0.0478256917719579
-0.0117866666179532,0.0342826558932547,-0.0331471879653695,0.117543890011069,0.0208843546832283,0.049040213784391,-0.0097910988707081,0.0744502854083013,-0.0507871808465069
-0.0181354118460714,0.0278316609896143,-0.0319569997058876,0.118559752417207,0.0207866621530433,0.0593286672032114,-0.0130003083097219,0.0831781626024352,-0.0459360218373765
-0.0122888700506107,0.0159986520130721,-0.0339084912703734,0.10304503141846,0.0219606227478307,0.0635072684462124,-0.0135715464669639,0.0901975475538072,-0.0473264283492467
-0.00961846971064015,0.000111706111076589,-0.030514224878926,0.0761382101262003,0.028357840925084,0.0606476995508411,-0.00493383102201285,0.0881618546366656,-0.0401352660407093
-0.00915754812361701,-0.0310495684765155,-0.0338739875885974,0.0486536264943512,0.0235684392307366,0.0757250431739715,0.00137217048508217,0.102662065366547,-0.0217610910133724
-0.00116251024082867,-0.0561989626861145,-0.036380495110169,0.00348609304145163,0.0231350887679264,0.065303867906271,0.0148386353671615,0.0877266710673906,-0.0149225821543094
-0.00664420920252345,-0.0938647527163471,-0.0367880222568975,-0.0289655656213571,0.0234756112339872,0.0737250655762281,0.0166013692802869,0.0941874990613747,0.0045328006095788
-0.00597322434956554,-0.0987143278932618,-0.0378198021299274,-0.0407295368100142,0.0238381557517244,0.0643939525901269,0.0238864953930629,0.0895642917008654,0.0168626071878162
-0.00912335438358464,-0.0941289884332359,-0.0430100631684175,-0.0432099808351216,0.0185265917314216,0.0535864135024724,0.0265427543230003,0.0847267786746277,0.0343640753829471
-0.00790806210544986,-0.0843870017135991,-0.0490926971067202,-0.0445020197370927,0.0142936593464712,0.0393047106873402,0.0349908383454069,0.077818093554761,0.0475952617677607
-0.00283025317746088,-0.0530477579368831,-0.0579234571634952,-0.0362874542354913,0.00664841492907104,0.0155032204002637,0.0437428864106051,0.0672589481403211,0.0540181096795423
-0.00558461578519606,-0.0345190354159424,-0.0631239289725022,-0.0328872296822163,0.00492833746849948,-0.00346464958254462,0.0389656071556088,0.0610438942977986,0.0522985673659069
-0.00509419058332658,0.00706054747224228,-0.065453697750944,-0.018034639827577,0.00772207842871562,-0.0375143146194179,0.0384244200500168,0.0390594593800234,0.0396797075556538
-0.00833774512471119,0.018742596794766,-0.0680366659732399,-0.0169789715164785,0.00232100988140745,-0.054593992558869,0.029583037877176,0.0382293968732185,0.0316362125154204
-0.0120206595370567,0.0363422664739905,-0.0690544967160925,-0.0185053812276616,0.00103907691591476,-0.075605601392428,0.027123275347365,0.0430480117888284,0.0217431283656345
-0.0141933688653735,0.0432350704287299,-0.0698476476594395,-0.021375797491911,1.99595833600954e-05,-0.0860157173643758,0.0140074785603805,0.0421325420235642,0.00432821314635346
-0.0191256238029083,0.0551727277101406,-0.0686741463399671,-0.0236429300328304,-0.000798541811236212,-0.0978920229283762,0.003346200153237,0.0462085368464705,-0.0163939237218028
-0.0182801556057177,0.0556582691189323,-0.0655478009435357,-0.026131611040299,-0.00128436539653341,-0.103202761856256,-0.00836463374377136,0.043157972993955,-0.0357622699110166
-0.0203889139002709,0.0446092580169167,-0.0610461604224125,-0.03563829561133,-0.00440452923343825,-0.0997602404757588,-0.0172424506949498,0.0413984308263049,-0.0484020416325781
-0.0163317575550763,0.0348704711165716,-0.0566138501542468,-0.0336395918127843,-0.00599383114961039,-0.0914616854939944,-0.0248680329576481,0.0362823703447177,-0.0553344981789679
-0.00877267433216354,0.0322996313254627,-0.035351927249315,0.0948739574720926,0.0171841978308715,0.0553183709232858,-0.0129817469968488,0.0719087487083418,-0.0673141344948848
-0.0154206413418072,0.0307063281793149,-0.031717934543951,0.0929716043951157,0.0234017631431069,0.0650055137064362,-0.0151144797868278,0.0790068458561416,-0.0730388454117577
-0.0162171505086794,0.0260468762527255,-0.0299325198349218,0.0880908889577025,0.0296136190722679,0.0700827892720568,-0.0143860271718807,0.0817277379654575,-0.07215165259969
-0.0149412858525711,0.0198273885845374,-0.0297029115629524,0.0746946104579799,0.035963464613974,0.0755211260723909,-0.0121213391351232,0.0888736613765125,-0.0716780755862399
-0.00394626837073934,-0.00186059316707034,-0.0288951261932589,0.0351890117709318,0.0434503800513978,0.0660777063515602,-0.00128245684491932,0.0756616635440659,-0.0657937173171764
0.00339597346062441,-0.0122639231482197,-0.0386438411266732,0.0136207555245476,0.0395799316019403,0.0762394189944309,0.0162861669769716,0.0895754787721163,-0.0460535001853799
0.00416511240177745,-0.0288921412177851,-0.0375049420237044,-0.0137599625070651,0.0433557207698617,0.0684989179091713,0.0269507797645669,0.0795063510650996,-0.0302048621339594
0.00744293340619721,-0.0455894532455869,-0.0411697822461401,-0.0324982044816751,0.0382597290142053,0.0678351717973199,0.04285550545185,0.0828162021982255,-0.00164194020321481
0.00301015751239473,-0.0518896070769415,-0.04613778845871,-0.0399436750660986,0.0312235622645028,0.061346287776001,0.0492538489589252,0.080820227719,0.0212837728184127
-0.00345596416346266,-0.0400097633445423,-0.0500598220563514,-0.0349968885443214,0.0277609853533277,0.0393031599941303,0.0514863742851526,0.0644864414802472,0.0409557009845258
-0.00525814969795871,-0.0276602542107082,-0.0543076113867353,-0.033450458194385,0.0222908576524713,0.0218217002500303,0.0560134599309611,0.0551764275159669,0.0543404046789914
-0.00595612503316833,-0.00857429379562602,-0.0637731417581195,-0.0239651054247027,0.0141957811133327,0.00742998219597357,0.0560868606752271,0.0482784951831375,0.0666144829146252
-0.00742788588416377,0.0124883723951912,-0.0694995770675161,-0.0146661868566516,0.0111023371939833,-0.00957969694706728,0.050309331083745,0.0415419205518938,0.0638037554367416
-0.011818793757351,0.0218239529308321,-0.0702867413737303,-0.0184891689062372,0.0106072645009705,-0.0247340360946153,0.038578617872185,0.0407212822473707,0.0557365038032776
-0.0166885576677927,0.0359652336417753,-0.070725457361491,-0.0156861603499634,0.00856501253705081,-0.0441376055241612,0.0281698144726962,0.0423887063747814,0.0496437457743582
-0.018199447821635,0.051048412926555,-0.0748615397319964,-0.0206456155899989,0.003752716381616,-0.0632006406991126,0.0213519548963437,0.0431289205014405,0.0334090062943358
-0.0213943870543896,0.0547400968533694,-0.076734954136991,-0.0245452621079167,-0.00239609495943483,-0.0717543643149122,0.0045221826184039,0.0433443854357475,0.0113752673656869
-0.0253913380509945,0.0579778391649787,-0.0746727295016055,-0.0262321588180578,-0.0026618128964458,-0.0800752776350579,-0.00815931099087621,0.0476701867192248,-0.00585702363469363
-0.025578813029742,0.0566272786799923,-0.0732885660688571,-0.0314947624077301,-0.00586251613471982,-0.0854317575033467,-0.023956171376625,0.0500680189683196,-0.0242489299579293
-0.0226302879011988,0.0487121293193879,-0.0681748939071817,-0.0388250662037777,-0.00545329658025743,-0.084993682595064,-0.0276561800504896,0.0379851800323158,-0.0408912941469782
-0.0149915025202703,0.0371223811561907,-0.0625840112663199,-0.042147175702357,-0.00517403256356541,-0.0779538568768705,-0.0330889122204611,0.0339883119462683,-0.054690149459465
-0.00744722623066929,0.011652391996053,-0.020166937907954,0.0363555710096831,0.029264125053655,0.0481273186883733,-0.0136342703191762,0.0430193156306016,-0.102255263674926
-0.0096558420933992,0.0122079512277821,-0.0210063679357818,0.0333881242807165,0.0312405639120515,0.0546653554764725,-0.0128830012619533,0.0448783004512183,-0.106883600887954
-0.00720944140561593,0.00418927986478233,-0.0190248158520337,0.0188268787295305,0.0394582450418469,0.059557392084973,-0.00929761232487818,0.0451697192570584,-0.104557648410601
-0.00602189010063466,0.00545796146674007,-0.023035493743413,0.0112759853852286,0.0427822603006913,0.0614558289552575,-0.00223029681578723,0.0487400566317066,-0.10083568478572
-0.00332690444122535,0.00204933020906203,-0.0233322980501741,0.00359059495367416,0.0504584013624228,0.0614155503250187,0.0103131179559429,0.0464920478224997,-0.0851346994945482
0.0060219403971441,0.000729091076666882,-0.0276576282141622,-0.00608660632402003,0.0534134270219638,0.0625285182279111,0.0316368609145312,0.0519468674846474,-0.0615366279262791
0.00335735088678839,-0.00255527803513028,-0.0302320351721304,-0.0177580154683843,0.0582360875094996,0.0603891651664901,0.0444244894261992,0.0471388456844993,-0.0388486504255967
0.00644195262419051,-0.00864848879985818,-0.034618717443786,-0.0256323289914141,0.0502314043411358,0.0506308022860726,0.0623010089784397,0.0448321126620812,-0.00415899236278323
0.00440532925716494,-0.0132243709812572,-0.0401225778149899,-0.0291201682226728,0.0415662683400031,0.0442775439924601,0.0716707066090268,0.0434390635096063,0.0279398022980657
-0.0029521377968026,-0.00541572450889415,-0.0430808215352817,-0.027264861784836,0.0377086682565373,0.0283160550743555,0.0752886839406347,0.0344409353310386,0.0509839037273046
-0.00863671038683964,0.00633862093974458,-0.0507120652976367,-0.0239183661084016,0.0285368486020468,0.0143408354681063,0.0722170217374689,0.0367528093272302,0.067277959411372
-0.00908119594361681,0.0179005313584837,-0.0610046655414716,-0.0141879646333429,0.0224721876312849,0.00708684010547394,0.0687627703831001,0.0319917095999869,0.0814604083180442
-0.0138673621927506,0.0258901845208081,-0.0664004172346881,-0.0162298511438845,0.0208137430806195,-0.00408189971815543,0.0518212781227744,0.0306483223084174,0.0782657667331981
-0.0154566891103385,0.0338661623070728,-0.0698907587618433,-0.0152061862895193,0.0173121261963077,-0.0164202025997737,0.0402913361331025,0.0318353675275719,0.0723025120906719
-0.0178052160172175,0.0443341992955228,-0.0736095792219568,-0.015525042584179,0.0124238315320634,-0.0316844962812797,0.0247791939293097,0.0326612025184725,0.0596792741960167
-0.024316588509935,0.0525777560327167,-0.0769446086448704,-0.0236164030205971,0.00934334061055854,-0.0443691196472998,0.00526912903241443,0.0379162930262028,0.0370825258899961
-0.0265080600834676,0.0571241947544654,-0.0794255627467142,-0.0288807218249726,0.00344186388567142,-0.0547502134269884,-0.010625812339929,0.0440973102226394,0.0144049208489549
-0.0260100680510609,0.0577189614250267,-0.0784701074526067,-0.0330837397029385,-0.00336764396407642,-0.064649981676991,-0.0209705471676599,0.0452849694617718,-0.00719141279150297
-0.0286779223242572,0.0553829927024161,-0.0795257685121151,-0.0326300109751757,-0.00726966369084754,-0.0659983899733354,-0.0342356674128177,0.0409555000064633,-0.0219443651194987
-0.0223384513950076,0.0446066107573969,-0.0740520971147342,-0.0355348395426897,-0.010630228125598,-0.0657295770825301,-0.0360049392133549,0.0346296681688016,-0.036741424061722
-0.0104743949816329,0.0353175409931815,-0.0699148900881853,-0.042353836730274,-0.00712454125862674,-0.0632148302642553,-0.037315217736365,0.0244690310371454,-0.0471682743921364
-0.0105574915203139,0.0149802053986851,-0.00967240726507445,0.0155084861616418,0.0302026447842543,0.0443937602836322,-0.0187519409766978,0.0294077123978349,-0.130866729747101
-0.00873852632135499,0.00828401689024531,-0.011255916724546,0.00294963328709531,0.0319321695165789,0.0518629680052891,-0.0164796252774072,0.0300117684627985,-0.136752822039638
-0.00301936362551146,0.00678344316900654,-0.0132854612992399,-0.00399339334610458,0.0412575743490624,0.0559287194117621,-0.00508985896659497,0.0221951834951778,-0.13199167395776
0.000235537019329521,0.00802488208360046,-0.0174637561267514,-0.00768671049568626,0.0441806052601435,0.0548353307607151,0.0107798270329097,0.015150164700525,-0.114764101549073
0.00121155758333919,0.009233004315398,-0.0139169922206579,-0.01181405842633,0.0549712888187342,0.0514291881165999,0.0258578905618919,0.0102248287606175,-0.0960729284647114
0.0061079889921158,0.00271876989443727,-0.0148684870226531,-0.0187648923836435,0.0588187900843096,0.0520344666729211,0.0396414476355715,0.010021424885911,-0.0702552215199909
0.00545302025593607,0.0037988405994507,-0.0160995317972501,-0.0183727013921681,0.0647387809300635,0.0488720704175956,0.0556810951882464,0.00822739757394691,-0.037072111980367
0.00582677004028984,0.00188893824902411,-0.0188371011348302,-0.0256576170234083,0.0603321161466066,0.0404970995392905,0.0772788981020466,0.00954006988498874,-0.000823503129043986
0.00270172774467255,0.00297874396894175,-0.0267115695298459,-0.0262070488085113,0.0545905190861244,0.0360502592903395,0.086467609233593,0.00511516486286211,0.0320722661088135
-0.002299818777283,0.0145694516146992,-0.0336449803948664,-0.0224003721506532,0.0467649529403657,0.0243747955221008,0.090952052286429,0.00251335086249273,0.0588590598121806
-0.00430098440840825,0.0205388830671526,-0.0416742357543183,-0.0179017800867367,0.0409497001972979,0.014210240580158,0.0880950430366329,-0.000262739609584545,0.0768656436882203
-0.00854336655325176,0.0307637933508071,-0.0533255380746498,-0.00950840929533049,0.0328403877271015,0.00935560832389299,0.0763163904083258,0.00693516910692606,0.0920563448556161
-0.0131811511434849,0.0355971827426149,-0.057447588823007,-0.0066423955736473,0.0273940410127879,0.000449807022382426,0.0599109378872284,0.00322805999763722,0.0944664811841875
-0.0198758512947738,0.0395432446547189,-0.0618854111874718,-0.00666068574157931,0.0227124271416045,-0.00495408554750967,0.0356154599254331,0.00746172183630135,0.0865243645926057
-0.0272031611962728,0.0438016564624061,-0.0642237598726096,-0.0135210304486951,0.0205978251847291,-0.016544552417128,0.0170128539910922,0.0130165041854091,0.0716815494078105
-0.0296948444998949,0.0523847963170841,-0.0707271123907669,-0.013017257079395,0.0134709874795832,-0.0281751319647631,-0.00610600830903857,0.0178280107393281,0.0476925901991279
-0.0305588330311628,0.0533521372654635,-0.0749496894053412,-0.0200543828377011,0.00703692128391457,-0.0363800865606773,-0.0239338282972043,0.0224273592875382,0.0238783113651934
-0.0297082949614341,0.0480167453752535,-0.079403600672523,-0.0279041166995995,-0.00575266824395289,-0.0404897626383619,-0.036496750630478,0.0263833173464178,0.00347306864432831
-0.0299127614602749,0.0407782832776296,-0.077414463888979,-0.0306602157476842,-0.00997721134256868,-0.045192719395508,-0.0529603452828819,0.022488437214781,-0.0198163174854044
-0.0185963200815947,0.0328572036438714,-0.0750622345679137,-0.0360486408709793,-0.00993118813888316,-0.0459002330006626,-0.0524056335319792,0.0217958627342194,-0.0296938201377055
-0.00890627262742947,0.0316731661860587,-0.0737844792290303,-0.0363196368721653,-0.0117028721240695,-0.0452862629822979,-0.0528627565370604,0.0149779577489574,-0.0415657171483658
-0.0106759422485303,0.0116273780988939,-0.00394978769392161,-0.00690524740649547,0.0281428425149056,0.0448242021032153,-0.0221755160519926,0.0185839613690442,-0.147570333819023
-0.0116495552775733,0.00279003201045931,-0.0055561390823061,-0.0148743745167002,0.0268307727528475,0.0512122697305823,-0.0168154792270595,0.00831967661357231,-0.148176466142811
-0.002486122323311,0.00898106567401233,-0.00555518901629876,-0.0214829188541978,0.0397866612883556,0.0487978938276761,-0.00104044967965562,-0.00054034688465294,-0.148926193558132
0.00494531249612876,0.0152234737923723,-0.00705011700991092,-0.019233823902332,0.0464165834249805,0.0470452844321274,0.0174476665533737,-0.0139976838728335,-0.126389392726798
0.00661700105484001,0.0213935012885279,-0.0086184235104548,-0.0215883324230004,0.053625525070285,0.0433980975420353,0.040207523143363,-0.0184301459198416,-0.0985316465470731
0.00864122524084823,0.0136687672590535,-0.00641116898913975,-0.0264388920749874,0.0614256884555238,0.0443345758820219,0.0538174189884463,-0.0216666817068664,-0.0685077559618911
0.0082642150660931,0.0150668252780772,-0.00627515498263394,-0.0230948328359956,0.0645905538287942,0.0398855539846829,0.0693328570495156,-0.0227150342451097,-0.0357356362761917
0.00422014080300956,0.00424062157788086,-0.00691877093772113,-0.0272051806220315,0.059326492709052,0.0354404461322199,0.0855903065350396,-0.0239549310343753,0.0048361080772727
0.00108600384520826,0.00473197213629448,-0.00958573688291525,-0.0289584481980535,0.0587626209190216,0.0313869751235149,0.0916257227028753,-0.0277772079172687,0.0318093428944071
-0.00610227087243361,0.0181383265651439,-0.0187814940967617,-0.0209814524102984,0.0570922150704712,0.0243547891032264,0.0922425992792938,-0.0265177815790569,0.0624284323799033
-0.0108282311721426,0.0137581588579578,-0.0235283707148038,-0.0157858062352787,0.048107464970545,0.0169290863427129,0.0896720773730358,-0.0276058971636753,0.0890009191531465
-0.0145373828656964,0.0339612694603102,-0.0337801733129805,-0.00542598237842905,0.0444660248969429,0.0113811106889071,0.0765267209304508,-0.0203159342692807,0.0960194967270919
-0.0151810764609758,0.0426731991436723,-0.0471034336873706,0.00155787305809351,0.0370186369683343,0.00964553293245139,0.054901622408336,-0.0209759352000881,0.0984552146123794
-0.0253318720778582,0.0382765308266027,-0.0518696221813827,-0.00375723374470346,0.0257603326410979,0.00772769227728168,0.0284232098065569,-0.0141653979913772,0.0928848743296825
-0.0284159138677858,0.0375783168859432,-0.0569436890529254,-0.00729670666525894,0.0181370997348956,0.0015220560851454,0.00572844392500325,-0.0108372568885991,0.0761746753098675
-0.0382241795429148,0.0455445053284441,-0.0646079808249816,-0.00914253202744887,0.0120320412414124,-0.00873037533830933,-0.0238330659935658,-0.000453379098573172,0.058456697693244
-0.038372633614607,0.0387839227216432,-0.0686358397453154,-0.0173128702699751,0.00339184252031306,-0.0149285961531516,-0.0449986407987,-0.00407748722526522,0.0299592314237712
-0.0340977075870793,0.0294698641412897,-0.0716685862427688,-0.0285812009151294,-0.00759172306332213,-0.0187627324106701,-0.0604145951169265,0.00363579105711487,0.0056137900494468
-0.0279999972352698,0.027103781361344,-0.0757590990385752,-0.0295881486316678,-0.0119633004263211,-0.0222227870022146,-0.0741118087443318,0.0051729746899702,-0.0106498605392423
-0.015032891104411,0.0291624203313921,-0.0750730099364942,-0.0296146186958854,-0.0141530920365895,-0.0264436295445537,-0.0712076208149822,0.00499578956372734,-0.0265644940380516
-0.00920306716571506,0.0229598992583276,-0.0717702077908152,-0.0292505872339823,-0.0169913099055394,-0.0245972865233725,-0.0710286567745268,0.000591200678559025,-0.0367144834395033
-0.0109603702320584,0.00843195680582305,-0.00139642564745675,-0.0186078531188152,0.0166303725471124,0.0456891769385776,-0.0227709718400477,-0.00293639177189836,-0.150773892718237
-0.00695406367720067,0.00911676704863473,-0.000366956136107697,-0.024572257644744,0.0235894352354412,0.0464522880900381,-0.00521006239414374,-0.0152911351083543,-0.150524098878321
-0.00103764661322602,0.0125954120539907,-0.00138259004173383,-0.0285199845849822,0.0262120039905316,0.0438635596999248,0.0109132436580248,-0.0308339740396496,-0.145082072231632
0.00630928239551481,0.0234647005654338,-0.00161488780643325,-0.0200795242853862,0.0333906929470261,0.0410958307376773,0.0281253607373049,-0.0408399405731731,-0.123783311702584
0.0119813710984399,0.0268125169824061,-0.00285045304413296,-0.0253663675247959,0.0417211989260497,0.0364368628880254,0.0540115067478967,-0.0444519784311671,-0.0926911780193537
0.0104169104291838,0.0137826259208334,0.00130377153279342,-0.0343084136622957,0.0495561277441277,0.0398028030700482,0.0694990708915391,-0.0479993000815456,-0.0606556776473529
0.00709153075858781,0.0122429247134073,0.00167850481881889,-0.0300490840123047,0.052211540165034,0.0390069585369736,0.0811233909645719,-0.0521315405164579,-0.0253969239149666
0.00266415968180723,0.00890654581782054,0.0049615279143793,-0.0262755664479923,0.0583846419653067,0.0359577461825714,0.0915694770211365,-0.054313122444422,0.0134418645797251
-0.00915166711208262,-0.0123521578939491,0.0064720912491721,-0.0337729242515233,0.0584088747822658,0.0391150447802806,0.090289018617,-0.0555224519547943,0.0461106217326006
-0.0138713922522161,0.0232972797108279,-0.00279674813596773,-0.01388011178395,0.0594391316818398,0.0268930791472578,0.0881566575689475,-0.0516860568462609,0.0677460966964077
-0.0193088341836318,0.0346898291245757,-0.0113194367614024,-0.00340167787444059,0.0525654935901608,0.0176924803522126,0.0774296446214008,-0.0422879933333443,0.0850036922334858
-0.0195176237504266,0.043146618438497,-0.0200157277792324,0.00515123883796653,0.0485959370283388,0.0150955270221046,0.0642395290446674,-0.0392443477611943,0.0948737668379023
-0.0244552400629673,0.0439963482388563,-0.0308962385620597,0.00981823768367453,0.0403575812144336,0.0156296963076675,0.0434094407828466,-0.041071171812989,0.0990613324283571
-0.0293037172524704,0.0378457748250247,-0.0391933007983859,0.00321503341507148,0.030824552747702,0.0178597937246993,0.0175020569290682,-0.0346672104595258,0.0926910247149936
-0.0339115469121416,0.0318667491243024,-0.0492235521084641,-0.000641663147646927,0.0193383509763109,0.0177294561590261,-0.010461408001318,-0.0324071867821303,0.0819781108241643
-0.0380198808792322,0.0325241170954311,-0.0567278171902708,-0.00370425036708251,0.0134966311096486,0.0127216061872671,-0.0440145390642195,-0.026124578237936,0.0588224820808015
-0.0381500410395069,0.0265150649128483,-0.0616880670446305,-0.0139171938104767,0.00475955115152899,0.00673212578368719,-0.0592665566785677,-0.0239748197879352,0.0357731717091482
-0.034090694589479,0.0146550399429697,-0.065409027083024,-0.0232000175297957,-0.00562377702490451,0.00472975156024593,-0.0770523540819785,-0.0202264462292628,0.0164519780644847
-0.026656918129774,0.00898155229494157,-0.0688136386070598,-0.0322085927469989,-0.0142502047709644,-0.000553616989625334,-0.0902069129258399,-0.0191236958747101,-0.0107016838542686
-0.0143695354966095,0.01333699046568,-0.0726681476536646,-0.0268492199140199,-0.0200662788856616,-0.00390048527767956,-0.0930239347328218,-0.0165733901293495,-0.0270086125615741
-0.00650416280293299,0.0158122554584488,-0.0675196452938166,-0.0242470795153277,-0.0188590203354595,-0.0109589885141663,-0.0862969596475593,-0.0221114902270174,-0.0370943136367198
-0.00662144419494283,0.00825953598727837,-0.00145486246627453,-0.0295280919144297,-0.00294269657172471,0.041989101014115,-0.00524742509932454,-0.019262456247901,-0.137539362318019
-0.00481783179502497,0.0126239879033135,0.000186146175721395,-0.0300421848662238,0.000923993957424388,0.0437917389708339,0.00548488936308895,-0.0312246950741465,-0.138302863569
-0.00107604848936362,0.0148202858863149,0.00337792593324899,-0.03575362077529,0.00983058929903319,0.0397048785761136,0.0255342627903667,-0.0481000473615228,-0.129589456536432
0.00352372391632651,0.027985827630191,0.00751037645373989,-0.0289116186713908,0.021288226436996,0.0325594220622394,0.0465855564111979,-0.0581570051013458,-0.110210316211029
0.0119453400597998,0.0365337064599492,0.00672250388848416,-0.0261229290106832,0.0315309450190242,0.0300573268760546,0.0707514420156418,-0.0674213786072053,-0.0813819700601534
0.00748918424406287,0.0247991888859836,0.00860152068959239,-0.0310194259980612,0.0341154530366039,0.0356578340503945,0.0806406923228651,-0.0687561292478326,-0.0515978432680212
0.00365510763813905,0.0210149932853418,0.0112925905345504,-0.0302074944063265,0.0420108556578619,0.032560586589456,0.091407965779678,-0.0673113960026768,-0.0163548260868286
-0.0108830882400046,0.0166718297419482,0.0169130079717268,-0.0251281439320901,0.0491177527708074,0.0305422625152112,0.0867117462679868,-0.0635528017171851,0.0150987467408347
-0.0216436185081107,0.0128597379485575,0.0194429801134198,-0.0206354059447641,0.0530354095232802,0.032595802312525,0.0799150531700964,-0.0549066830922337,0.0438205333329937
-0.0263225288505989,0.0291062174723198,0.0128558543117996,-0.0120895864110484,0.0560504476169293,0.0234248380187367,0.0728679891265049,-0.0509349638419433,0.0593546152588514
-0.0386421441952708,0.0380741173989744,0.00698724355740051,0.000968694541204407,0.0503433501704169,0.018240305769125,0.0588320001733224,-0.0469621336902684,0.0769395332939774
-0.0371368769406063,0.0407604112565857,-0.00355687849570155,0.00551665052119292,0.0464239528123408,0.0170128812105243,0.0433719476977181,-0.0539127753384573,0.0884162366993401
-0.0355861079463486,0.0373869975743453,-0.00986573605213298,0.0113837511920944,0.0414935709668669,0.0180333998862706,0.0236718634692387,-0.0524752701603013,0.0931792128405511
-0.0373324310121312,0.0279993979442797,-0.0221659088304937,0.00521997874395473,0.0335517445853902,0.0247336330626427,-0.00409427388395444,-0.0469988336337148,0.0899806326107924
-0.0359935991004041,0.0211749086434897,-0.0363918604855587,-0.000298619231054096,0.018753394523154,0.0287088736784853,-0.0310570821175125,-0.0427041907065905,0.0730648227446813
-0.0416811702026363,0.0142112569404915,-0.0460595062568241,-0.00820011283331904,0.0108285976594781,0.0294430700658448,-0.0626354857848587,-0.0411250832749239,0.0549249024297326
-0.0347737090337818,0.0123076014775722,-0.0526915709545691,-0.0109846015233166,0.00559883034411706,0.0267142441704811,-0.0767323993796648,-0.044720251201444,0.0397929613106158
-0.0315652564042335,0.00255481966734842,-0.0587681707344617,-0.0214399939073576,-0.00375213320230447,0.0237849417353769,-0.0921479764579914,-0.0402548376760948,0.0193876611621149
-0.020895993636542,0.00113389223364909,-0.0613171577055625,-0.025265160294943,-0.00804687232572625,0.0172703031888834,-0.101056853648954,-0.0436511738782131,-0.00436280763936959
-0.0119059199138989,0.00790047399818289,-0.0647986606907187,-0.0196200653014463,-0.017463210147037,0.00893557550905892,-0.103318998939112,-0.0405741009693012,-0.0226197394200779
0.00100075504304377,0.00749164232120157,-0.0627881013752268,-0.0221032434925185,-0.0202210778008157,0.00499378388763232,-0.0943899624478813,-0.0377225963049543,-0.0328608225710193
0.000293039479046892,0.0100666070444762,-0.00830336808672033,-0.0242649970812037,-0.0370515388409106,0.0413280238889996,0.00732910663151587,-0.0389881634147827,-0.110524890079383
0.0010206838414557,0.0121598202842137,-0.00127688061146847,-0.0288754940229368,-0.0230636068582856,0.0417330049806453,0.019047984238321,-0.053907292389094,-0.116390213637926
0.00457103445927017,0.026274934264156,0.00161520377287043,-0.026133638602667,-0.0157160551888475,0.0331836876151561,0.0427373513073649,-0.0656737651775446,-0.107616242739188
0.012516424267485,0.030441003452366,0.00973931660088239,-0.0244452282246909,-0.00332062226962681,0.0273865054050438,0.0640272017625696,-0.0758126401223276,-0.0894495611444352
0.00912951117680574,0.0416313491443289,0.0130625142996213,-0.0221709420911288,0.00755475884995788,0.0205508898642555,0.0829726210435375,-0.07507033436862,-0.0656926761328215
0.000674076022293178,0.0252305556976103,0.0194549448991918,-0.0282561973091068,0.0192177075235265,0.0252605567632134,0.0861448029270717,-0.0717307870095972,-0.0395241847376127
-0.00852091237363658,0.0208485638822282,0.0266142255167856,-0.0288571094906855,0.0304488659015005,0.0257193604054127,0.0881108074037651,-0.0703184608616459,-0.0133804935953748
-0.0207278552585637,0.0174473385313592,0.0350378127807759,-0.0294861209648454,0.0441908979614664,0.0223920083196586,0.0808046443514795,-0.0612096577323804,0.00921263808794258
-0.034238204864406,-0.00507675696707598,0.0349831824796729,-0.0329908822923362,0.0490631301265119,0.0358622907576214,0.0674077724342869,-0.0432401192392633,0.0441753620463917
-0.0395155204160513,0.0266990829911024,0.0314796782988806,-0.0115995252157212,0.0508905284939026,0.0181668661331904,0.0538772185376313,-0.0469457820052317,0.0509364947732888
-0.0433243288121817,0.0398879613315215,0.0251973514060552,-0.000342153034827447,0.0490082083170231,0.0121678091521187,0.041976623653244,-0.0522902462275249,0.06511687806639
-0.0466942659850937,0.0366319983194339,0.0180366500700421,0.00630055189589707,0.0481335690507782,0.0162020178880198,0.0195502213402301,-0.0517024334704291,0.0748436045948715
-0.0454124616322251,0.0263278395753181,0.00923032443519129,0.00477991234243868,0.0412553377489672,0.0190567324985345,-0.000951683393751555,-0.0544483870367513,0.0769057151578819
-0.0447381877948202,0.019123406745211,-0.00317550083256542,0.00507051942274895,0.0336115472331507,0.0279461512617962,-0.0295904567582436,-0.049736729600911,0.076550266233562
-0.0444410175331143,0.00851047346090685,-0.0170115156959268,-0.00011237520871803,0.0187569650990788,0.0337293014533761,-0.0544237241957106,-0.0570869556855412,0.0665573822048546
-0.0413060344629463,0.0101611364652454,-0.0276930250578066,-0.00220256857939236,0.0123109648908582,0.034881835260178,-0.0770757756060873,-0.0480913837444606,0.0554123026540232
-0.030710904897797,0.00092338892103704,-0.0363043598780248,-0.0117645952187854,0.00553350813268155,0.0338154766729976,-0.092820130394399,-0.0443347531680326,0.0371034112263238
-0.0191740078049705,-0.00167757577234643,-0.047741871407045,-0.0147822786124968,-0.0016851050503494,0.0343355977683961,-0.0989508611188036,-0.0542503320781064,0.0233774641348479
-0.0105911420827983,-0.000906008512531896,-0.0557592333633356,-0.0142709968168848,-0.0140281319465923,0.0321429659735836,-0.102139492523426,-0.0610194578462328,0.00420671260987933
0.00144251424448388,0.00347945709468021,-0.0558345104209449,-0.018333782348933,-0.0145405986651734,0.0199059653730691,-0.104406874823935,-0.0592465442037661,-0.0184858479330759
0.00570846351263474,0.00289708377679702,-0.0544180330660897,-0.0130794143849585,-0.0202816166527035,0.0199282812869586,-0.100558836446921,-0.0548959844311318,-0.0263730680355503
0.00382320470138229,0.00709431248091874,-0.0117111873012186,-0.0206839656884631,-0.0677812367658905,0.0425670617854039,0.0176164873953004,-0.0475489203539,-0.0833732221607681
0.00542537751875171,0.012231245263505,-0.00505185924715548,-0.0258800234098534,-0.0554949423552392,0.0410803717063972,0.0320488941489044,-0.0633084875485738,-0.0854783145074095
0.00506726976017103,0.0236742619529794,-0.000726422913936963,-0.0244442287821547,-0.0448580351904319,0.0348939818185112,0.0489120768124744,-0.0733353872376618,-0.0766292063334518
0.00553633700686214,0.0292444263759803,0.0117222512109468,-0.0217267473093142,-0.0323685945406089,0.0286895906183128,0.0671980130041183,-0.0761875004568438,-0.0631512052261729
0.00341362014793347,0.0330439008928529,0.0201046342572,-0.0197054341036576,-0.0139515740157179,0.0200583934808501,0.078566464258633,-0.0777940824738006,-0.0497349580962945
-0.00639124308846683,0.0235334946268844,0.0337437639323193,-0.0280187615580486,0.00236175102368756,0.0208142580377476,0.0815894584412351,-0.0721622990599474,-0.034309431870311
-0.0186466159607859,0.0210874470540506,0.0450747589125457,-0.0347252019167534,0.0187904461345393,0.0133070166834561,0.0782028466039225,-0.0695177494598156,-0.0148444105225099
-0.0317047790605812,0.0231593615226233,0.0529978255958884,-0.0262137312629034,0.0323296972039478,0.00672187261453609,0.0676675973573744,-0.0581707660416467,0.00159576581355267
-0.0489084509807171,0.0258697148721767,0.0576246859131659,-0.016397964965427,0.0410329598670953,0.0100054059635504,0.0500185494639645,-0.0478121554403136,0.0218724824800574
-0.0530606895788593,0.0363765609035076,0.0535745549243926,-0.00425618396529772,0.0446838168739537,0.00187056599334796,0.0319209653241571,-0.0488834260887789,0.0305924398979079
-0.0542138979528727,0.034273939788408,0.0441215266998986,-0.00312615007637772,0.0451909113546689,0.00720212658853422,0.0161634183610707,-0.0496149939876932,0.0498038408440421
-0.0600165662521398,0.0283206728811207,0.0345886845970881,0.0014473281748968,0.0429405688043424,0.017806992705887,-0.00352787552399445,-0.049530558456192,0.0644395836274176
-0.0543092094996598,0.0155321990256054,0.028708077728531,-0.00141509745187071,0.0390331463911344,0.0167439018992764,-0.0297264546172573,-0.0505400498398913,0.0616474098914616
-0.0576973566667468,0.0126437134252054,0.0145141560808816,0.00503964226986694,0.0262266751662814,0.0249084695807427,-0.0621378337572017,-0.0410409237901024,0.0609081194761835
-0.0525429278116665,0.00186787873177962,0.0051714497745094,0.00104251609652629,0.0205241002008515,0.0350807921057877,-0.0841511717869318,-0.0478960118679949,0.0552940323160448
-0.0425252562249616,-0.00718639280402524,-0.00622054281953573,-0.00423422767041488,0.0114120094924325,0.0408635854946427,-0.0949317873950468,-0.047526558105985,0.0509649323462366
-0.0255335473859221,-0.00763669883614044,-0.0207704672923748,-0.00747782793225494,0.00542808542620259,0.0401495801009388,-0.103463286735894,-0.054001506913231,0.0382223152608541
-0.00651641352398524,-0.00392094535780203,-0.0355750628291793,-0.00725711393599421,-0.00414056623591769,0.0400265147203165,-0.106299040934823,-0.0582620290284046,0.0226086158452633
0.00272677471983578,-0.00483138480213877,-0.0474286689401705,-0.011307451234436,-0.0162531660733283,0.0375958619038235,-0.110358797948609,-0.0681905318237392,0.00766052320187094
0.0153213617832401,0.00192865505536353,-0.0493032807857357,-0.00693855501947084,-0.0178393484512029,0.0292272479549271,-0.100346544795615,-0.0724382472855821,-0.00125235369277382
0.0196640242312224,-0.00836270900460827,-0.0465856740022339,-0.0079660280276075,-0.0215694512912313,0.0303863571236342,-0.100241878755916,-0.0641251793433139,-0.011472317080028
0.00771258641739979,0.0130250696952061,-0.0171119306121312,-0.0117641892733741,-0.0984709822649258,0.040634008612318,0.0288399138239856,-0.0518276812971423,-0.0511476480349406
0.00639853896889955,0.0156955413438026,-0.0111439751780204,-0.0145389022333479,-0.0911913590794337,0.0390616829335052,0.0413401442146535,-0.0651926885581604,-0.052025548041844
0.00243718941034517,0.0251714978062298,-0.00377565063255213,-0.0138090725081367,-0.0810740023866517,0.0338664768574649,0.0535756964009548,-0.0732617129121571,-0.0471028922707808
-0.00444576310636745,0.0237331960259229,0.0126425223156768,-0.0167162421145577,-0.0648853626988105,0.0262251743944851,0.0646021984269903,-0.0731493991405436,-0.0385378971287899
-0.00676459082245244,0.0265305239974209,0.0290694037274688,-0.0176367164144945,-0.0416800335648176,0.0174490807860855,0.0742093837122644,-0.0706376139836415,-0.0314454762893248
-0.0219587275980088,0.0228664428280125,0.0469783580640541,-0.0304438103747521,-0.0175385718750068,0.00861817590970868,0.0703833501881785,-0.0610038574576567,-0.0250673612206061
-0.0329543409434884,0.0243581918371686,0.0620172493343715,-0.0268751531599261,-0.000458828699195605,0.00125483208976002,0.0638108127082638,-0.0541752557912679,-0.0160999237995362
-0.0501365663534158,0.0258984956431805,0.0735998054108662,-0.0215615221344647,0.0228236100950371,-0.00211362754808585,0.0441038447008045,-0.0504419128154493,-0.00604156177066342
-0.0622788133112701,0.0251399026230063,0.077546452732904,-0.0187220228690768,0.0336425663437918,-0.000834302494932561,0.0299964125813926,-0.0404063692292638,0.00834993286574447
-0.0630779214682721,0.033108101944223,0.0713453584287584,-0.00786245140338111,0.0423631216162117,-0.00515537093754151,0.0130346905636925,-0.0405146206302558,0.0167712255335668
-0.0658802986972584,0.0281920558307048,0.0663939075087898,-0.00566397667419721,0.0467576987425282,0.000729697714104269,-0.00910870926354102,-0.0383303777348907,0.0278366725545035
-0.0667685186262826,0.0180225070018381,0.0567455963676673,-0.00802945485446052,0.045866927600774,0.0101148594562165,-0.0335669631051974,-0.0386913419377678,0.038136323267579
-0.0625911256013045,0.00896619410914975,0.0456721763749352,-0.0053883710548512,0.0378338772574998,0.0190501269779211,-0.0586964426335574,-0.0348270212915956,0.0429959915445237
-0.0589703038690096,0.00222841170904441,0.0338485224796729,-0.000514676878516083,0.0297266845535838,0.0277608482989594,-0.0814750427636536,-0.0333274657781912,0.0519226993723715
-0.0441609566426368,-0.00670348471786752,0.0240951836763114,0.000922730604804468,0.02154842733119,0.034660360307283,-0.0962590646535697,-0.0441177224974986,0.0521234738650464
-0.0339174974584945,-0.0110162007964908,0.00812514252894136,-0.0028662882516622,0.00972689949873252,0.0375652514759335,-0.109523608733938,-0.0506281798796907,0.0480339465399492
-0.0133625273242321,-0.0114838639426735,-0.00832362269989499,-0.00535407448512324,0.00144214443773319,0.0398895929529051,-0.111590826212307,-0.0521524563640482,0.0351435000018122
0.00785166605231868,-0.00793546250204493,-0.0262186142533216,-0.00142672345881556,-0.00695651475144729,0.0411058230620614,-0.107148684924635,-0.0621036096650298,0.026424789527446
0.0274784720571951,-0.00996515928653152,-0.0379850183427522,-0.00200742915580861,-0.0176459405049887,0.0433623123548689,-0.0989832519332579,-0.0700740952380373,0.0232400039977043
0.0416393759902828,-0.00452495704508563,-0.0449171158619603,-0.00605605371624088,-0.0207372892154404,0.0350463707009607,-0.0920724849529237,-0.0695546825693658,0.0103313636882157
0.0430039765819639,-0.0128057072529857,-0.0440269940598866,-0.0113251976126996,-0.0230790004124387,0.0318156014902299,-0.0938098826585194,-0.0628734445865082,-0.00347938007758332
0.00491191961606634,0.0168723844888855,-0.0148208326436097,-0.00303321120471183,-0.120627992216858,0.0348018054907975,0.0356420614736377,-0.045338345346506,-0.0271412361946623
0.00256106012666974,0.0190269281297265,-0.0113546557788825,-0.00238997330763713,-0.11904164580881,0.0351044064222392,0.0445709024192872,-0.0564120772494574,-0.0229845102023426
-0.00264458182846589,0.0204898042216945,-0.00247128252643949,-0.00920159185299469,-0.109634245821438,0.0304106741169461,0.0479297823442983,-0.0628455564687234,-0.0273787284895729
-0.0159498606671158,0.0168861134680527,0.0142704722383506,-0.0123478076459411,-0.0944376612463833,0.0296891739615227,0.0494112994582667,-0.0599879044310411,-0.0212491961391136
-0.0239608338840279,0.0139051605877288,0.0351674123273577,-0.0146523759540899,-0.0646971476016722,0.0253495311495537,0.0531192675808597,-0.0518125220520996,-0.0149001457199203
-0.0348337480753865,0.0211212108238267,0.051634402150856,-0.0191582833452915,-0.043834479072181,0.0128863482272895,0.0522934878104847,-0.0411733183717719,-0.0111256674802527
-0.0502728583815116,0.0211471052954276,0.0702134249833825,-0.0261716968322999,-0.0191916689336287,-0.00179390512686466,0.0373856842268115,-0.0274493409148831,-0.0140680821481455
-0.0588696652584473,0.0187958808574076,0.0821455380569955,-0.0291101008235414,0.0107714835839464,-0.00652676704252035,0.0220203643323469,-0.0248065368678558,-0.0132196372058882
-0.0644396332962228,0.0236960172086772,0.0860051030958059,-0.0180039818295221,0.0250485946475063,-0.0039621510481023,0.0109409559980601,-0.0148233170886494,0.00214571300959713
-0.0661153230391513,0.0295103208474819,0.0838491266101418,-0.0144806688709575,0.0374544805860143,-0.00876157556513844,-0.00684367294685472,-0.0156196783760617,0.00950132302595166
-0.0700497544793341,0.0255768537990303,0.0764118359078782,-0.0150714799386329,0.0432492828015707,0.000293806153241554,-0.0332464282737115,-0.00778505264013676,0.0100247575499712
-0.06599964443461,0.0123590287993923,0.0702296835752689,-0.0163615691965858,0.044360817998112,0.00848311376217583,-0.0534188757105617,-0.0162850723526629,0.0204358814928453
-0.0596994692344716,0.00170711201495675,0.0608198805214294,-0.012990204706546,0.0384737153573045,0.0178710867086447,-0.0744936288136537,-0.0177843744468041,0.0259779027630836
-0.0489195577885176,-0.00293987101326774,0.0477569669958336,-0.0065427207705683,0.0333111725539841,0.0276482589380155,-0.0968268878409778,-0.0212223007034822,0.0317173584412783
-0.0305366016831172,-0.00533003018302403,0.0333448126887472,-0.00227938343948253,0.0274656667875404,0.0312449178936109,-0.100288069432375,-0.035098951775963,0.0363462075503331
-0.0125752253230006,-0.0104042645555274,0.0167669497808474,-0.00195229071502435,0.0156736740443041,0.0373159486936544,-0.108477541505956,-0.0411137910566212,0.0341364140683197
0.0124572206337029,-0.00527248369879501,-0.00289892267221136,0.00412300694884865,0.00505454311560321,0.0391291546111262,-0.10169067230234,-0.0563961614403797,0.0311017997503907
0.0358095346621291,-0.00855105391495425,-0.0180299703998046,-0.00115295618845794,-0.00352613758151778,0.0394518839257972,-0.101240220360625,-0.0619209019281997,0.0218628804261463
0.0574022665688846,-0.00724464102411163,-0.0298436821593931,-0.00387956080577013,-0.0134582093542014,0.0360185887991871,-0.0859486910828534,-0.0682048391035568,0.0136123679634633
0.0679755107171719,-0.00671647006062335,-0.0354859227716047,-0.00778239827668042,-0.017565519321303,0.0297191847869822,-0.0760877149573386,-0.0628830313754369,0.0118467625497968
0.0724685888020173,-0.00844767537356026,-0.0370597177170566,-0.00707467736643307,-0.0195524828292187,0.0309148526435451,-0.0717433803890942,-0.0507588276940295,0.00890626756015674
0.00220900928721916,0.016073657146037,-0.0153453087564492,0.00586374113038474,-0.13726555148921,0.0362540905920573,0.0321042389431674,-0.0322545913297464,-0.00501777260726301
-0.00135932689635498,0.0194182423455188,-0.0105712978925138,0.00154374359555705,-0.135655772624814,0.035766657431894,0.0395563068992583,-0.0392381500141298,-0.0082885276027935
-0.0136511715760154,0.0119348112297847,0.000968538743529113,-0.00252833221491758,-0.130731451654256,0.0353349140062971,0.0386548829512708,-0.0424638219857037,-0.00789318986366905
-0.0215026255030049,0.0104309809406433,0.0149932436185374,-0.00700199133160744,-0.115668968212967,0.0368940205797239,0.0382919560206215,-0.0347305747324614,-0.00176987270377329
-0.0306786704924503,0.0107853582866816,0.0323453562611419,-0.0130281730129967,-0.0910579465537864,0.0260602697718794,0.0403553383700423,-0.0307306570719182,-1.6455170111574e-05
-0.044027989805969,0.0178032985614505,0.0537528577480314,-0.0182196223815835,-0.0623725343819651,0.0118609259313353,0.0349197797047776,-0.0159239178693547,-0.00106076974728948
-0.0546861202653258,0.0243864190447309,0.0731779798485324,-0.0251155024567704,-0.0326588527848291,-0.00755589925595423,0.0268564814101592,-0.00327084450057572,-0.00823460360409712
-0.0610977329140411,0.0199857198680026,0.0851237814001951,-0.0243768306016012,-0.00709904879171541,-0.00936408762549404,0.0101173292241157,0.00301952033087765,-0.00806135643186019
-0.0631344173340495,0.0216167617730239,0.0923770735525278,-0.0214987867408507,0.0147310410308994,-0.0105927807695589,-0.00515784467194057,0.0160669177710278,-0.00525259471681902
-0.06328899444994,0.0253230476750451,0.0961325919585483,-0.0215587198094548,0.034079080486879,-0.0177709582386143,-0.0219170316583263,0.0193506217447563,-0.00680708146791858
-0.0633004606648433,0.0205684440502086,0.0937439397323912,-0.0198760113784424,0.0417249975877535,-0.0100739879696523,-0.0416568800902279,0.0196116241105767,-0.00239068454136541
-0.0543760368732766,0.0101111379387336,0.0836422017378824,-0.0154654829704672,0.0426094187005741,0.00176824572322805,-0.0621763663260519,0.0130083919572848,0.0066921750765646
-0.0425798697589203,0.00523440133022505,0.0707757610686404,-0.0150097722590061,0.0433593425494426,0.0114545860027761,-0.0777483742072866,0.00520071514384768,0.0102491641435638
-0.0324833915872916,0.00113573445175194,0.0586185416154845,-0.00708504203292482,0.0370551590656894,0.0183398520692284,-0.0907398551371699,-0.00891066532340662,0.0220709389810487
-0.0109954312294521,-0.00175741543683595,0.0417259610463727,-0.00582282610727876,0.0338015997135723,0.0240395628405153,-0.0960222026993536,-0.0230695675110756,0.0232085744407613
0.0140711410450763,-0.000575912419188136,0.0240324459094446,0.00121514385167666,0.0243026383732693,0.0273167432826807,-0.0950723281224443,-0.0358366039230456,0.0211459266642775
0.0403306144514598,-0.0062810608615071,0.00342025842365291,-0.00379285992977117,0.00723987519873824,0.0339131164829366,-0.089545772675861,-0.0444909817093598,0.0210881921843478
0.0672507555890796,-0.00708980976960139,-0.0128210542220756,-0.00459921200213928,-0.00162560345439033,0.0335285661155848,-0.080859747208014,-0.0507332864851346,0.0228673533646237
0.0847298089924756,-0.00599559723898921,-0.022733610685532,-0.00351385990837743,-0.00966840744474116,0.0314314141892102,-0.0697488338049077,-0.0529910707704019,0.0163325339628107
0.09573318986444,-0.00528422649312589,-0.0275525256231314,-0.00526317604106199,-0.0155150477093641,0.0258024320993864,-0.0634410704828322,-0.0488144949689841,0.0132498705694469
0.10343999318992,-0.0044364276427197,-0.0282414425605957,-0.00881010123928214,-0.0177906270523393,0.0204875194451532,-0.0483789123802173,-0.0459514145345694,0.00775144959418377
0.00382595524963226,0.00866997673230856,-0.0129849466005527,0.00387143914023603,-0.147382937236471,0.034513768617619,0.0255495148947013,-0.0208355305256973,0.000913732946917763
-0.00445930472252249,0.00981613409070521,-0.00710867431528525,0.001108941910905,-0.147785692319778,0.0342433456104281,0.0313946146493325,-0.0206802338229638,0.00973277315580033
-0.0130377765070389,0.00511139495566098,0.00156683704424484,-0.00383825259155964,-0.144739707702819,0.0386943198671623,0.0287143774964686,-0.0140230660073421,0.00643967130979178
-0.0256500034019082,0.0116365059152911,0.0173127948863777,-0.00517819081475998,-0.127513746479584,0.0309850239783842,0.027777913257265,-0.00838819894071369,0.0124060225831904
-0.0342261274110734,0.0110616045854615,0.0313666131615801,-0.00883911905901731,-0.110474571019274,0.0236402002946455,0.0277319376106459,-0.00266656953988038,0.0155823402673551
-0.0424271494458535,0.0208708714598744,0.0537625247933378,-0.014741602972818,-0.0777791654800007,0.00491525295216737,0.0251162950126994,0.0146022694182654,0.00662204586296086
-0.0508885827152205,0.0238034666819474,0.0725828202606892,-0.0202718046456916,-0.0479917652390684,-0.00876473784186549,0.014292402921516,0.0279757237517641,-0.000443162714206306
-0.0532517196497714,0.0181536548098813,0.0885849265753578,-0.024460510181683,-0.0191419880493919,-0.0115872685948245,-0.000736203274618247,0.0372213897736167,-0.00782375688865848
-0.0559410824978635,0.0191153574635582,0.0981158726298534,-0.0279805577271775,0.0094350129952343,-0.019610951300849,-0.0171552632991619,0.0441377310352823,-0.00542472525012961
-0.0579647394912057,0.0209498266531787,0.104400555005956,-0.0220851339909409,0.0243743628705354,-0.020963271462552,-0.0330336592864093,0.044111907544945,-0.0131862875589654
-0.0501171969417504,0.0234084591743317,0.101801892777672,-0.0206460035929124,0.037633233154501,-0.0182509427131498,-0.0461708616944119,0.0430912388875096,-0.0101633057671984
-0.0400493230377329,0.0129934679558894,0.092323844459417,-0.0188633720855864,0.0416832566881551,-0.00516498525821802,-0.0605553891747342,0.0321730945921629,-0.00395634830026084
-0.0284614028760813,0.00840351232634495,0.0841150597491923,-0.0167393831664639,0.0491945042427751,-0.00154656007458748,-0.0733839789825339,0.0246365303769855,0.00447005103336654
-0.00812987357785628,0.00795585103346432,0.0676388957389093,-0.00774680781501743,0.0406685789928104,0.00666004612896848,-0.0790204979294874,0.00732178066887403,0.0112199979440931
0.0137277646551658,0.00335120811667646,0.0545912918334027,-0.00503417069419504,0.03908731520712,0.0114817438036158,-0.080595717436489,-0.00756388799287343,0.0138121245077644
0.043871081142764,0.00593556749302851,0.035545414529777,-0.00185088351090274,0.0330890331720238,0.0139197697870132,-0.0754172453091761,-0.0168463960166022,0.0164350143778685
0.0725788849164906,0.00242546919481546,0.013029426511179,-0.00420496251069325,0.0151863946442445,0.0170571230757289,-0.0705059370451196,-0.0234844597665874,0.0175606382311928
0.092550123393591,-0.000810643515412841,-0.00267322984683544,-0.00139757641107672,0.00123396827697862,0.022456011449679,-0.0608699175713993,-0.0307711361168732,0.0199220670493204
0.112031721630402,-0.0026131029277468,-0.010338124700774,-0.00505826305934667,-0.00471841182348233,0.0212860298381,-0.0501563602501737,-0.0411718610005997,0.013148284356786
0.125283915415726,0.00227637644204342,-0.0172063457216681,-0.00498614200587505,-0.00896541482117333,0.0140913139279421,-0.0380331674243319,-0.0378305077012723,0.0123947361072187
0.126929108916223,-0.000386556170963717,-0.0192560657251236,-0.0128977807914742,-0.0127293319807394,0.00851105850690423,-0.0308551222619138,-0.0365923763462979,0.00983515539364964
0.00664087626112334,-0.00116090771617867,-0.0122240950389499,-0.000727395450651871,-0.154478790310014,0.0398002716746755,0.0229301511761819,-0.00330245044609452,0.0182352858220512
-0.00318583072677726,0.00246488460881759,-0.00363408395342347,-0.0010620237470385,-0.156469835661804,0.0359001065546974,0.0234529137768901,-0.00156743698728516,0.0192257507286016
-0.0165583272961344,-0.00282808052535112,0.00940474550721205,-0.00581076550717077,-0.14751630984821,0.0329602373368916,0.0134863040849308,0.0111559046151275,0.0166173048273525
-0.0266470243191851,0.0129310377822138,0.0196101145188395,0.00336654885383685,-0.139419546741121,0.0278149804287841,0.0160564080111042,0.016656539891318,0.0249473676922251
-0.0340215793885051,0.00779208915718293,0.0347696425637873,-0.00723949619518545,-0.118644677388525,0.0210743305698687,0.0085610270797777,0.0217883885067075,0.0172372920329202
-0.0428648310878264,0.01534526757134,0.0556316005697914,-0.014859792394715,-0.0887290652710331,0.00287805324120407,0.00442119584371899,0.0376174899870011,0.00815160203088806
-0.046612116424258,0.0193603492412252,0.0712953788485196,-0.0220637059155066,-0.0596532830572984,-0.00854311814030201,-0.00255867948048515,0.0552615177572431,0.00544069888224146
-0.0472877028447217,0.0176552912376758,0.0896380648175555,-0.0250234809856911,-0.0279245490602514,-0.0176366389689543,-0.0136256065254297,0.0630212284276706,-0.00131008104203256
-0.04422549205231,0.0176759186613251,0.0988142132829717,-0.0256156595413829,-0.00432563544327585,-0.0200574335723377,-0.024759647047484,0.0696120127030527,-0.00582386345028261
-0.0440023474079772,0.0179218476774146,0.103231648315875,-0.0238681535851452,0.015328617089648,-0.021181390476217,-0.038506471524358,0.0666673538859545,-0.010096979151438
-0.0293269231935918,0.0181945608303641,0.102389833820262,-0.0200792077378288,0.0317843562233086,-0.0184048700307627,-0.0437260617632824,0.0561035302067259,-0.00915777000677888
-0.0230132476097952,0.0157202545898589,0.0988496450951526,-0.0176669474494544,0.0439102613291339,-0.0176817682514262,-0.0532699193682646,0.0449381352066733,-0.0103108193636802
-0.000305861984407274,0.00841190599128228,0.0911100039766284,-0.0184958297483174,0.0496615392538526,-0.0114968403596646,-0.0601245902047277,0.0418346279126025,-0.00399956539744254
0.0183382861392804,0.0105915113180186,0.0794970888478116,-0.0096138179688328,0.0487571252256153,-0.00738680823816559,-0.0644838722792875,0.0227340243507118,0.00452643619241643
0.0452291120516719,0.016942847034996,0.0617703401414087,-0.00359729368317902,0.0452278534837523,-0.0050840430765515,-0.0567520513696106,0.0144992188029975,0.01342033165211
0.0767459578533883,0.0109937092049318,0.0400383095367353,-0.00334343501711424,0.0325523505494586,0.00489369558312017,-0.0493430897309162,-0.00576015325568687,0.0183882328887215
0.102722434878931,0.00841693202839029,0.0209567644470053,0.00150622680331401,0.0190442893699961,0.0086887296369416,-0.0445602904305089,-0.0161022947886562,0.0185803762815689
0.124664999290779,0.00373747905047132,0.00635994501681874,-0.00554025495149185,0.0101404598114942,0.0107201069390129,-0.0359276017847151,-0.0247420044034091,0.0138147991127563
0.143539944522212,0.0047809100961013,-0.00299827579653975,-0.0124465367449492,0.0045457554845703,0.0071526471603299,-0.0265316597899894,-0.0248078498971695,0.00804586384592538
0.151576096647563,0.00381758633438489,-0.0116799681835806,-0.0117357016962467,-0.00268558031522192,0.00676277121473254,-0.0163496115652027,-0.0271429815570055,0.0117680707453568
0.151262821454596,0.000211546355523066,-0.014746556364297,-0.0171875439470463,-0.010700776841185,0.00268538585833819,-0.0116059608955996,-0.0279270299266449,0.0113263792135075
0.0141895775660851,-0.00248781017142639,-0.00603845149259997,0.0044310085596897,-0.152907004351937,0.0358271927420694,0.0167805290519391,0.0060042774061621,0.026034119555748
0.00396615811772336,0.00117287081275739,0.00204196493226067,0.00235247618451552,-0.150483719378058,0.0308276517262942,0.0148165947182637,0.0154248145101181,0.0246996120016554
-0.00814237334492439,-0.00534245494807798,0.0113033988112855,-0.00191644002712467,-0.148607808176018,0.0314701347873603,0.00442613666786086,0.0221734374747419,0.0279617825491712
-0.0187113011375515,0.0077315668565937,0.0221576791820867,0.000489919978734498,-0.139720690537949,0.0215356193590306,-0.000543412418607447,0.0334587356574221,0.0257793524153403
-0.0264186506244618,0.00944162746803847,0.0369005771733551,-0.00445198690197533,-0.1196104614,0.0123044066309012,-0.000707527659731054,0.0446298754643542,0.0228843737048222
-0.0357701079260567,0.0127299552134912,0.0568413968560418,-0.00960516249180898,-0.0941823253910545,-0.00161241352962499,-0.00120770739079237,0.0527671592391597,0.0161718391225227
-0.034618743010515,0.0148071596661715,0.0759605376726356,-0.020922270894554,-0.0633070589802429,-0.0172533793803678,-0.0078341797849029,0.0662511102024296,0.00530207774354099
-0.0327172097213854,0.00968963078541909,0.0879054702723604,-0.0285222589331064,-0.0366412907254451,-0.0200194006408309,-0.0198573848905757,0.0721166992448137,0.00161512276728558
-0.0298760880509424,0.0109826994545251,0.0978954106070348,-0.0303413744029885,-0.0105275478517258,-0.023881563311518,-0.0264075452618983,0.0808204727375887,0.000389160166889229
-0.0187960555799932,0.0167969511305739,0.101638944540556,-0.017719205734669,0.0107828711118796,-0.0240259591103778,-0.0303410170937064,0.0713911689585312,0.000768405064946526
-0.00639701008258084,0.0249138068648669,0.10259923501641,-0.0113389954646501,0.0319178410973882,-0.0272445224670215,-0.0315984737713968,0.0616438552126408,-0.00256333727952094
0.0114477387874768,0.0190104399473317,0.0989501297114072,-0.0169506276659675,0.0455842484511301,-0.0267568482797406,-0.0320281549407747,0.0516619427906715,-0.00440667208947593
0.031744414057845,0.0159582729454197,0.0953771693705078,-0.0158754895806955,0.0531023714663794,-0.0230639178255348,-0.0384781840298088,0.0448323294335647,-0.00189102331484026
0.0475292133582955,0.0175427383517949,0.0856387733783021,-0.00954550296592018,0.055523469869103,-0.0186122552125348,-0.0454919820121469,0.0311040077247969,-0.00352255830588826
0.0786462057475165,0.0227399190775271,0.0672966352968401,-0.00175187936454385,0.0490249173225237,-0.013836210226076,-0.0344226497557306,0.022757177861484,0.00657102838406279
0.109197367035772,0.0188805089865153,0.0491918904786354,2.32674143324221e-05,0.0397270593452793,-0.00905004872785483,-0.0235297627986519,0.011272193661139,0.0192264488052687
0.132111366531755,0.0113100157850363,0.0278831742329457,-0.00453619215527758,0.0237028029319441,-0.000964091507610483,-0.0180053216904143,-0.000308339116238921,0.0196359491560118
0.149117346131247,0.00779962688942566,0.0157783626416831,-0.00950614636718491,0.017076432484101,-0.000654284711557305,-0.0140383738417739,-0.0034116597858837,0.0171995650492384
0.17083912103364,0.00614593370791685,0.00362628975127102,-0.0114792812909356,0.0086571390817228,0.000686247869248511,-0.000120353415994466,-0.0110743283084575,0.0169682366168448
0.170030551896001,0.00820036882421506,-0.00367084602291592,-0.0116754301836226,-0.00185428829204797,-0.00302040854951737,0.00263032914696461,-0.0149916190259923,0.0205423134927557
0.170894569437468,0.00693540027891403,-0.0117814773062663,-0.0131443470650966,-0.00989132547020485,-0.0050210540237812,0.0090856940507168,-0.0207468193928086,0.0206375933330356
0.0241835624946773,-0.00132997580023738,0.00176444817009629,0.00939484643189212,-0.145435522021368,0.0294629091330205,0.0188699918264474,0.0176072469394836,0.0332440421718865
0.0122337873661918,-0.000448688246435314,0.00831124821972975,0.00535864617849224,-0.144951880980811,0.0230770914616686,0.00881274897944878,0.0279323899198386,0.0334020649383765
0.00613973473335824,-0.00835866502649902,0.0171386888639365,-0.00514855589765805,-0.140637188700035,0.0228829929609397,0.00309676348789325,0.0377017259933527,0.0311762861142415
-0.00597918135269277,-0.000464758272507394,0.0286587015056078,-0.00573471146325972,-0.133164687815529,0.0146865868591517,-0.00340611404504457,0.0487285396593595,0.0277100277563882
-0.0126064883800389,0.00646598387905683,0.0403417176240257,-0.00650291834560603,-0.116180261931296,0.00368794830244282,-0.000880296805886965,0.0577892472243432,0.0253173547891871
-0.0175236178161707,0.00546502599308292,0.0571079221361607,-0.0113763820755542,-0.096938583098954,-0.00571756276739669,-0.00356859386601144,0.0607035472047614,0.0208742838081675
-0.0166009343103845,0.0101999895940649,0.0743502100399845,-0.0164150940547805,-0.0697548698431091,-0.0188393605192616,-0.00854476187177555,0.0704874590857138,0.0083601635008512
-0.0106064701015933,0.0116456520615617,0.0846618983017716,-0.0213732054992978,-0.0458773588639565,-0.0245406934512783,-0.0101284812642665,0.0760438850004328,0.00902909024866369
-0.00601540759706627,0.0188069216890891,0.0917561685985566,-0.0140899959897152,-0.0202926476531729,-0.0269926644024652,-0.0170646889740098,0.0795106530224145,0.00815958675079806
0.00187126817803172,0.0206762412973071,0.0968768096394101,-0.0135744846625805,0.0015609983671102,-0.028600870795974,-0.0155269132987162,0.078670552175597,0.0103097221327777
0.0134382260122703,0.0196456043176396,0.0959230557070505,-0.0124984778309769,0.0193451704858929,-0.0273610298403049,-0.0214877392245287,0.07108715775799,0.00601755098951837
0.0331231904552374,0.0205139705470636,0.0951940591200647,-0.0149720269465784,0.0372483028317742,-0.0297096817024982,-0.0201035304452212,0.0594268905612901,0.00220646551948081
0.0546166712369373,0.0258143667217036,0.0913893157233492,-0.00617182474842705,0.047692446746031,-0.0260872985888608,-0.0209574401269662,0.0600868184244134,0.00198292082722056
0.0772759392487404,0.0251656264460283,0.0841448369196991,-0.00302394271505285,0.0515537366223229,-0.0272240055571891,-0.0226335922732178,0.0474907083907447,0.00153380789196758
0.102728065572535,0.025606773715818,0.0723820835990006,-0.00204002472314063,0.045104611874497,-0.0271215795138727,-0.00705321064366826,0.0386308588889751,0.012843521240894
0.129170345171488,0.0211012159927821,0.0553580677143925,0.000521749369614682,0.0389161299984257,-0.0197546179664887,0.00276419772734428,0.0246090323417454,0.0229584414451345
0.15054496570409,0.0139546369085406,0.0339810909974894,-0.00378832099161627,0.0259293317565534,-0.0113279292576174,0.00762747836385087,0.00858907288164617,0.0196468966621614
0.173329419925635,0.0138341431164715,0.0209700290711799,-0.00646766111627735,0.0199759134913375,-0.00816516733794417,0.0201859465141562,0.000667022458748605,0.0220831352387781
0.186081686756631,0.00975576519101428,0.00970615987157731,-0.0115916684293687,0.00688313732164973,-0.0132408755429795,0.0218231144092978,-0.00117785890277435,0.0229638970255826
0.181987565839542,0.00761499760176608,0.00214074047705615,-0.0121544517164047,-0.000576138319658261,-0.0142921595637335,0.021562184854192,-0.00586733287429039,0.0247525299100358
0.179949203244992,0.0112139157438475,-0.00615171974667019,-0.0133117817316877,-0.00773415934881887,-0.0162957163453093,0.0198484039686197,-0.0071191252696521,0.0214902531968388
0.0391331043169723,-0.00441313259056311,0.0130865385087467,0.00466160778999115,-0.130519543534777,0.0162050812238389,0.0189414444382419,0.0295271139606796,0.0335642761148562
0.0286696323478197,-0.00121290382653288,0.0208203939228758,0.00716841995451177,-0.133207889917524,0.0152334769804176,0.0163900307969975,0.0373539967616752,0.0365689905675809
0.0195820362110174,-0.000530930243836305,0.0260881553106124,-0.000537974516828651,-0.13091145110669,0.00847540528236884,0.0131118336430047,0.0569374456285061,0.0408009482514311
0.00930176620284721,-0.000977616403760205,0.0337082248594494,-0.00435704384829796,-0.126087954963026,0.00613354085944677,0.00639830697926525,0.0633228415166241,0.0355120463299191
0.00840414435138646,0.0022510097592458,0.0411618677409395,-0.010492728242155,-0.113713968893135,-0.00197564017813318,0.00213526698540028,0.066015686064847,0.0276496569641354
0.00112121866817726,0.00469445892858739,0.0528996578727726,-0.00796866326906891,-0.0982526716162436,-0.00571412426893276,-0.00220392100596951,0.0655838307835232,0.0232059489738441
0.00185039978203194,0.00926743824807236,0.0697258122246469,-0.00653680806564452,-0.0725582437102477,-0.0175767452238549,-0.00486065017466878,0.0739161218217935,0.0177424495448062
0.00670158180198254,0.0174127482460453,0.0823297475074685,-0.0080092052310086,-0.0467529505828716,-0.0271631699561282,-0.00235929795884856,0.0775151477091127,0.0151814367031947
0.0168468527269225,0.0227984019215389,0.0894701507903077,-0.0109533088918059,-0.0191876730890389,-0.033192264930911,0.000961455539580963,0.0871522669892949,0.014849304077346
0.0238915176048721,0.026532312305587,0.0926331691560878,-0.00699367459126573,-0.00555701690015638,-0.0357508275584866,0.00400120286307952,0.0904767594756038,0.0230932146504868
0.0434839238550211,0.0328454381736405,0.0897787443412299,-0.000459964211134518,0.00907317174484014,-0.0317762229922854,0.0073146341420742,0.0904725976117476,0.0290085108045706
0.0569743168765823,0.028511502188354,0.0863227185937306,-7.74932740361771e-06,0.0240189078968794,-0.0280558552141773,-0.000409359680314969,0.0731956392602186,0.0170254670708892
0.0775283477287255,0.0284366462873537,0.0814207241171203,0.00063663808081726,0.0329121712857302,-0.0267965300084334,-0.00540604658954924,0.061025873711886,0.0107618156705074
0.0966752187630065,0.0264768351695135,0.0774725681756312,0.000953513500305553,0.0357523089011524,-0.0289956029901771,0.00393204246232265,0.0512860361109337,0.0188531846795661
0.1178560405053,0.0308062705443862,0.0757530060216054,0.000246960872834786,0.0361540531057226,-0.0359668159004673,0.0209254599264718,0.0535322286878225,0.0312506366390904
0.139308923599149,0.0315331853732015,0.0620759963047365,0.00137888611030445,0.0345790871732978,-0.0328789050921449,0.0274125790294035,0.044481339729946,0.0338004023997106
0.161570493715552,0.0197753521958767,0.0405617267290511,-0.0029107490133437,0.0287172909126301,-0.0220801729708237,0.0233103479992048,0.019645544953254,0.0228935122306527
0.17538664421371,0.0190246307653921,0.0228150180872792,-0.00864423406143222,0.0183081717720852,-0.0198398397596466,0.0319516317171141,0.0151849007094235,0.0261262221726148
0.184797654279606,0.0159224787777662,0.01228310513411,-0.00849643942576916,0.00771073840166747,-0.017513417671577,0.0313449107100884,0.00869302809325841,0.0242820654297451
0.186728387063938,0.0191014326637556,0.00372814366186176,-0.00716139137918809,0.00017612696588417,-0.0199421394836297,0.0340179679354135,0.00376032794521886,0.0226849064523007
0.178053729715641,0.0139646124678439,-0.00249232581420855,-0.010360596330043,-0.0101041342151443,-0.0168010203549205,0.0277717051483354,0.00408671200704601,0.0258689969049665
