-0.0064751213860905,-0.0325914137879184,-0.0786186938962933,0.00274123252160724,0.0409184195386986,-0.0133956639028673,-0.0371603945845339,0.00961445098058908,0.240296901504264,0.00039375061326942
0.00952271716072803,-0.0302937528540072,-0.0774972615334687,0.00230284363152822,0.039467519506127,-0.015503711763962,-0.0378307475236007,-0.00561173576728019,0.235494613532611,0.002346179430986
0.0284718030380581,-0.0310895838332283,-0.073404351901579,0.00883612017381765,0.0441567204443827,-0.014752891634211,-0.0380885691921565,-0.020704059735816,0.232475895921349,-0.00142926823909703
0.0574918689433634,-0.0241770236689335,-0.0753028536870719,0.00642348755880204,0.0492173654525908,-0.0074844876490826,-0.0337186193435011,-0.0265842211272047,0.211568821400231,-0.00946773142731075
0.0854046458076818,-0.0064167097724749,-0.0763759681309194,-0.000819386451732509,0.0638286102180322,0.00836385834498715,-0.0249290556430705,-0.0268224378539398,0.160896540288267,-0.0267562790174677
0.106014119202281,0.00791979526057159,-0.0806589419058452,-0.0101362009703106,0.0750298317817174,0.0193721024788859,-0.0173813602436628,-0.0249184091953261,0.118541029760527,-0.0398685984702418
0.116118034523221,0.0141504582426099,-0.0947547326906892,-0.01504759263931,0.0822455249542223,0.0236331625664619,-0.0133258018025521,-0.0193784691159975,0.085698823576153,-0.052595614961949
0.120377628708257,0.0193906075748259,-0.110029039440137,-0.0208020187428862,0.0959721207789052,0.0316834551302964,-0.00800125310890053,-0.0107134711111783,0.0500152199357339,-0.0601089414736714
0.105025573916952,0.00929100943470144,-0.12024026297647,-0.0198650987574958,0.104979774413423,0.0363863568411312,-0.00915792755729031,0.000405374465419582,0.0292622867162521,-0.0655608199459605
0.087196127965619,0.0100972792543857,-0.136196361620577,-0.0236970060280949,0.106484022787794,0.0356383189575239,-0.0112733009178587,0.0122174049458873,0.00489373679121297,-0.0680994994509315
0.0602337147369702,0.00754566158071644,-0.153489447173599,-0.0264856127607653,0.0959684162641646,0.0274581295048298,-0.0152083237433707,0.0234201713104232,0.00439977273418849,-0.069781711117126
0.0352544430760712,0.0119916599297018,-0.168635220577915,-0.0343815658608086,0.083728681502161,0.0200266421375022,-0.0204610949113124,0.0338715568293299,-0.00115550045829403,-0.068741714333451
0.0104193089141187,0.0206235547735059,-0.183646122329794,-0.0382603158520361,0.055939682751302,0.00855202418690699,-0.0299174673881746,0.0326654922029055,0.00646849293095528,-0.0736961719725509
-0.0135017742656508,0.0318610009439376,-0.187417710144354,-0.0454004601503295,0.030746764943174,-0.00152200032550726,-0.0384669967365724,0.0269523088823014,0.0203387641362706,-0.0737633247407099
-0.0297297678535384,0.0448529795049792,-0.192668953112197,-0.0490499916886343,0.00175972198469114,-0.00657080446456364,-0.0452036200402188,0.013627420722725,0.0342238064411045,-0.0712795942909866
-0.0417811314870454,0.0547693096615591,-0.189883817606717,-0.0525374246774372,-0.0220838092033642,-0.0116412599850337,-0.050073885053216,0.0033489058898599,0.0490686483342664,-0.0701545884151226
-0.0444820952346543,0.0639013950489585,-0.182131552536219,-0.0534090335448796,-0.0336850339970976,-0.0106595112445627,-0.0515164215747135,-0.00184420675796432,0.0617612509869197,-0.0714473639280868
-0.0196402784286431,-0.0153063065215702,-0.0144976472992461,0.00385303044073919,0.0246827808030885,-0.0103113767655686,-0.05064479680598,0.00948337980647575,0.215259700096439,0.0402246939862686
-0.00877494772698637,-0.0181389345323949,-0.0120472110131923,0.00349973032463485,0.0301966988319577,-0.0123966859269457,-0.0508744748512048,-0.00313036940425522,0.21412931760095,0.0449394306948345
0.0231431619292326,-0.00770403725332174,-0.00466206773786207,0.00546074836340682,0.0352933326256796,-0.00866164181533671,-0.0497359475398664,-0.0219524545455994,0.198587788474868,0.0406884390163387
0.0518371867571216,0.000985921194554051,-0.00703790347258074,0.00372293878920491,0.0421606333776911,-0.00440555889879937,-0.0472750994736531,-0.03238386433523,0.17163980226221,0.0289154409606138
0.0857017179737325,0.0168800098760105,-0.0101926905210722,-0.00495640721106726,0.059507647213803,0.0147333860362637,-0.0362499145891545,-0.0309586871828615,0.113367302497998,0.0106566078314917
0.107062370836012,0.0297091593154397,-0.0157061377353686,-0.00973098311863467,0.0631318362418371,0.0197869134560543,-0.0343252373965654,-0.0331330002906547,0.0730180825067101,0.000146320589260967
0.121021735880837,0.0349756376493271,-0.0268835551953315,-0.0135848973008269,0.0757918200679949,0.0250836157509658,-0.0285889875277196,-0.0298464361990447,0.0369191460179512,-0.0152595591530781
0.120378616032245,0.0267253534744604,-0.0436678557109849,-0.014635737878338,0.0965538936481954,0.0293402437011005,-0.0235121167542207,-0.0114038249467458,-0.00188923372284622,-0.0292898077573955
0.100318891788632,0.0166741916432733,-0.0592699043552946,-0.0152260519711303,0.104704336725439,0.0320048817801035,-0.0255894708475812,0.00197420209669127,-0.0286771857931174,-0.033418845152486
0.0818156023968173,0.0133872951492794,-0.0835685990384437,-0.0181302189214255,0.107364020307148,0.0313977993425915,-0.0264013208464129,0.0151449431411448,-0.0571989013383422,-0.0352356997723847
0.0569564369434528,0.0130049590371328,-0.101539615075269,-0.0205713139005291,0.100657645059582,0.0297643229812895,-0.0288948896115077,0.0282444582441742,-0.0620287072611603,-0.0425417153608808
0.0190657292045367,0.0126116753538492,-0.120593661626146,-0.0260946776263695,0.0781028552970697,0.0180306185822804,-0.0405878628645286,0.0370552610496624,-0.0629598639324669,-0.0360288985139816
-0.0134366233326919,0.0240965251069502,-0.130427511677826,-0.0310575951546732,0.051372242660435,0.00840750353702868,-0.0533316232812671,0.0330845044070354,-0.0522970088318576,-0.0370795258907682
-0.0415200888553306,0.0392597146342672,-0.141953202759363,-0.0407367341789485,0.0137640425756823,-0.00685313633772057,-0.0622160309639759,0.0238495029742857,-0.0329449809135893,-0.0416801956678595
-0.0572205631084215,0.0561409774496296,-0.143895862829747,-0.0428195777947371,-0.0127491393984957,-0.0104180740182684,-0.0694104826744729,0.0126130240041273,-0.0166931191447159,-0.043539449882882
-0.0677094151307146,0.0735483107209532,-0.137180648242946,-0.050279912266024,-0.0384015086323564,-0.0162489297247133,-0.0755512578506462,-0.00422648393938629,0.00309797063374827,-0.0432407321538857
-0.0674978316279043,0.0796676550285502,-0.127880220593312,-0.0485184471726746,-0.0508857027843575,-0.0187298095135602,-0.0784354884072181,-0.0139174574818897,0.0193592530107936,-0.0422230814742482
-0.0342069702776995,0.00695541550605299,0.0366629275695225,-0.00341001514001442,0.0168105492723478,0.002444038371338,-0.0543460347854656,0.0314989864563316,0.180299696270337,0.0606639210100329
-0.0198632910944248,0.00605995101234729,0.0372669145630438,-0.00654221984482303,0.0201632973298147,0.00295022487175701,-0.0553401333860826,0.0142360397279198,0.174419147659495,0.0659019040020758
0.0102617441293978,0.0188972150509511,0.0426467257341622,-0.00807260303301579,0.0268633709729926,0.00884093183030136,-0.0540817692468017,-0.00786164021186806,0.154379408916242,0.0645747529720102
0.0477779888087389,0.0271298087927407,0.0446208986687053,-0.00905199854965842,0.0302418144786985,0.013051373012984,-0.0532461527264243,-0.0283314176987734,0.12434334511918,0.0571954935738149
0.0857915825802347,0.0439018237597417,0.0420390981592631,-0.0142819189190901,0.038870356184885,0.0221815551237246,-0.0464618670219082,-0.0336447260479608,0.0767412694725386,0.0408162580675091
0.11421700983944,0.0496425363690136,0.0347696164127366,-0.0165643460684274,0.0468820143425651,0.0234042166981925,-0.0449582901664945,-0.0386055751842324,0.031936602496775,0.0284103666906864
0.122472617017804,0.0388389976070756,0.0223120538124975,-0.0132521928603502,0.0652608937753947,0.0238244382857033,-0.0413444082558994,-0.0289178381606282,-0.00585088985399827,0.0136383465729481
0.122303520953269,0.0276507786377207,0.00737552233528266,-0.0128159234395261,0.0840740549468741,0.0241745085028845,-0.0410355781775575,-0.0133085793474651,-0.049625000843039,0.00352408323595441
0.106933110320225,0.0111077491752992,-0.016495162123459,-0.00971177524221054,0.0948535822501712,0.0238086481806196,-0.0434335171641771,-0.00150891468374449,-0.0789812695602853,-0.00546036237499321
0.0803784625374018,0.002822510003375,-0.0398846548026037,-0.00868455485021744,0.0981631972619525,0.0244928868586883,-0.0468094908078865,0.0139096544025741,-0.104905250178126,-0.0122058986364819
0.0451859086466233,0.000669113956409023,-0.056988099165393,-0.0106793983291035,0.0920465075688894,0.0231522191719346,-0.0519728011360372,0.0214704273170721,-0.108141056223321,-0.0171084296313373
0.00438982683249745,0.00333284347151933,-0.0739382236529244,-0.0131837450289218,0.0727337419040785,0.0160547159429712,-0.061344424688344,0.0286129368797534,-0.102148470753725,-0.0154412295334484
-0.0355516247875412,0.0154029379474549,-0.0818791780598085,-0.0194485119991372,0.0401743528376197,0.00168289570096163,-0.073920734227796,0.0263602942996514,-0.0805697022183398,-0.0167503213652666
-0.0660830626864547,0.0346458913293296,-0.0915246396281093,-0.0312510814976881,0.00193384865823504,-0.0107141783971561,-0.0837287784123936,0.0166867571655809,-0.0600950747386898,-0.0195286846011933
-0.081432513504054,0.0533995970442838,-0.0960458681032602,-0.0331918700829556,-0.0298106138083862,-0.02091369147477,-0.0916014285766479,0.00531985929073009,-0.0414198837061902,-0.0244835919772703
-0.0918944987162912,0.0769484484465706,-0.0928650326447058,-0.0416001884094576,-0.0554105907290845,-0.0233225503853157,-0.094454612511711,-0.0105890950146768,-0.0200635210436221,-0.0293716179015594
-0.0901204919836926,0.0872878638531757,-0.0842481692338984,-0.041898347639019,-0.0654421411722308,-0.0260726490783669,-0.0924069359393468,-0.0164008252187016,-0.00308027885707596,-0.0280066377118869
-0.0411102935628512,0.0206611031449219,0.0674863615476991,-0.00753506788899919,0.0174127998195437,0.0146886050587263,-0.0512318561089882,0.0553587576999207,0.148357970792119,0.0733118965615668
-0.0213620810874932,0.0222332274120418,0.0676243328828916,-0.0145555599876738,0.0230521076805981,0.0209728109957265,-0.0483968128675422,0.0370343256503586,0.133948119469417,0.0775136789655103
0.0046073225965365,0.039193898012448,0.0732007519833866,-0.0240807112739679,0.0155946816768438,0.0258615696711283,-0.0503865962029218,0.0142416986612413,0.111622425778973,0.0840135187085592
0.0443516543089062,0.0507130754300541,0.0734983074664492,-0.0291386825346183,0.0162592349670143,0.0254212219058375,-0.0520204029893436,-0.0108290519169129,0.0744279817111934,0.0820315428098247
0.0799068542641607,0.0596649444158217,0.0745892726756054,-0.0312969381967124,0.0189899162550384,0.0266850246955157,-0.0506885400784395,-0.0235917531177315,0.033577898027802,0.0681095094203153
0.110958391311083,0.0560574712339113,0.0656375160128925,-0.028688060542891,0.0267623198003697,0.0216675335084705,-0.0524223738499968,-0.0346875980553862,-0.00290409331768246,0.0548069323518008
0.126513808215595,0.0406551122514852,0.0557690058744697,-0.0197355269028851,0.0458766253189064,0.0212265082212872,-0.0539776590064254,-0.0349403991509846,-0.0456918670149877,0.0396202160431481
0.122909848797053,0.0166591901274194,0.0373844739534316,-0.0107957026900242,0.0682063412079833,0.0198271630480125,-0.0544193563520899,-0.0225319658029117,-0.0866460768499887,0.0298751437998364
0.102218459280145,-0.00364008853870549,0.012893839889353,-0.00512002480962862,0.0778397263326501,0.0212700533991153,-0.0571790612249523,-0.00942361798121932,-0.110492041998597,0.0199184327631409
0.0729426223305292,-0.0167097185450992,-0.00574970109110378,-0.00226760621426242,0.0872562796353257,0.0207843449643747,-0.0612481576750224,0.00435005779804477,-0.128821546166954,0.0140440465072913
0.0295843941981909,-0.0269067664498697,-0.0196873242872149,0.00205450700959578,0.0872697348478045,0.0181019550910639,-0.0698688867266117,0.0147712647731973,-0.131098903727186,0.0113211355192281
-0.0153005255626097,-0.0276134609522844,-0.0300868658865546,0.00317242450833149,0.0704965374111323,0.0119219944169559,-0.080438238219886,0.0199961449218614,-0.115024307314297,0.00762002622171653
-0.0589102465977928,-0.013615008244645,-0.0383415690687811,-0.00293680668092072,0.0345946830765119,-0.0012785318846367,-0.0947901556288681,0.0143905834922258,-0.0872819316096881,0.00374142978166641
-0.0907601244893411,0.0174452060236986,-0.0446565814356278,-0.016285982438842,-0.00104340480869185,-0.0117742307171228,-0.102472654309314,0.0100784687584847,-0.0685265388970417,-0.00538078835261471
-0.108947803795136,0.0411842088072229,-0.0459666663805216,-0.0212632436898572,-0.0305823752960531,-0.0168867680403374,-0.107015906786383,-0.00576350508856422,-0.0435586376698981,-0.0124749693791476
-0.113712278767549,0.0642260421588829,-0.0457625091052492,-0.0277120650801336,-0.0614882011153119,-0.0236545603433611,-0.112022767483615,-0.0246809773599447,-0.0253399078577049,-0.0185191788908437
-0.107992305149017,0.0820125888872686,-0.0381728551048702,-0.0318001772707585,-0.0718484752830561,-0.0207675162532879,-0.104289104648423,-0.0316601911271649,-0.00242740508707667,-0.02195057114746
-0.0413950462939771,0.0340317163312877,0.0773629829509469,-0.0150103178640612,0.0149621818364767,0.0286121928670955,-0.0389293958764736,0.0904934346141301,0.107187121001755,0.0719853044282466
-0.0227885818853041,0.0451802592960433,0.0842243206203226,-0.0247368526804963,0.0128029098654787,0.0354437350810603,-0.040226698423226,0.0737588645732401,0.0889962986783981,0.0830697744995545
0.0040976013666459,0.0557052945320028,0.0859995777076117,-0.0378359224343595,0.000985974070969028,0.0326331988856079,-0.0446256148675228,0.0471282094820936,0.0652200840027508,0.0937055516881939
0.0390624046569416,0.0656624055406498,0.0886608215026607,-0.0456975509943383,-0.00647330321436854,0.0306053124875411,-0.0481219366790117,0.016821199304628,0.0368019458505825,0.0936237364667882
0.0768152049625641,0.0614256633667613,0.0828511999812166,-0.046738122812645,-0.0138378640749938,0.0228952574984505,-0.0528323413023373,-0.0148880716393885,0.00643984316358571,0.0864408058793576
0.100649741840252,0.0431935666025032,0.0712312765616251,-0.0415114371697795,0.00172760235156821,0.0177522529436932,-0.0534154633394064,-0.0198620225036184,-0.0315041798355842,0.0728314236222064
0.116439807280955,0.0292801524162552,0.0697229547180297,-0.0301256466820569,0.0219019743837087,0.0173895684201815,-0.0585226762331628,-0.0265793617991655,-0.0739970657178622,0.0612928717459187
0.110154127212391,0.00037298999948249,0.0558052883070242,-0.0140692205646599,0.0431190491657405,0.0154381341242336,-0.0647841515401762,-0.0262233919826371,-0.103842810979914,0.0491987957605059
0.0865894912452702,-0.0331948367083229,0.0356065708599166,-0.00168431138537788,0.0547798156291877,0.0109102884121028,-0.0675974916915069,-0.0117777273411788,-0.107700062906029,0.0374273274821133
0.0550771501134005,-0.0608834582601447,0.0154910646472517,0.0122123708934604,0.0624764495956163,0.00563945949593658,-0.0758579014437236,-0.00405884859484156,-0.117095191721232,0.0309299100812203
0.00894147335924359,-0.0697383133706236,0.00302466337874761,0.0185085697867243,0.0630736133094787,0.00568071680598004,-0.0844558272948993,0.00266278667509011,-0.113276341912954,0.027155892856545
-0.0374961036017555,-0.0635890382247875,-0.00503463777163451,0.0164619195178781,0.0550441676802421,0.00392209066006592,-0.0910713554927735,0.0116499090887448,-0.10325184428766,0.0171860615635948
-0.0782313404257057,-0.0470696752147213,-0.00762666862680769,0.00925426444865565,0.0266545711720046,-0.00421479599464955,-0.102203271409194,0.00780839288144081,-0.0761186148591766,0.00903546070174141
-0.112035890971967,-0.00825433144800739,-0.00758092166389289,-0.00364228831521861,-0.00901511958613645,-0.00648809952584781,-0.112472251599949,-0.00180427869728446,-0.0552002979237202,-0.00299181265751045
-0.123432592480202,0.0279350602511921,-0.00169681762762215,-0.014948380842508,-0.0362999113228263,-0.00647136674731,-0.113889664920336,-0.0171402194058409,-0.0413639926051401,-0.0150258057786465
-0.128168240150054,0.0551949752113591,0.00112328291069689,-0.020900065597764,-0.059008307314156,-0.00708644858573943,-0.111852418311222,-0.0329403223504933,-0.016794823197142,-0.0226895350606054
-0.122312239890317,0.0737775988187427,0.000718159527574687,-0.0254235663384977,-0.0648428653177835,-0.00657020767747336,-0.104350943806968,-0.0372369886680279,-0.00244668157173895,-0.0227955526159701
-0.0409703937351592,0.0415308443746236,0.07619134407795,-0.0199412157945609,0.00915194887417684,0.0386761307218083,-0.0243204969076192,0.129644432962388,0.0723602520133437,0.06729488855034
-0.0273344743454633,0.0492865071634041,0.0777909598695241,-0.0331735784292197,-0.00159497433949089,0.0415579403046592,-0.0251082395800409,0.118885544765951,0.0543680756673849,0.0813662439065615
-0.00290663134816891,0.0595361131487074,0.0851340924118227,-0.0450221321999288,-0.0167035693860156,0.0346727469136491,-0.032281872268088,0.093015672437642,0.028803681593062,0.0900329801915287
0.0352715584911855,0.0604302817540564,0.0842082057785005,-0.0534806940886637,-0.0301035654873727,0.0250531561213455,-0.0380617389995244,0.0588001611912989,0.000547818807482127,0.0909072506430232
0.071557278156364,0.0475393145237719,0.0714580533040581,-0.0540295143443739,-0.0401331067372481,0.0127179337336456,-0.0443574968049329,0.0166535713094799,-0.0232762127789213,0.0860516471939006
0.088638977053327,0.0224468696970351,0.0614972010264324,-0.0460610475638392,-0.033697443196177,0.00753857791488457,-0.0492240716121844,-0.00512851871844798,-0.0415551263271931,0.0760438548865528
0.0985552729161643,-0.00225521774775877,0.0541215516819706,-0.0337839779844384,-0.0233797618719351,0.00380625955146597,-0.0559309216403906,-0.0250899063013197,-0.0638302553105783,0.0677152955603477
0.0928903014495844,-0.0395688159956767,0.0461412599881497,-0.0140819689814025,-0.0032351720465914,-0.00201821574569143,-0.0643615513421844,-0.029838967637735,-0.0795835288368036,0.0597381137193124
0.066741403373055,-0.0784210928761442,0.0316210443372432,0.00615027342987848,0.0133346733992087,-0.00507039487275105,-0.0707338042106458,-0.0244160765548142,-0.0781158153133094,0.0472588824165072
0.0316105247952609,-0.104105457242531,0.0218918557485833,0.0225109985355857,0.0251333162665377,-0.00637118293335157,-0.0777137007386667,-0.0158855224158945,-0.0798577186060715,0.0347537200087718
-0.00851580844102616,-0.112326079602356,0.0171075548355545,0.0285871875136256,0.0358830740578764,-0.00188278188638568,-0.0816298837797273,-0.00756866482715971,-0.0750329702328521,0.02350529543903
-0.0490856860936231,-0.100511593086616,0.0174693476050714,0.0237378890291988,0.0360712187466276,0.003741202013548,-0.0857765546083922,-0.00331086508261117,-0.0664349454785954,0.0145528900683414
-0.0893717364358091,-0.0794872080478658,0.0188642620709011,0.0174901967658805,0.0181359533477254,0.00235883856840722,-0.0958848618992197,-0.00496821972250212,-0.0518423096374497,0.00195174499696353
-0.116442683867226,-0.0316509085916011,0.0325864250678995,0.00680406698410995,-0.00542630629347492,0.00691578584142431,-0.105315269527656,-0.0171989191287743,-0.037717128458345,-0.0128717974516995
-0.126844684591495,0.00642241234515122,0.03781739733391,-0.00403317448982751,-0.0279356614528993,0.0104301739131236,-0.105944709166616,-0.0265932742864834,-0.0255000976088983,-0.0296748256123797
-0.129805223320191,0.0431409202771567,0.0407120116234946,-0.0140290334660782,-0.0487618516720645,0.0112834846899673,-0.100583746124153,-0.0384448364729204,-0.00634691752867795,-0.0398006060954358
-0.124197417973185,0.0654581814053601,0.0377390579999166,-0.0201745603099767,-0.0553026113722824,0.00749657650883285,-0.0922862592116955,-0.0400774094869062,0.00439683132245027,-0.041188935274207
-0.0368713959778226,0.0379088432066251,0.0603881266480615,-0.0231626380453764,0.00190298785121179,0.0434433256193398,-0.000699336672951338,0.172806268630552,0.0452682385875353,0.0462816027629807
-0.0234651971217363,0.0460115963167271,0.0592746848127266,-0.0394977855272918,-0.00597353381558539,0.0477732312816152,0.001344256564891,0.164571713028375,0.0240302838887079,0.0590551448532291
0.00720283945235369,0.0523512233997884,0.0633539658271524,-0.0535114426908914,-0.0289474296797143,0.0368399542606491,-0.00686819823290134,0.133031131275907,-0.00184069955787546,0.072464517925748
0.0348855837384863,0.0394276873252797,0.0570141302302789,-0.0560604827621577,-0.047183223070551,0.0259660992127911,-0.0158018220385156,0.0989710549894521,-0.0225215838650776,0.0729764166097403
0.0628204106170243,0.0268599662360836,0.0464818767155953,-0.0553741225707116,-0.0680754767960891,0.00938328752199157,-0.0287326872941857,0.0464635233766641,-0.0369082803475963,0.0711089546260843
0.0756898602792324,-0.00292539922450257,0.0363685181571449,-0.052610730431945,-0.0747122180899374,-0.00283831234917603,-0.0366238145727979,0.0102231874206644,-0.0402531063488557,0.0691332224449252
0.0738088550244141,-0.0400771603987088,0.0316670152357647,-0.0341508546174659,-0.0628854788858035,-0.00926001946965352,-0.0482302810364656,-0.0175911250529351,-0.0447341284802015,0.0627554563400293
0.0661044709684222,-0.084596266064638,0.0234698257180757,-0.0135338992014086,-0.0433510501895178,-0.0129555113372314,-0.055877861122685,-0.0327704711009309,-0.0467735039442413,0.0561914794397766
0.0440796034975951,-0.121567884691206,0.0198994725322551,0.00508426295483098,-0.0207438835211808,-0.0118589893020431,-0.059144665608548,-0.0321022927171339,-0.0429164525791446,0.0451457311549007
0.0112130452268442,-0.146664809370137,0.0194793165568675,0.0244186429876552,0.0047615796325147,-0.00818056892658307,-0.0620812166132885,-0.0188737606212408,-0.0402817753352968,0.0314864442145803
-0.0234885276153437,-0.152535238374269,0.0245724839751455,0.0305220024443468,0.0253789085635476,0.00371890519646732,-0.063313368901793,-0.0116511649397967,-0.035184562529286,0.0162721355558319
-0.0534968992798065,-0.132208189176238,0.0288462518795093,0.0264547769406432,0.0288169557282946,0.0104764719144361,-0.0660206372361773,-0.0121033532072789,-0.0324735379003696,0.00381984404746406
-0.0851981881556819,-0.0986891365429262,0.0383949272769628,0.019033031485629,0.0204810194035033,0.0184659800732514,-0.0700140816226895,-0.0152466075234613,-0.0217224192145993,-0.0163756659652902
-0.109073460510704,-0.0502977423463194,0.0567660842630674,0.00530158052151933,0.00152262489783301,0.0272845449577247,-0.0766920622400113,-0.0252074491017569,-0.0108140858540412,-0.0356696292416854
-0.119244524348407,-0.00580018260081545,0.0649372315843339,-0.00350676516665481,-0.0145483395379016,0.029437766170152,-0.0790303208958683,-0.0323107109816987,-0.00272173720108662,-0.0542916595735055
-0.113620158114884,0.0350993538644148,0.0667327707630839,-0.0140415644523246,-0.0373640176720861,0.0280645208685332,-0.0751597339907725,-0.0460368699871059,0.0120556038632204,-0.0651295548816127
-0.104449399223189,0.0622967597773457,0.0672864144728031,-0.0209605845187666,-0.043860682429772,0.0220640468958282,-0.0710529907441741,-0.0467939993326825,0.013743231209919,-0.0675163053966138
-0.0274486552570401,0.0293436794770441,0.0397956478028828,-0.0104914608962915,-0.00275887568871887,0.0393495484127317,0.0177985038440329,0.201012848217087,0.0155824973450171,0.0236455191433171
-0.0161506255707011,0.0320069545185603,0.0337831907589518,-0.0312737134989431,-0.02028448268014,0.0410754867646652,0.0224897293582879,0.196622595866242,0.00196470509785761,0.0305876635693526
0.0156437368867654,0.0299208948307491,0.0307402528858478,-0.0424154516794081,-0.0449806636814344,0.0300734023175951,0.0147866877908223,0.162693768901596,-0.0216068199183953,0.0334140994383541
0.0347650938966136,0.0201197303634843,0.0273135178265662,-0.0482170780057321,-0.0712442413859569,0.0189683585144209,0.00281427383246147,0.116908962886859,-0.0322411140610975,0.0389981606788821
0.0552975744820422,0.00430147685562724,0.0182919039907808,-0.0568712661774289,-0.099108538061202,0.00346031827885919,-0.00943468913977617,0.0597102837063371,-0.0376958809116457,0.0466274595326411
0.0695786153042918,-0.0258654320105733,0.00873942770578725,-0.0508367506119221,-0.111146663156319,-0.00848717830184775,-0.019299443712937,0.0142622867374441,-0.0333518284314381,0.0510658211655007
0.0704844461954187,-0.0664250804855149,0.00670311122479767,-0.0373337558236291,-0.107816093901508,-0.0141382852487989,-0.0333237044861721,-0.0291812730524206,-0.0274840939692075,0.050570338969989
0.0553957372217586,-0.119669066375313,0.00648701555421503,-0.0140972731650771,-0.0815392280802605,-0.0137090823880593,-0.0394345297161216,-0.0436984521843042,-0.0164107694690906,0.0392641879351961
0.0307229670639215,-0.155744738908189,0.0116646189388157,0.00646338959871086,-0.0477526836522503,-0.0048721818122408,-0.0404632033384079,-0.042620006244562,-0.00707341402529869,0.0294141970077906
-0.000161859258978232,-0.174381728869933,0.0165850359837209,0.0203299910967144,-0.00488913915084628,0.00497012684225561,-0.0331809926937711,-0.0282659022470556,-0.00284731908171413,0.0213886552591778
-0.0306224052655784,-0.171090055274603,0.0248818607995754,0.0220208515749908,0.0202393420151921,0.0199629500367138,-0.0286936806823979,-0.0176210380655481,-0.00116561178180336,-0.00268697716611347
-0.057510989972606,-0.148711063329393,0.03761188019789,0.0195001821584682,0.0269388049876236,0.0274028632453186,-0.0303696001543373,-0.0161586879974849,0.00418234222053578,-0.0224641358182171
-0.078494366825646,-0.113412625229322,0.0506289838886365,0.0126969159349279,0.0194692936671032,0.0353809855813132,-0.0330968667361248,-0.022261341783216,0.0109877651720802,-0.0459756530026443
-0.0884669140135012,-0.0585665359070017,0.0698388249808413,-0.00053365106502796,0.00294914314770803,0.0399240583143288,-0.0398733646852607,-0.0342106981479142,0.0147356973852818,-0.0678630523520119
-0.0888005322126613,-0.00829606905004516,0.0835174889369906,-0.00774313307561763,-0.0111186779013983,0.0410077072017841,-0.0421603484531948,-0.042680713942337,0.0158988056414969,-0.0905198424833398
-0.0873014258003509,0.0362759432920303,0.0894715224658369,-0.0179836870926282,-0.0299032167778157,0.0397921974573323,-0.0438120079760879,-0.0441744281038188,0.020803528416981,-0.0988897186641615
-0.079419297266026,0.0675416794733334,0.0827781712074961,-0.0224605394792119,-0.0448329042122347,0.0269716638373946,-0.0462537474947187,-0.0504155129763375,0.0173555083096097,-0.100580207410064
-0.0200979319789799,0.0138814151069159,0.0233569816053429,0.0113103332151756,-0.0140615106050219,0.0342814904314536,0.0292233261963759,0.216471926814813,-0.00182669486576602,-0.00413359327513703
-0.010447235537079,0.0176578561146511,0.0136345535731422,-0.00773347332352973,-0.0403654378194378,0.0305745170573171,0.028309974282912,0.204753865657175,-0.0197273618819276,-0.000399708885057331
0.00759997092385656,0.00862412199771035,0.00235929866029879,-0.0200347052553322,-0.0713055838955434,0.0202839958817199,0.0232694657147028,0.173994231325476,-0.027606732110186,0.0049222256062481
0.0325785436653673,0.00243094894634671,-0.00453214529769219,-0.0376193023870846,-0.096876371864806,0.0115236059362116,0.0207959681996117,0.123607317857555,-0.03068941894104,0.0112390152584432
0.0552268631976519,-0.0128924568918312,-0.00873979872588013,-0.0426786777764594,-0.122946386773708,0.00343004392131779,0.00861026020068415,0.0632865667578073,-0.0327797407788912,0.0194292691744385
0.0530476489662568,-0.0421959312799977,-0.0182758591721022,-0.0422716785668349,-0.146122742766858,-0.00559601250560148,-0.00315306860778586,0.000498712379288138,-0.0095584436340691,0.0264933390197733
0.0502978779245612,-0.0848921733556003,-0.0195874765588745,-0.0362010224842908,-0.140007671795365,-0.00750275140176358,-0.00952590041011137,-0.0388141297789325,0.00546157113558654,0.0259648062431166
0.0365086448737886,-0.128571136556787,-0.0140542908331799,-0.0206311632322199,-0.110725626040195,-0.00367554735555988,-0.0130027040897906,-0.0506784359330642,0.0146126192619806,0.0241780376772452
0.0153601323341428,-0.167855507121104,-0.00449023652626176,-0.0032947184983779,-0.0626945531659027,0.00208150139881431,-0.00712556682338009,-0.0418824433684612,0.0263856109641181,0.0131860522986088
-0.010554999339009,-0.180941634114615,0.00430583057492887,0.0060178375691005,-0.0200284605310667,0.0166248761665954,0.00208352835928382,-0.0262486867061413,0.0223697350481897,-0.00180137250336119
-0.0302328116429956,-0.174723429289,0.0212258575206932,0.0101464949243992,0.0121719668377552,0.028256847334619,0.00937612423729692,-0.0165228084493695,0.0255786115092302,-0.0270217868372483
-0.0474248389330725,-0.140575687858555,0.041712640642998,0.00286391004839302,0.0333040894561339,0.0481198040912656,0.0135870699099703,-0.0132324308307834,0.0222295218778812,-0.0536868687992649
-0.0601354486250277,-0.10522181274119,0.0636731225523724,-0.0027522119737548,0.0383524479663197,0.0561093107550221,0.0130758891174044,-0.0178086275176408,0.0271718826069497,-0.0778600842168125
-0.062851898904263,-0.049425706638527,0.086778110930215,-0.0152618153561892,0.0252881604356823,0.0577140184167069,0.00518538333659848,-0.0280967661666295,0.02452958913721,-0.099160236394864
-0.0564645229973843,0.0104369519931156,0.0981101189298372,-0.022471734410747,0.00309629830532099,0.049210291307822,-0.00349726218003993,-0.0421500463690938,0.016624339031865,-0.116443417017479
-0.0480798857620074,0.05651695712182,0.104910162567069,-0.0283741271191551,-0.0160947810670923,0.0396635428710801,-0.0111774407501219,-0.0487130664145311,0.014871150430958,-0.124794772167194
-0.0374992289777503,0.0813040568658216,0.0979876870800895,-0.0277463727664585,-0.0231207553553669,0.0254273248793327,-0.0137857830291304,-0.0465144293649468,0.00635190321810243,-0.126158120351053
-0.0184055317329538,-0.0116667345145343,-0.00283052365809919,0.0488075932106938,-0.029974963644889,0.0215765077502471,0.0380183806600627,0.219492266545708,-0.00891311798007841,-0.0355099947154304
-0.00126452597755889,-0.0105847222692551,-0.0153025585535033,0.030364104114502,-0.05627495715578,0.0162143266820949,0.0396796615393205,0.199558674705478,-0.0169095447262735,-0.0350484187634053
0.0180057177061915,-0.0126518458018766,-0.0258489149580419,0.0130446477842048,-0.0893047211325324,0.00751653857845412,0.0384513158445952,0.159200842825107,-0.0223341279208078,-0.0270605705556899
0.0359368097862106,-0.0147046020394504,-0.0365233991239981,-0.00356590467546411,-0.121136114061084,0.00880741290484593,0.0374130528900847,0.101923595585642,-0.0185110482054067,-0.0207705437084199
0.0441331103935731,-0.0291639153708218,-0.0384677555309126,-0.0219101222050175,-0.150769905910349,0.00440784707340896,0.0271010141870368,0.0414420752630079,-0.0092837301287945,-0.00458928191013171
0.046834100696781,-0.0469547188782095,-0.0414199196152983,-0.0296449668577727,-0.164948274826864,0.00322406809341453,0.0202513069015021,-0.0134327868459118,0.00708749420219883,0.004142664202476
0.0425193765257912,-0.0817681173324742,-0.0426238911359294,-0.032828329120325,-0.158291316844894,0.00248802312508238,0.01836360526318,-0.0471706039580997,0.0193522525024212,0.00651001950511862
0.0288636904215404,-0.114559604903013,-0.0393004445679833,-0.0316417646216505,-0.126472805349378,0.00527631693184379,0.0220941594714935,-0.0599765534693347,0.0292982854703364,0.00917910399435953
0.00891026140651038,-0.138185275969549,-0.021066440386586,-0.0210866592504831,-0.0730464471430285,0.0177444601774501,0.0294402908814607,-0.0530809921192725,0.0353137233874998,0.000434458227168763
-0.00876203260064194,-0.156120773246043,-0.0079688588523179,-0.0145191976297243,-0.0173721995375908,0.0318662249030744,0.0430754879824529,-0.0322336056922728,0.0352489320952349,-0.0151463840510801
-0.0243397163413866,-0.148568719217166,0.0111843954542235,-0.010803857742449,0.0186923081901347,0.0460032267585996,0.0527312036590761,-0.0142593524974084,0.0305208046611904,-0.0411569783318146
-0.0353267928148591,-0.121829911595539,0.0392734218331492,-0.0154039252420925,0.0451784756889933,0.0580123949836302,0.0576243222031242,-0.00197037970468419,0.0286032350699884,-0.0672495491410598
-0.034131428001764,-0.0827916014255155,0.0690561404458419,-0.0190647266444057,0.0530370607623689,0.0594702790187432,0.0542869656204076,-0.00257238665047599,0.0223933951081847,-0.096443850084804
-0.0284185230459189,-0.029564392498837,0.0892576329904541,-0.028783929187836,0.042551683868001,0.0586202151034067,0.0463286605092882,-0.0159373291156748,0.0162551941444351,-0.124709798960223
-0.0172773934006841,0.0244261383147582,0.10610472173015,-0.031931688519801,0.0257715015318002,0.045904720514887,0.0297544738310707,-0.0335073241386957,0.00387062043123517,-0.135788151732797
-0.0111383970714666,0.071818667687974,0.111238235597146,-0.0378414813675855,0.00518115573302364,0.0314286246589133,0.0183770293951456,-0.0390337067609109,-0.00346527734300492,-0.142029713583361
-0.00290515742757043,0.0916472655745349,0.105522516582009,-0.034907012561023,-0.0099942649388554,0.010250601855703,0.00966505657380976,-0.0412804558687811,-0.00482059519356722,-0.136026179860521
-0.00218485753305549,-0.0136830369343902,-0.0176415868766903,0.0849749923966965,-0.0341443732534314,0.0155029221433612,0.0420450645184106,0.185516946366757,-0.00626020819896561,-0.0597697307564747
0.0158493996506951,-0.0082717652095425,-0.0312920883584516,0.0698509293711087,-0.06307475406295,0.0123050931180961,0.0473059075006831,0.165041102432783,-0.0115657356205194,-0.0622023668981977
0.0318248943465415,-0.0119428467302689,-0.0407081308696271,0.0523929453120297,-0.0934523633911243,0.0116255802862242,0.0461720227588413,0.115514293561394,-0.0140599153995488,-0.0510001092209007
0.0408522864529617,-0.00159153887859195,-0.046312411949207,0.025876718199624,-0.128511390841781,0.0154163995183349,0.0433248617441967,0.0563380172756191,-0.00503665752805813,-0.0334153369044604
0.0523495972925365,-0.00471594013062993,-0.0541902056737686,-0.0029908429268133,-0.150161880927624,0.0180417850501017,0.044933343652347,0.00858857340748165,-0.00447399611659474,-0.0214776336072877
0.0447717636382302,-0.0181943878798951,-0.0544157473309631,-0.018616847149138,-0.158077793953558,0.0212307792599994,0.0412830079795797,-0.0349177153124254,0.00565838458308758,-0.00290437547439221
0.0285278477716,-0.0405990902493745,-0.0543534967848703,-0.0349119934194595,-0.143995417442387,0.0288340140927608,0.0444261179606646,-0.0650384077128069,0.0153751592364342,0.00747437447001469
0.016024900531487,-0.0715987414613438,-0.0482288526400938,-0.0443054151685089,-0.111767385974346,0.0335754153513658,0.055397211616011,-0.0728762170424864,0.0308097376389434,0.00761610081458195
0.001641453936882,-0.094780385797949,-0.0337757495706343,-0.0396695644644404,-0.0609829732174227,0.0361939653835055,0.0654301996333209,-0.0598941529087881,0.0353930322634111,0.000269399772811532
-0.00947111579922431,-0.116479254111701,-0.0194196328478727,-0.0351468735007456,-0.0121163181994821,0.0458457412873858,0.0801993499545965,-0.0311879516682568,0.0338739904951087,-0.0210311953727303
-0.0179093441440188,-0.114811984224721,0.00243148414083616,-0.031722761966602,0.0306518672547347,0.044068329924019,0.0845051494420972,-0.00831987615609176,0.0251015377216109,-0.0399259582675353
-0.0161593008476564,-0.0878637030766304,0.0310285059541181,-0.0342465987598193,0.0565046247063671,0.0470650898048375,0.086749027150827,0.00310331542252926,0.017959359525483,-0.0675915738345546
-0.00834531663876033,-0.0536370116693761,0.0602000142094555,-0.036911495911659,0.0637077533200745,0.0418185819326623,0.0823436597591153,0.00700638142161638,0.0110760052669564,-0.0988368863639654
0.00152126645093124,-0.0076264895390219,0.081906264418725,-0.0436282152076542,0.059280361800433,0.0354032901842724,0.0724781235399461,-0.000621260093685607,-0.00148301287504191,-0.122985232653004
0.0154304861485251,0.0425209499981259,0.0977336068456668,-0.045679345491818,0.0319811599562247,0.0166976829777657,0.0525676914599088,-0.0195880119360256,-0.0094358869454976,-0.137265797927008
0.0169010121854045,0.0767121268935298,0.106197697806936,-0.0457011812458034,0.0170626102166586,0.00568845866283242,0.0389561437217132,-0.0269578292685214,-0.013091690864078,-0.138876278339369
0.021450859640815,0.0925848758455999,0.0988161470310035,-0.041621094237126,-0.00131694929408992,-0.0189753583361675,0.0268616228876761,-0.0339247534110729,-0.0164224530103818,-0.133115110088856
0.00775111994658069,-0.0123721419310618,-0.0208426934770265,0.125509817231801,-0.0190861507929089,0.0119287217773726,0.0395856851505081,0.147646715743765,-0.00108025948926457,-0.0656173559073612
0.0242600939976054,-0.00348680952305431,-0.0327576785440205,0.11115200722701,-0.0465731592871945,0.0154543977931921,0.0463595084618126,0.11855013900958,-0.00713511917636972,-0.0717216376827518
0.0373609477143391,0.00741738219711262,-0.0394529927700807,0.0872895189376071,-0.0733881075611577,0.0235723021515175,0.0479250892026235,0.0732338631669165,-0.0133980369885097,-0.053720463239801
0.0491170614589818,0.0185535949353945,-0.0439100092226611,0.0620596069944029,-0.103825376448091,0.0276932437744406,0.0461241387359228,0.0144673981929329,-0.0148923745350343,-0.0371316569834519
0.0536687821898741,0.0262043403768029,-0.0495303734089459,0.0273882527568027,-0.131343976691554,0.0325385657317613,0.0483900314469458,-0.0339761284809479,-0.0101739193659732,-0.0190383048241676
0.0380721171839942,0.029645378250774,-0.0478103541802476,-0.00487155881803254,-0.137870333542609,0.0385059686360912,0.0489923489948313,-0.0714420920854823,-0.00721385584904789,0.00593429421678267
0.0206167704464609,0.0144130636463823,-0.0462241530478064,-0.0327479234996454,-0.120328514358953,0.0464527169454834,0.0595070798754267,-0.0902452165887244,0.00271424566637356,0.0242894484314366
0.000335126778591583,-0.0166692350796065,-0.0408729271790439,-0.0502446964027541,-0.0840064888238764,0.048626258539556,0.0729821814743183,-0.0831525960147392,0.0136329850180167,0.0294266828388648
-0.0113265020410471,-0.046832340481134,-0.0372332183831585,-0.0538181414268611,-0.0369250439116008,0.0493445625734323,0.0875541399822531,-0.060856645517256,0.0179324038136409,0.0210127219733717
-0.0205881046521217,-0.0710410716615669,-0.0209585291774052,-0.046537905174665,0.0109712312330029,0.046805850389198,0.0960667867610254,-0.0305898154200867,0.0171937018908598,0.00237401954514033
-0.0204895267634234,-0.0742145054797,-0.00497474455330591,-0.048696039477699,0.0422851443823448,0.0329898761235068,0.100621874579868,-0.0110822324295773,0.0126161160077186,-0.0191783397654486
-0.00793581330363661,-0.0603122762103023,0.0205526036519038,-0.0486267863994,0.0656988135081108,0.028033242599058,0.105274607483147,0.00880331749725586,0.0033594988221526,-0.0498952531814438
0.00118828762892408,-0.0324863648434456,0.0432392695812716,-0.0491125650496643,0.0685381024861685,0.0162122118409656,0.100805502427526,0.0152691422530198,-0.00116261860444198,-0.0802200345113777
0.0170733213841032,0.0109878648369584,0.0685214920257001,-0.0528835963055991,0.0577745216842008,0.000189319756213929,0.086275365460164,0.00581924774026962,-0.0100234799115285,-0.106100286660635
0.032334554994166,0.0526765550579931,0.083220079000027,-0.0496827708081089,0.0381309952568097,-0.0202153128060054,0.0670023594817816,-0.00978330506502536,-0.0172133643071354,-0.126021465725881
0.0411498485391063,0.0776768427810796,0.0908148367444307,-0.0439975461061725,0.0181511895519619,-0.0370646236138383,0.0502166374028238,-0.0200104957001816,-0.021904398688408,-0.128611226304723
0.0426593506894288,0.0896280453899023,0.0889689776666023,-0.0372536094213032,-0.0082300314902737,-0.0589620856593595,0.0309763039944845,-0.0354315652835964,-0.0211968180047092,-0.119865823370131
0.00924654544563989,-0.00513826826753495,-0.0103727533260947,0.157365925518561,-0.009242073945129,0.0085516158476811,0.0305743029679463,0.0989829221901198,0.00554727002931785,-0.0588210575022831
0.0246236566709939,0.00745504632122801,-0.0174238829452766,0.155542733426977,-0.0247109540539747,0.0177346028321205,0.0318544635187561,0.0732853172285125,-0.00415632800539338,-0.0628997572624725
0.0427655323982884,0.0259813029237488,-0.0282424721022383,0.127499300534003,-0.0521735847757879,0.0257438379899031,0.0397558106391549,0.0239708196123333,-0.014576755440119,-0.0504146397443974
0.0493521931371798,0.044205415095817,-0.0381069816181108,0.0922043717375114,-0.0800513734075468,0.0382439581431724,0.0470153860936695,-0.0263282663395258,-0.0182149869248484,-0.0319230268256048
0.0455538229461372,0.0601973117413334,-0.0411219941581419,0.0474279125221456,-0.0984545305536997,0.0526747799515636,0.0551849602629327,-0.0685333144883886,-0.0187642673081857,-0.00447452074826813
0.02307528828737,0.0584756298262566,-0.0412018850336772,0.0106034423386339,-0.100603219727212,0.058058090026702,0.0592448003522399,-0.0911850157324474,-0.015718392730735,0.0233063916762804
0.00133349253678619,0.0497571757821774,-0.04083676569615,-0.0242284726740723,-0.0851566540303746,0.0594940627523113,0.069768667050169,-0.102435244031775,-0.00835177857522814,0.0459522422560944
-0.0188872745536906,0.0251065094263836,-0.0398835998441816,-0.0495432033501908,-0.0499297697857277,0.0666349922805586,0.0868498094627455,-0.0880687685005007,-0.00574967887042795,0.0532943955641695
-0.0327775915564985,-0.00308374406146303,-0.0359280340111736,-0.0617721848513948,-0.00645574832923614,0.0622845702474607,0.101658222431684,-0.055334270476977,-0.00497947089747564,0.0481534902801662
-0.0375703086316528,-0.0282747982782457,-0.0264714523098494,-0.064286325683207,0.0316622041111117,0.0458658327383634,0.109855967277909,-0.0225165440037716,-0.00680834411012076,0.033022817979281
-0.0338113959466097,-0.0454847457635985,-0.0118417682257822,-0.0567085917548107,0.0607692943823101,0.0233963337738507,0.114389785782119,0.00205774081628627,-0.00212677886710919,0.00830821309867773
-0.010277121172604,-0.0315385242448391,0.0079704973848483,-0.0546178661967013,0.073757641522891,0.00403273007639773,0.114295574391796,0.0133563772368531,-0.0124490731068855,-0.0204882881664641
0.00929539643830507,-0.00584955414807172,0.0292368492426935,-0.0530009501033558,0.0666368581214233,-0.0201827836204731,0.1033286414027,0.0141051578473488,-0.0145693115767458,-0.0557590888048404
0.0263812495238025,0.0244340762363556,0.0480173251915991,-0.0517531739989031,0.0506134055779192,-0.0443056386561875,0.087953087665322,0.00177985124451932,-0.013793461783949,-0.0816844574698274
0.044907512506196,0.0489081485388841,0.0648722120301552,-0.0438709251271294,0.0281637833350807,-0.0728152182302372,0.0646503387649018,-0.0129026025306047,-0.0207195343270829,-0.0993094505476423
0.0466963430931111,0.0652435211207578,0.0706575940543456,-0.0398458570658109,0.00308990383099526,-0.0938106535128636,0.0443900178143565,-0.019780848208336,-0.0181340752459264,-0.101552181432887
0.0454034145758533,0.071912159535609,0.0686988851910094,-0.029031443808431,-0.01646851951504,-0.110214789523692,0.0258522448089092,-0.0340845227184063,-0.0176519121867065,-0.0940315603319161
0.00367254942151167,-0.0017489038388274,0.00246904191179795,0.184644009397452,-0.00206253520192779,-0.00387023385450112,0.0108543857725355,0.061236973384164,0.00689276733390693,-0.0401604594622732
0.0186477065495306,0.00775683816061958,-0.00316715355856905,0.180081327491784,-0.0146867733544765,0.0105076945136903,0.0166546488839793,0.0275035956476707,0.00346586864399307,-0.0429930937259357
0.0312838690875763,0.0271169954980464,-0.013397681920663,0.158667015238708,-0.0319709875397423,0.0234938891090949,0.0253613783294088,-0.0170485609844952,-0.00428696193193553,-0.0280779787086141
0.0338656423277224,0.0526263629242346,-0.0172003319926725,0.120645234938095,-0.0507107991007519,0.0416686632029868,0.0371767059694612,-0.0577956508351423,-0.0103837772049342,-0.00937788903854834
0.0291838264910977,0.0710329771582082,-0.0254786105767293,0.0774813205531246,-0.0566474737093494,0.0586995168983247,0.0528592544202426,-0.0858332579206023,-0.0196987844027865,0.0118746547429671
0.00375993567686777,0.0790961233167392,-0.0258657904484968,0.0335788047792833,-0.0573285586602035,0.0714856973541374,0.0604476386806649,-0.0996385629873707,-0.0205737025957659,0.0382751531658175
-0.0201271657181139,0.0712648249835396,-0.0289919849282873,-0.00462545119682794,-0.046483498729044,0.069941747292785,0.0722973157737801,-0.0983066678045972,-0.0218597223681232,0.0604147646217069
-0.0473544379456459,0.0513329213092216,-0.029537767077732,-0.0410590835472152,-0.0145880808997381,0.070269656587347,0.0903449774206475,-0.0753185540986192,-0.0222069858448677,0.0806856962560794
-0.0587692624099706,0.0231129069481259,-0.0253286557562035,-0.0544917543182607,0.0234949786901651,0.0592817175103849,0.103657653297872,-0.0384954381818946,-0.0179858152670309,0.0734012645103537
-0.0652138168800403,-0.00650551905566062,-0.0276744967380911,-0.059780815605304,0.0514785272056942,0.033546108547243,0.112830944126646,-0.00458887150770462,-0.0166274992140569,0.0641783810367241
-0.0534915704901083,-0.0215169670228268,-0.0197700005762961,-0.0576384397956521,0.0677978081794096,-0.00042649332004233,0.115556311555911,0.0170060677070338,-0.0127650450341392,0.0420266797924064
-0.0253061078586373,-0.0148619960980879,-0.00499788703482605,-0.0570056913090038,0.0675832843077243,-0.0324262065419972,0.110736602903116,0.0205993705336028,-0.0173745396631814,0.011731315255588
-0.00520572254791968,0.00493161804840861,0.0157195473690263,-0.0544092985370218,0.0583596266514321,-0.0686187840083177,0.0953582485572252,0.0212507224561732,-0.017608688696648,-0.0165396000510223
0.020087525642649,0.02253415887373,0.0295387435636651,-0.0423430760024227,0.0367037538629004,-0.0987357505451057,0.0743485704830333,0.00181785380992879,-0.0159391285290734,-0.0433739952478899
0.0357473098676149,0.0375198269841246,0.0414904448174635,-0.0346325263393201,0.00947630421688545,-0.130095679587053,0.0513962882172015,-0.011267535597512,-0.0132310728228776,-0.0616432210621641
0.0452137026518064,0.049571628851814,0.0463061039723402,-0.0281678492318562,-0.0152597639968873,-0.151763217138509,0.0320993740410029,-0.0252922350020792,-0.0124328239442218,-0.0639352152818099
0.0452358066911213,0.0563852648003614,0.0562009047585855,-0.0143448336376474,-0.0295907809362202,-0.156818763578297,0.0148024336441995,-0.0409749219176423,-0.0061548137796716,-0.0649263066600839
-0.00710979762469036,-0.00814927197163662,0.0127112837021387,0.208536230114817,0.0137418143494974,-0.0204773765873662,-0.00412890630890558,0.0406005706397644,0.00982634699152959,-0.0208957418963769
0.0074731426107913,0.00577675566088072,0.0112052807243317,0.20711160410975,0.00812047198281295,-0.0071187824760013,0.00129900569750116,0.0128220323563418,0.00606504547460072,-0.0230022036774376
0.0158686362705697,0.0257932023125729,0.00536231985774209,0.182281229749644,-0.00484890222449994,0.0148191604374505,0.0123416048337252,-0.0310769240536638,-0.00227195030735485,-0.00768081652265302
0.018827464346959,0.0568426930693509,-0.000188270419262265,0.143148391749592,-0.0142338449913455,0.0386283835937812,0.0286721255492339,-0.0701544119352836,-0.0095306920145401,0.00717469977895431
0.00519885714229539,0.0760088569598216,-0.00641761442711996,0.0968976042170067,-0.0234140206930748,0.0550507893081832,0.0423288736232312,-0.0937910836789342,-0.0185704768087182,0.0339681302219767
-0.0170798077090208,0.0864851677001367,-0.00960758092144925,0.0546762921900125,-0.0133076837052295,0.0697614513364477,0.0575131965684168,-0.0958681491724894,-0.0258739843824177,0.0596816920665115
-0.038356037113373,0.0828665468922641,-0.0155635062718233,0.00902199348726063,-0.000135064400704761,0.0732679795700884,0.0738984015838144,-0.0914288904174199,-0.0292526980703624,0.0837097532774314
-0.0682630309449704,0.0639114575352606,-0.0203316141583843,-0.0223159479412275,0.0263926528056995,0.0672470332489458,0.0894331775469614,-0.0565473910007137,-0.0316887026457384,0.100115419978221
-0.0807537651891603,0.0379023681235042,-0.0279298069563109,-0.0420310332073965,0.0440737661097496,0.0415430511875112,0.0989164111315602,-0.0240921072224796,-0.029743840301856,0.0971874866838676
-0.0815585188143403,0.00986199631767088,-0.0284747555541023,-0.0472789995026013,0.0652616573861056,0.00869486239159802,0.105445703930056,0.00878024763344256,-0.0265283482039387,0.0878905735967696
-0.0695294404755516,-0.00929223622503082,-0.024135534730937,-0.0486949207947829,0.077876200574129,-0.0290650730677773,0.10594799727521,0.0227240881882436,-0.0234167972261378,0.0710310023117291
-0.0461610717961739,-0.0129376837203132,-0.0135632368023082,-0.0463598308486873,0.0628768562879321,-0.0765717716976162,0.0947656691045344,0.0234664475528845,-0.0166020417021272,0.0479027880669823
-0.0201279784134874,-0.00208252316489867,-0.00227967051743479,-0.0392460342475536,0.0423071262829957,-0.119092410739421,0.0782451587762955,0.0176097936907562,-0.0102974612055681,0.0205621884008448
0.0076243427929321,0.00617371035626424,0.00903078067241507,-0.0295449582100417,0.0171075361027735,-0.156226598150556,0.0540815549088657,-0.0034329335140575,-0.00858528186053725,-0.00144148708057946
0.0289362834431306,0.0193277044029337,0.0201812281646977,-0.0215001965193511,-0.00889803605873698,-0.183676794975756,0.0339634731140545,-0.0162494091975531,-0.00714215636614659,-0.0208217967062803
0.0373001152913927,0.021621540280101,0.0285005311543609,-0.0065486428732129,-0.0281318788369018,-0.202997524935047,0.015620312788783,-0.030079946977648,0.00251536492343493,-0.0315488057105351
0.0376858732773013,0.0277088330052838,0.0367792647612592,0.00599454438718398,-0.040936036301222,-0.202421144859479,0.00150382301676045,-0.0395854993261852,0.00365447080286704,-0.0344969538294166
-0.0128650826577948,-0.00636234068424348,0.0230711884806018,0.223037897480336,0.0270086218150395,-0.0360909976145749,-0.0166488937896483,0.0272658846214541,0.0151918185446743,-0.00387076588060791
-0.000260028000556637,0.00485060829902254,0.0202501014377647,0.226058496524678,0.0304839323754899,-0.01719162049231,-0.00938307088898465,0.00196324899104996,0.00969400196649706,-0.00472030166979538
0.00371104921271152,0.0269717244228278,0.0156087525698987,0.197449305819902,0.0248175383088007,0.00662153332579907,0.0065180496131297,-0.035522657897004,0.000553415386700576,0.00815234642635402
-0.00144054952542187,0.0534114418248547,0.0106563164033407,0.155495140436747,0.0147805177529861,0.0288607155913389,0.0215770969662085,-0.0691976596822333,-0.0062143774447242,0.0266612907489505
-0.011794590071716,0.0695879244106937,0.00513906495427031,0.116175146295776,0.00901375908505957,0.0456689143498606,0.0342015602147357,-0.0900879156060902,-0.0140631555722248,0.0477781492033046
-0.0302895789613188,0.0832288306362333,-0.00142745927069476,0.0741572098806329,0.0145702698043709,0.055391363924798,0.0507080695153229,-0.0889516982933228,-0.0289070471048049,0.0708931210254435
-0.0548042547103448,0.0768671988423807,-0.00763085546033695,0.0343450582748844,0.0296035049212848,0.0571720771288147,0.0669291741241488,-0.0744833141222914,-0.0347490837862999,0.0928007760631367
-0.0780378920238328,0.0601530140979885,-0.0178777152187412,0.00516040874675658,0.0453001409168675,0.0431228480284418,0.0798500148089879,-0.0483263541138274,-0.034200126809914,0.107044065070296
-0.0907371141689233,0.0403328522122043,-0.0289382719661722,-0.020704425421178,0.0590846916739941,0.0192375666352798,0.0903627515607101,-0.0128277917045127,-0.0341055484665978,0.111453384310071
-0.0926802992916686,0.00864701601944517,-0.0315079444387036,-0.0269862085206161,0.0750469350763902,-0.0215823829276319,0.0920880358661261,0.0201330792260413,-0.0309093827673405,0.106853056254352
-0.0859862627842041,-0.00984177070850711,-0.0286738179720903,-0.0282742346823254,0.0757061195360808,-0.0649109937759755,0.0861055730329423,0.033446463106101,-0.0249788704551543,0.0932244561459529
-0.0623180998369292,-0.0190052169352704,-0.0226565920087723,-0.0235134663519578,0.0606527727258512,-0.106769702078554,0.0758007428644947,0.0263989464220858,-0.0133599622460029,0.0699124807000163
-0.0348065767327794,-0.0115651015700004,-0.0113273028943031,-0.0196280060222807,0.0380899512197919,-0.149944232755728,0.0598879194406015,0.0179947160133528,-0.0053764034340045,0.0497160001504969
-0.0165877604134525,-0.0113018356312323,-0.0031365078797019,-0.00951773250699342,0.0101747248603727,-0.192501500969458,0.0363377864870496,0.00307442233174508,0.00457801397375988,0.0349905866824238
0.00668664249176265,-0.00726217596101634,0.00459075464092566,0.00119248932467625,-0.0137607710994215,-0.222653558904834,0.0171745024956259,-0.00963399440962723,0.0037220467298584,0.0165387618397276
0.0203148520359853,0.00231682285962501,0.0161453462302594,0.0103850213334795,-0.0322051299058566,-0.232341632349728,0.00250838120852697,-0.0263379400926994,0.0111614777014323,0.00161429293305727
0.0237181738788483,0.00682488374629906,0.0199579739253787,0.0167072581630171,-0.0424557560995456,-0.23238081339986,-0.00618442782345421,-0.0324645479601457,0.0149539115613909,-0.00968955014889035
-0.0239211408822649,0.00438546228156511,0.0269820110593439,0.210412732159292,0.0342409469811784,-0.0345629657803687,-0.015241486897964,0.00883278973420793,0.0180125154539701,0.00821385872496898
-0.019468685725319,0.00658637157182239,0.027792652345529,0.216058058513491,0.0434490161968647,-0.0165597504418824,-0.0100438798817853,-0.0131126989886137,0.0176639950357421,0.0119359335681514
-0.0168254742719613,0.0209790681264828,0.0208577623426057,0.196232185952279,0.0401901142110396,-0.00780329775044541,-0.000959698376849946,-0.0392020386784894,0.00799729823467337,0.0289925423358797
-0.0185584271807092,0.0418452492424447,0.0135128742631941,0.16315905803201,0.0321619171946113,0.0102590707540321,0.0148066725787959,-0.0620019144609124,-0.00188686395296797,0.0425645033550832
-0.0237701746301106,0.0584624749449491,0.0071202003074284,0.12707756356171,0.0334577102148171,0.0252492447852394,0.03050036653243,-0.0737981039558139,-0.0116261788713922,0.0547918344415276
-0.0397668764581472,0.0667263653518023,0.00043640039968375,0.0888088076075625,0.0347968659977176,0.0317469372537508,0.0441207497577664,-0.0708173030563464,-0.0233306433383676,0.0752171964221982
-0.060793789235625,0.0685837007460969,-0.00592549756185386,0.0519907328374789,0.044033049880991,0.0296651525554585,0.0582102492734572,-0.0578399996936379,-0.0291101964424351,0.098178383056557
-0.0790128108755352,0.0506438090746798,-0.0194790008597883,0.0261020445138947,0.0555009500790247,0.0121602645409573,0.0665744195763725,-0.0327694761859041,-0.0379981283891863,0.112784155564271
-0.0908304475035538,0.0313410413197986,-0.0281764083318835,0.00727736585769082,0.0684850019160538,-0.0118099381179668,0.0765994607746033,-0.00320818040752573,-0.0371094217484271,0.117260765086004
-0.102207431449207,0.000203571696129391,-0.0412542495374259,0.000737770857792031,0.0772643827608616,-0.0504890996912612,0.0766233743979656,0.0249485947109165,-0.0336042882352401,0.116759776796628
-0.0949493637291238,-0.0134247217885613,-0.0376388960817079,-0.00179187764959696,0.0737215637885675,-0.0919191252462499,0.0693508456492253,0.0343629646801297,-0.0253798935014014,0.110949194163767
-0.0735450772043633,-0.0210940427699605,-0.0285731623657754,-0.00136734954956079,0.0549936122285749,-0.130364514973075,0.0562029003325787,0.0303227880063912,-0.0158141642247606,0.092059744657808
-0.047803520055443,-0.0178029282762125,-0.0191955265578334,0.00292334183773653,0.0281032920844807,-0.170823511283581,0.0388520088316318,0.0109132347205136,-0.00278789164086021,0.0717165206626662
-0.0227975463839174,-0.0259206524110044,-0.011301166996085,0.0153430122642499,0.00399646965076624,-0.209993436617171,0.0186427339291463,-0.00466687144083475,0.0104353188396813,0.0575463924720124
-0.00957500965503451,-0.0287781371708109,-0.0137967944698258,0.0268556764332721,-0.0204851828353731,-0.243297022536791,0.000568908760374035,-0.0179193992403215,0.0143577633468355,0.0465064183530718
0.00226746205660829,-0.0247350744837305,-0.00522703870693055,0.0388258081098432,-0.030384756708127,-0.249888783002219,-0.00897270556826882,-0.0250961073685297,0.0170727243541621,0.026498555489187
0.0151477817167482,-0.00746966952178328,0.013093965165621,0.0369449212259454,-0.0384555267499191,-0.233119307252779,-0.0145382601465882,-0.0330985184915296,0.0170499636811343,0.00181526115204344
