-0.00410072643557693,0.115951757800493,-0.08039339481757,0.0519226728345032,-0.00937239759865001
-0.00493962245552418,0.121173954267876,-0.0792366507931927,0.0516539194275906,-0.0110650726684856
0.00037574146162744,0.117800023596075,-0.090432942219335,0.0545748757993011,-0.00726079622777429
0.0053013929363461,0.1075192108581,-0.0986920822691194,0.0516057938944456,-0.00417132896269081
0.0051010293365975,0.104489821856024,-0.102050321364415,0.0471083682287846,-0.0042591642138286
0.0163652445722062,0.0749824561147549,-0.117073593626367,0.0383750409137968,-0.00299234673422812
0.0239331788436374,0.0526647683142287,-0.133437707051643,0.03494689642305,-0.00217534889252299
0.0274342782489448,0.0364537069227495,-0.145046013920771,0.0297882616655436,-0.00160816683628079
0.0327794502820092,0.019871377365938,-0.162669534136823,0.0281933716212277,-0.000218678530674065
0.0262215993160352,-0.00100536334550722,-0.161203776138203,0.0171721317745481,-0.0076220462511557
0.0201300765178759,-0.00662716005562943,-0.160694512097658,0.0167467816610162,-0.0108026399322783
0.00943588526082985,-0.0106361263033856,-0.157337512246938,0.0149260268761364,-0.0182318343365616
-0.00172201435337236,-0.0162645973003826,-0.157809947006057,0.0149282510604569,-0.0223573327775
-0.0273590979201,-0.0123717969974816,-0.134811669150946,0.0148296537916773,-0.0345230088517294
-0.0391355537661732,-0.0114347472011052,-0.12733102550449,0.0154701312056871,-0.0406262722126117
-0.0526361510913953,-0.00442115996873492,-0.111022545834062,0.0161780586993999,-0.044970033866491
-0.0591762346056715,-0.00825591257871156,-0.106194615368077,0.0159652494958331,-0.0498453349088654
-0.0638333345340181,-0.00922290349431483,-0.103464935297654,0.0151272464026404,-0.0515563984606579
-0.0643074284694033,-0.00530430464714659,-0.100681521039871,0.0181813931781863,-0.0525982444769416
-0.0671745153004849,-0.00312492255735487,-0.0975552519366534,0.0193247043669307,-0.0536368940089904
-0.0660821633541896,-0.000386368704018025,-0.0935872158152883,0.0219922661481123,-0.050528656058868
-0.00300849941109063,0.136653453146252,-0.0397172726329983,0.040536741388252,-0.00654582618420577
-0.00228037834791808,0.163934631374118,-0.0285340553103475,0.0429489499900738,-0.00467611940542187
0.00756654756510294,0.167223915107444,-0.0420615924335826,0.0488690499597016,0.00300198572692116
0.00721909599821672,0.125489734024032,-0.0645720842319792,0.0402928619586976,0.00201682882519963
0.0109690256283768,0.104212480539077,-0.073137124765021,0.0313421318523666,0.00277491804936478
0.0229355006140533,0.0785797811034804,-0.0898421722932931,0.0222373060161567,0.00568486038537322
0.0320832527176939,0.0591033020915662,-0.107337753352838,0.0196384598191107,0.00873645702738493
0.046577265283497,0.0300690613514373,-0.128669899162107,0.00848102731279065,0.0107281473092857
0.0449435527929465,0.0201389820942476,-0.134296411569464,0.00583373806672657,0.00916034868224577
0.0423730696796834,-0.000236522656259594,-0.142525554251078,2.63501598747676e-05,0.00268835183361639
0.0341854699947544,-0.0123015038464128,-0.145386719989473,-0.00124147572182655,-0.00155771105826603
0.0247183573165589,-0.0198215994704649,-0.143429198333417,-0.00377823292634542,-0.00906063415162023
0.000277174455941023,-0.0196775297718882,-0.130987835698944,-0.00314977042541138,-0.0208497456111296
-0.0320810837335811,-0.0130991051623056,-0.10266706072832,-0.0036894082827258,-0.0334942345397973
-0.0415608394084685,-0.0108640913069199,-0.0956924616427187,-0.00270441903374804,-0.0397550290559363
-0.0553327041514716,-0.0107624432639552,-0.08500643466332,-0.00105419737701695,-0.0462106566475886
-0.0631418511771981,-0.0113126794122958,-0.0811563898046987,0.00154588783557796,-0.050258156404455
-0.0689545438382788,-0.013223932267292,-0.0795777053013506,0.00208525513566305,-0.0527899576382315
-0.0729537579584738,-0.0119859456522952,-0.0736102690868799,0.00170398916233557,-0.0536591666631999
-0.0744918400887624,-0.00618194899477535,-0.0689979505184886,0.00480975641401002,-0.0548409108830598
-0.0718639142042156,-0.0027245549282625,-0.0666115260211921,0.00805471009720675,-0.0545233625595039
-0.00490545482032693,0.155256322731017,-0.0086208838414413,0.0241426409393665,0.00262944548208595
-0.00364531858261075,0.165388599590636,-0.00222186670625413,0.022594382949173,0.00267938357462209
0.00300727011491284,0.166112347882744,-0.00946443603960226,0.0244216387616672,0.00738588415055318
0.00443086846949016,0.148950335108158,-0.0173309107766464,0.0174723597746333,0.00610421737817282
0.0103048510357847,0.141607097586947,-0.0230636436938256,0.0150166521038263,0.00848482580743963
0.0247544413451984,0.105673325568496,-0.0464922056409604,0.00353029066604729,0.0126407449659674
0.0381305939859679,0.0607227541661457,-0.0712456729858931,-0.00846904270115035,0.0121283864971016
0.0470661030306456,0.0289179550598918,-0.0984283049619156,-0.013213145547708,0.015254158076571
0.0453182896982273,0.0183620533397577,-0.10450615373521,-0.017388315443508,0.0145237839207342
0.0436300250003634,0.00341583160285742,-0.111817470934014,-0.0186848352930629,0.00776192784384977
0.0384144483144614,-0.0120172133843615,-0.117678194049803,-0.0195237316193908,0.00490204892783492
0.0203655077530443,-0.0165039762187589,-0.107209954904931,-0.0227419091973247,-0.0049915891003457
0.00443085876914342,-0.0238047531529956,-0.103400138550763,-0.025786642991131,-0.015244152192546
-0.0352823594044163,-0.0109632691749801,-0.0691776607965896,-0.0228184750792974,-0.0326905187350729
-0.0481012726591973,-0.0136793323490014,-0.064930185817334,-0.0223500347970918,-0.0392779156420305
-0.0581604154722666,-0.0143350485381624,-0.0616483209282012,-0.0206147915868854,-0.0466244547324548
-0.0677598653763941,-0.0113028707670699,-0.0567516787371254,-0.0178613780679742,-0.0514737590789839
-0.0732542672365568,-0.0187421312248779,-0.054944079373373,-0.0177156937741256,-0.0571191977202402
-0.0781514915240394,-0.0192026383258804,-0.0511912203787106,-0.0157816836322409,-0.0567189584645331
-0.0779869511633544,-0.0148557809878974,-0.0479595889685335,-0.0141480314165387,-0.0551379418324949
-0.073865447584015,-0.00931119670822499,-0.0422108321408148,-0.0122212204697014,-0.0569865334772894
-0.00395628982719296,0.160349081679632,0.0104884068229212,0.0125791956030639,0.0109892059728574
-0.00256406837727151,0.162051160632984,0.0116965823781749,0.0114666325271833,0.0136165558024753
-0.0025567254007072,0.163357448769843,0.0112327451238917,0.00837400721120282,0.0151888539274474
0.0051435807421058,0.14412760026387,0.00697725999774591,-0.00345066887023587,0.015512074835313
0.0106508941798806,0.132264342853978,-0.00115998815273414,-0.00583514986559586,0.0143720146933334
0.0185252039506684,0.089294439074391,-0.0256105766339614,-0.0172563100278856,0.0187925853471759
0.0321608503157968,0.051144223523155,-0.0483392538675311,-0.0261992855125585,0.019349325000971
0.0439641162846208,0.0348434062301042,-0.0628640217945035,-0.0307112328843344,0.0196985706211024
0.0468878147634921,0.0184940605704163,-0.0763798038613783,-0.0345172522435344,0.0182974768407203
0.038718883264789,0.00512752045769183,-0.0757131177986145,-0.0393565077764088,0.0137474019541062
0.0288193702284239,-0.00809050264990971,-0.0791022283034692,-0.0422951021725293,0.00447164373317333
0.016260803085378,-0.0148114155974091,-0.0742343346100671,-0.0409965316555331,-0.0026401801333873
0.000685651335329906,-0.0222717783338541,-0.0693781128318713,-0.0437340652172574,-0.0136684157649715
-0.0282774904989308,-0.0157730654566905,-0.0491393198412437,-0.0423194329547184,-0.0313374994211124
-0.0451185462518364,-0.016880712152066,-0.0439592558591082,-0.0390527967581744,-0.0407363568430694
-0.0604292970804653,-0.0196221719367905,-0.0399167322742537,-0.0389357922603171,-0.0469843877499374
-0.0687644276125586,-0.014839289982866,-0.0344555766212087,-0.0362288148029752,-0.0535097997697555
-0.0780037499327347,-0.022869420537685,-0.0334241164075513,-0.0351126111966502,-0.0555937036759055
-0.0853065130877377,-0.0219947675598312,-0.0283344900089262,-0.03186610053993,-0.0592291002880407
-0.0861400787435293,-0.0205306463426704,-0.0277620867579678,-0.0282081870824131,-0.0570839194405117
-0.0843734464209856,-0.0145013450695062,-0.0240566168805813,-0.02341679274796,-0.0574555890547998
-0.0107261977246548,0.13624339397818,0.0268088506500486,-0.00911435749760911,0.0160379018610588
-0.00831658723719393,0.138934333714265,0.0304329414892723,-0.014228180558144,0.0200618262088884
-0.00119677280097969,0.140634549486283,0.0287069030452559,-0.0156729943011041,0.0250176993842635
0.00136539357505471,0.134362438478345,0.0259296983856657,-0.0173940463380338,0.0237525700114582
0.0100534894550365,0.112496753929783,0.0144294900770666,-0.0231860694300732,0.024959228731065
0.0219189645411635,0.0930952472318864,-0.000987597666638943,-0.0295134344637871,0.0301873028623368
0.0217643370006289,0.05575029736718,-0.0180420319188688,-0.0383326633794198,0.0261236031470933
0.0381435898353955,0.0291852282460545,-0.0405139730624138,-0.0469645138846125,0.0276314200743979
0.0399414569524597,0.0132578081709539,-0.0499532998318437,-0.0503167664528477,0.0235405498422125
0.0373463780697762,-1.36587692640988e-05,-0.0546929182502438,-0.0528880073879583,0.0153404020551438
0.0305528690963027,-0.0110652490625271,-0.0575307948778089,-0.0556812906949056,0.00778491522533884
0.0109736881252921,-0.0166872230484491,-0.04894353297868,-0.0552708619364009,-0.00423729223973927
-0.00154228416730926,-0.0208822262066555,-0.0441128728965979,-0.0562369060508565,-0.0163367818052294
-0.0235014043970038,-0.0194998179936189,-0.0299881904349962,-0.0548047816082877,-0.0311038428550075
-0.0382090843393807,-0.0223915342562773,-0.0274928406499911,-0.0517519559008325,-0.0411234498530207
-0.0538968873681888,-0.0271279685010322,-0.0249811812244304,-0.0510537460474989,-0.0479411273175847
-0.065517883979588,-0.0265260005078058,-0.019302151466222,-0.0488712060264423,-0.055522481350242
-0.0797308672949986,-0.0254332281368297,-0.0124991870789666,-0.0468909730269508,-0.0591740166666748
-0.0875960296442554,-0.022119501826134,-0.00824193116513296,-0.0417448579269457,-0.0628064882826075
-0.0896818389356813,-0.0246860873073276,-0.00905447590495709,-0.0384403163235501,-0.0604608322055986
-0.0861949631379507,-0.0182769174157879,-0.00757246848589092,-0.0318098389180629,-0.0592968608013249
-0.0167851533105517,0.129483525915712,0.0404812774094337,-0.0178911341493625,0.0231666840690041
-0.0104586613599484,0.132718497645087,0.0432663124270923,-0.0219156245845618,0.0313854962185144
-0.00299205082316024,0.131352139252156,0.0422221662951215,-0.0252344937671386,0.0341940832546693
0.00365790173946167,0.125164357261184,0.0413268430763216,-0.0304872814410458,0.0368657767369684
0.0102545542967045,0.0941196396624085,0.0272244339605953,-0.0375181834643492,0.0313689446979591
0.0145055304736417,0.078051841742301,0.0218668569751978,-0.0472176757662116,0.0354227171851971
0.0227197507016192,0.0497978031561154,0.00634516283479592,-0.054607790479583,0.0330753521263534
0.0303611196624551,0.0267408381714111,-0.0104808028750551,-0.0593901309022872,0.0328752952032611
0.0315142239421263,0.00957412403494017,-0.0223409867932203,-0.0633437525449973,0.0282961700621064
0.0271046110762497,-0.00454999176914387,-0.028722601769256,-0.0654002430223102,0.0152843935871705
0.0193578474373445,-0.0161664233255805,-0.0312462152543731,-0.0661232958971317,0.00601666171682557
0.00813956967062134,-0.0200119728534708,-0.0267813386294419,-0.066593761288301,-0.00637572744709734
-0.00537715922088867,-0.0189341564894946,-0.0191863538191212,-0.0657101356865613,-0.0184138519490012
-0.014731325467044,-0.0245934233441363,-0.0162972492538209,-0.0645817068128862,-0.0287576177203413
-0.0264336231837795,-0.0275932046862893,-0.0143042758455679,-0.0611204634360334,-0.0398949344515738
-0.0467618993558464,-0.03182658211638,-0.00859317900180408,-0.0602345414836422,-0.0489423423231925
-0.0627897428801254,-0.0301865074309265,-0.00251534292834567,-0.0564322098367911,-0.0561415035300446
-0.0716519916278963,-0.0279245898761167,2.58938331061549e-05,-0.0530529162670238,-0.0604192549028985
-0.0809237269006777,-0.0265916157230726,0.00374138017560186,-0.0474345335482241,-0.0664699481045273
-0.0839589444915453,-0.0267338733754896,0.0045607479018634,-0.044332760381285,-0.0641481082471304
-0.0823335983953854,-0.0208216019584714,0.00578935056574932,-0.037495678312533,-0.0616726737833037
-0.0183716692651369,0.0935231845348496,0.0386994625151947,-0.0251000206409742,0.0305175450332372
-0.0177413396179525,0.094876426779823,0.0426901969993241,-0.0292218581959173,0.0353302540184
-0.00818783752133756,0.0864324462476411,0.0406946882395505,-0.0344525530707354,0.0377385850992288
-0.00673435320413595,0.0816162825734353,0.041341489422938,-0.0413323317461457,0.0393181809670645
0.00408103559802067,0.0716474168946284,0.0351124982129365,-0.0479824494755503,0.0404385855710063
0.0124057149680089,0.059487599585453,0.0288543652875673,-0.054266518998394,0.0421607703551798
0.0224657593772714,0.0415466217762244,0.0205488905449429,-0.0643503816383761,0.0420180929975691
0.025948182043666,0.0198697111365091,0.00415400672215131,-0.0662252230466588,0.0374497023658488
0.0294618424367911,0.00240808747331012,-0.00853128908366482,-0.0684947345807344,0.0316336641967485
0.0288562888777739,-0.0129798020602487,-0.0160974390864764,-0.0711210748799207,0.0225767385556557
0.0206549830985852,-0.0226603494617091,-0.0176770435581536,-0.0716142189545853,0.0108207571326954
0.0155657673998047,-0.0234887562222992,-0.0143685266724196,-0.0729541822258835,-0.00169525625924276
0.00829631968108072,-0.0279266246894636,-0.00950241306901569,-0.0734415725966173,-0.0163727034981034
-0.00183236302240556,-0.0288660672192786,-0.00654059259155646,-0.0707187988628417,-0.0276189806317586
-0.0168587609045412,-0.0296876263471382,-0.00115630967650534,-0.0670777256907163,-0.0405259622173122
-0.0337223447931434,-0.0318090548193746,0.00614318008353489,-0.0666344312467591,-0.0505174354551726
-0.0511421477471495,-0.0303211815979081,0.011470982381921,-0.0627416748587018,-0.0581641109580648
-0.0671491947798356,-0.0288303482131007,0.0133544998694378,-0.0562354844420786,-0.0622465606001733
-0.0748955609031747,-0.0243928416761418,0.016725135686041,-0.0535039800568847,-0.0663706878375652
-0.0792562965229292,-0.020755424926859,0.0140943092243734,-0.0458570755053299,-0.0637202548183166
-0.0767314206679489,-0.0192774078797533,0.0152515788200034,-0.0410851077778456,-0.064740578320925
-0.0281662300863236,0.0824645115186687,0.0480428374692491,-0.0240918016697651,0.0378766356799938
-0.0273328998173004,0.0787344640551742,0.049781094075996,-0.0290111421588331,0.042228200887267
-0.0194980326136148,0.0750203197032884,0.0501952339087248,-0.0370280042682792,0.044690881703829
-0.0141637503505861,0.0661600068543642,0.0460743283114496,-0.044364444442785,0.0454238076756252
-0.000582506185963403,0.05543711714473,0.0392384794832963,-0.0503343635993764,0.0477323407580603
0.0125858976850019,0.042747938694863,0.029743247859143,-0.0544704678204531,0.0469058024295063
0.0275044981218742,0.0301065408522359,0.0197067595686357,-0.0611166066092509,0.0456843053191606
0.0337506226528408,0.00833433706265606,0.00438436372391319,-0.0655509865147979,0.045155803988869
0.0385366426530277,-0.00694671573441562,-0.0036037169129287,-0.071311766723447,0.0387437776156653
0.0360494419977952,-0.0202357319011264,-0.00705890077922585,-0.0738158064249479,0.0295445921442733
0.0333404454443039,-0.0272008035019663,-0.0098917298762886,-0.0747838379683743,0.0167303648547101
0.0286277648769107,-0.0280446841633049,-0.0059887814555536,-0.0754990065514352,0.00192420300069735
0.0232101810760449,-0.0312031832500798,-0.0035392848933172,-0.0727414884824518,-0.0118834892815956
0.0156831141506085,-0.0307441783412336,0.00278578219455491,-0.0702041634671636,-0.0252953980181881
0.00428084867465697,-0.0343660989905561,0.00596689211818187,-0.0696431595174431,-0.0355625517191178
-0.0158639229010024,-0.0282586177531737,0.0152104380944997,-0.065302835398157,-0.0492982262597992
-0.0331481774559869,-0.0263919270227253,0.020737623314693,-0.0619262119310006,-0.0582400793939466
-0.0516916571309814,-0.0256118706176675,0.0227993154655546,-0.0568174722849867,-0.0630512968898886
-0.062125793510616,-0.020663471673271,0.0237950876765066,-0.0500693265246157,-0.0680905968278033
-0.0642349081949153,-0.0183252894996764,0.0223737843055919,-0.0442874395492311,-0.0691308509436317
-0.0692348513083648,-0.0130095141744437,0.0266945403626048,-0.038888671924978,-0.0695141697383844
-0.0341583598366741,0.0688107577376862,0.0537457597138678,-0.0241869933884583,0.0423463612807017
-0.0332659679641788,0.0639527110177781,0.0517772203666896,-0.0293641697886729,0.047553702598566
-0.0286068145153492,0.0610189213033703,0.0544180591874357,-0.0366425688450364,0.0502226516212009
-0.0181972863800712,0.054096845609352,0.052560185660773,-0.0417827899849896,0.0497910668496839
-0.00695884962847904,0.0411331437387774,0.0460291004358772,-0.0508114180536782,0.0523387383631095
0.0123952360796226,0.0276972974475258,0.034315108124424,-0.0555259140868903,0.0523260058570828
0.0254492439596124,0.0165126688269352,0.0235336401254631,-0.058955242325884,0.0512937306617051
0.0374856427859881,-0.00434840955139963,0.00344024233806498,-0.0619272603464518,0.0507702800877661
0.0458358173533684,-0.0181394581240319,-0.00347699769635488,-0.0659992516428194,0.0458012386130972
0.0502423841760518,-0.0270435460489076,-0.00433048046690905,-0.0723155269338634,0.0346597507739905
0.0529719867036709,-0.0365806578398046,-0.0154517629083446,-0.0704452680035978,0.0240775044540108
0.0465426356515269,-0.0333917557922486,-0.00370748959138847,-0.0716993108548912,0.0101585522397811
0.0390444816850417,-0.0291809049740994,0.00736371555979044,-0.0713019852556715,-0.00871870595595878
0.0304609819232607,-0.0335328150506544,0.00983801904598559,-0.0681110626939217,-0.0203415403601947
0.0170249456106574,-0.0317465235542628,0.0148022930972997,-0.0640781353249521,-0.0324596225289122
0.00101433619682233,-0.0299421974897529,0.0233545204674661,-0.0628965752675871,-0.0484894410515105
-0.0171395013471916,-0.0270998731415398,0.027357338403566,-0.0581598421910757,-0.0578933941543361
-0.0344775339239076,-0.0256029338558402,0.028806062469321,-0.0509524261630384,-0.0640840781604646
-0.0447582624819597,-0.0189551643801784,0.0331848744180678,-0.0455164981233736,-0.0733795486632285
-0.054795262175214,-0.0117499811363693,0.0368641484098981,-0.0386404214299087,-0.0739844445816909
-0.0580511314466456,-0.00684090864932627,0.0364152812246741,-0.0329219674497996,-0.0712572080792861
-0.0414898810102659,0.0557035335366487,0.0571946988887486,-0.0214670407543029,0.0447605305616254
-0.0385786983433962,0.0513717619088028,0.0561535114135043,-0.0285249097213814,0.0526564693414589
-0.0381857141277181,0.0449939064428221,0.0558535773356465,-0.0332361350105457,0.0557547733605848
-0.0282837738338291,0.0428747154300883,0.0557644196026828,-0.0360435618087703,0.0552638685596007
-0.0149364821563842,0.0275652750961176,0.0466134932633362,-0.0444554079144507,0.0568776640869715
0.00720147887732663,0.0101393815764132,0.0313003263571701,-0.0508887291023498,0.0607122732668938
0.0234179673789889,-0.00127826542113366,0.0206314931725929,-0.0547193987281417,0.0594918984655992
0.0444372858295056,-0.0147484459544586,0.00660706794841432,-0.0578284964355566,0.0570247530801763
0.0639571784327641,-0.0331731820675963,-0.0125479703590326,-0.0624251314676346,0.0544353596097271
0.061501771180968,-0.0318005681097761,7.29732874576734e-05,-0.0659975365543611,0.0407910689944599
0.0579274315608721,-0.0334249759792229,0.000810260082180287,-0.0647497326660847,0.0260241421937485
0.0563701733548112,-0.0308230162704347,0.00682961398549211,-0.0636825697619632,0.0116520299320905
0.0517514047176379,-0.0293614876778005,0.0123584593544536,-0.0639353128580651,-0.00351866239586584
0.0444562125258476,-0.0309851053922466,0.0173821375202369,-0.0623967796916301,-0.0166963526616668
0.0328825149903651,-0.0298352119565402,0.0227257553276943,-0.0600964582409791,-0.0319716857909111
0.0186160716443925,-0.0239764346905246,0.0326651551122094,-0.0563785734116893,-0.0492048364891284
0.00130464529211156,-0.0239442389487076,0.0346250744568444,-0.0535893263875222,-0.0563989482567334
-0.0120287270914184,-0.0224385968816423,0.0353257415309412,-0.0465740176057836,-0.0649892609294026
-0.0302389583514077,-0.0185362486288832,0.039462890178558,-0.0398073487619328,-0.0718449608475666
-0.0438085687038514,-0.00651371372753224,0.0459818914042638,-0.0322779446963095,-0.0764528965242427
-0.0488195375119544,-0.00243118690107848,0.0451873134943558,-0.026522939417578,-0.0742806050120727
-0.0527022850304263,0.0360006205072022,0.0538598511592172,-0.0178587091514828,0.0504268031223548
-0.0512703409747444,0.034962606859532,0.0567016941005032,-0.0216841917138049,0.056682873353395
-0.0444913813182627,0.0253541170128788,0.0525725099581143,-0.0283820436960974,0.0623958363973119
-0.0334911078082967,0.0206714363937251,0.0501764644440271,-0.032168947104252,0.0651513311391212
-0.0190433422949447,0.0125572507105466,0.0465944668520969,-0.0387762456802444,0.0659526235544992
-0.00107255895112535,-0.00127608957169245,0.0340087557213387,-0.04384209699258,0.0689978810402495
0.019125003706727,-0.0145185722024108,0.0201976966295215,-0.0482901780215415,0.0670192339472035
0.0406577485582645,-0.0254170828618985,0.00779038714824477,-0.050744625554973,0.0629673636876906
0.0592246396644786,-0.0332433336201363,-0.000400488204878648,-0.0520295236095878,0.0580766732823739
0.0611211513834804,-0.0353866829902278,0.00369630607287749,-0.0554205406867478,0.0448826547059163
0.0616497214523255,-0.0364316449304134,0.00409160316044591,-0.0555760141760378,0.0332044088135274
0.0621483595857064,-0.037136404741995,0.00948445543595238,-0.0559349152524183,0.0154756059611772
0.06282271299863,-0.0328333166319708,0.0123628582018929,-0.0511641518322085,0.00034407905266676
0.0590535165564005,-0.0321524864915017,0.018489084387492,-0.0515542780615902,-0.0160668499783037
0.0423081376269061,-0.0269100202058578,0.0277633733040424,-0.0489818511959862,-0.031017124047568
0.0308136073814984,-0.0253941264324012,0.0352182551368651,-0.0487289300386832,-0.0462499447370295
0.019817904615298,-0.020604084247233,0.0415698680217903,-0.045036097584349,-0.0573854227628265
0.00464552422616039,-0.0194374163872162,0.0427889625595151,-0.0412239860532347,-0.0655682608225634
-0.010081152374432,-0.0128937631703091,0.0479079810168544,-0.0345455707552264,-0.0729158987641428
-0.0292036798939976,-0.00279715849361943,0.0528488070406962,-0.0262041054773103,-0.0769597256446535
-0.0371517958768819,0.000625906055945347,0.0523930642649559,-0.0197478939351913,-0.0744001180795373
-0.0680656238838243,0.0228070343811424,0.0524206463913074,-0.00726881456271886,0.0490487878171782
-0.0602692196899232,0.0206572786039804,0.0533541476898881,-0.0134837599570085,0.0577013960145264
-0.0586070784146058,0.0155201766780454,0.0524317488650856,-0.018466740135608,0.0642684725811654
-0.0440268375944466,0.00873698660347456,0.0457240937658036,-0.0193216531823205,0.0683091220056987
-0.0317812478621043,-0.00113539467899366,0.0397343368166138,-0.0265656428723346,0.0722342249093768
-0.0062472899807,-0.0135834399742161,0.0237853120856749,-0.0323935664299866,0.0742483007760942
0.0162074187510244,-0.0249314866984721,0.0137090311413635,-0.0365422592472112,0.0744901835479834
0.0389980637175001,-0.035356218013954,0.00365115878983817,-0.0390946419271421,0.0702340639083557
0.0674764304778286,-0.0454139533270986,-0.011252972341495,-0.0437573905937294,0.0649427065820515
0.0618917908107149,-0.0401090646958088,0.00103978391276038,-0.0408890857345983,0.0479030541687553
0.062625706260399,-0.0405478725656655,0.00720070451403187,-0.0408218715665765,0.0335057076721332
0.0692351867936675,-0.0370995568682794,0.0105852311135374,-0.0402565503262538,0.0177682961881766
0.0681408083363586,-0.0366726478171155,0.0119172261225239,-0.0380938081673502,0.0024535717718424
0.0666754494721462,-0.0312967186586369,0.0202328305555508,-0.0364299568514953,-0.0151642805019486
0.0543261239920373,-0.0295175025256089,0.0272682956532455,-0.0353278914972052,-0.0298999911879691
0.0443503476041646,-0.0237399563074623,0.0379240786437273,-0.0330410952392079,-0.0447379036131838
0.0319436430682064,-0.0197651892577995,0.0420607861510507,-0.0287015702122104,-0.0571574436956108
0.0186553420046414,-0.014004523095226,0.0494392220838884,-0.0281154419667274,-0.0665440657520021
-0.00139153572376426,-0.00634036610761616,0.0560176449158684,-0.0239425903191631,-0.0703874963150978
-0.0160937534334919,-0.0013090636691266,0.0597135332979065,-0.0173275436095831,-0.0761354328878483
-0.0233338874115027,0.00612157730026906,0.0590054871649186,-0.0115123117423765,-0.0718237467155639
-0.0783998276742425,0.00997618520033865,0.0469792702707411,0.00364086712441119,0.0500977758431294
-0.0717342042809377,0.00487166179857646,0.0483200210061364,-0.00231851001048409,0.0583519332078157
-0.0651642523526815,-0.000722179550848038,0.0475267203413469,-0.00826225067051754,0.0636527438310966
-0.051407341887056,-0.0066811354671793,0.0400123839705839,-0.00826872233120319,0.0721655205373361
-0.0347424379668653,-0.0118881117342721,0.0313106682121696,-0.0128168799705393,0.0737626267463802
-0.0107535040028331,-0.0243376550108449,0.018860658752144,-0.0166002975819484,0.0799897417172604
0.0113629994297128,-0.0404293397550417,0.00806778297004738,-0.0206012150595418,0.077521207578389
0.029713804302985,-0.0425267751658497,3.08442979027182e-05,-0.0208897217595572,0.0717446971188695
0.0493851695685684,-0.0440794101894387,-0.00151013689897091,-0.0226062251805781,0.0660158469349245
0.0529527390384479,-0.0407712934419918,0.00300046827975375,-0.0212936396693535,0.0488626037849931
0.0630886632021501,-0.0441504288072969,0.00642487633148176,-0.0247654765745318,0.0332056705347535
0.0720890958738912,-0.0426738916165752,0.00993442932000429,-0.0281431703905783,0.020810243357144
0.0721465265871777,-0.040910745132454,0.0104399733649986,-0.0214575351278096,0.000817782319493671
0.0657675622355193,-0.0320969174150192,0.0203570528021948,-0.0181775512288478,-0.017422629909198
0.0647553089641754,-0.0281393020316549,0.0284806564895116,-0.0166958680226299,-0.0306000406574695
0.057664456325171,-0.0251103757001046,0.0329104445671437,-0.0147419424279406,-0.0412760983816122
0.0442873555259888,-0.0179228646867865,0.0428043682793485,-0.0134102056899497,-0.056322049689602
0.025764506233951,-0.00714067923510285,0.0545646861183924,-0.0105601529370569,-0.0671759315599536
0.00663788938383161,-0.00397712218464256,0.0610112455029944,-0.00957803976644126,-0.0749621848484912
-0.00389145400289056,0.00238991127139839,0.0627386732181363,-0.00552157006111572,-0.0762083061507062
-0.00797017713549013,0.00795179090768621,0.0574414446553526,0.000487871678612936,-0.0727375033324138
-0.0897881186064347,-0.00144347973706045,0.0441455404310444,0.0146706710533414,0.0484293171479901
-0.0857107378754683,-0.0059647420429329,0.0429008949955726,0.0103893891317758,0.0568028355180053
-0.0789597732885878,-0.0113697628831142,0.0419131338525596,0.00608382706182966,0.06369455798673
-0.0621118006259705,-0.0206307853042523,0.0297640163331476,0.00500188002519996,0.0725579733614204
-0.0417213375170233,-0.0258933414026426,0.0208731021990622,0.00382164704551015,0.0779210586933286
-0.018396772339459,-0.0414075292244613,0.00915945243466403,-0.00107652611356902,0.0811915312372645
0.000991467135685507,-0.0455918263116421,0.00142890269614764,0.000548601350932002,0.0809397565105258
0.0270632597444302,-0.0477114998774326,-0.00195316803037742,-0.0030000909161079,0.0741293867993402
0.0446483306384372,-0.0508449477569548,-0.00491873968308181,-0.00577141956110951,0.0683560867332413
0.0523615971560388,-0.0448725236830769,0.000336962254458354,-0.00748111629145381,0.0506696900086982
0.0647657899420379,-0.0439194979500866,0.00359030103328215,-0.00847515848711031,0.0357218612829922
0.0738160038887466,-0.0446713419238341,0.00767217121806892,-0.0102933674801417,0.0187568179978705
0.0750094265965719,-0.0389869769793775,0.0134519031796372,-0.00618014935685435,0.00123461786244041
0.0769655301692691,-0.0337873589462849,0.0194027697447988,-0.00308847588943653,-0.0161941007108863
0.0749385384896586,-0.0277029381984506,0.0262590248340495,0.00321151131933749,-0.0316673977728558
0.063194314141545,-0.0253006477787063,0.0342757937385573,0.0039011404759884,-0.0473027726993653
0.0474882448717614,-0.0152891707435608,0.0442755090766723,0.00515184631606087,-0.058717166456056
0.0313774811911102,-0.00334724530075464,0.0543707031150172,0.00492136413853137,-0.0691047409671184
0.0189948667603258,0.00195655807476707,0.0590269058145704,0.00768689052656214,-0.0743781822135849
0.0041100670361059,0.00527114467052987,0.0628167961283236,0.0090388220848497,-0.0789546431756857
-0.00310141149487732,0.00741210797182541,0.0579095803949495,0.0117007063896235,-0.0776797331838863
-0.0969245029120409,-0.0104706838864628,0.0364712859407235,0.0264238118563039,0.0498331779790257
-0.0941498938038591,-0.0142540674393314,0.0354711756821581,0.0240688879612828,0.055913151833198
-0.0889284497085835,-0.0213127229631246,0.0334337594289289,0.0213655179145318,0.0612188918647374
-0.0699462539290209,-0.0291610506132432,0.0246333189731418,0.0195451702729999,0.0710138959000515
-0.0407433278613161,-0.0336152054242399,0.0133876837024664,0.0171253347643238,0.0785809824835093
-0.0244904219586951,-0.043061230556658,0.00682602198272706,0.01569540779093,0.0810849926511898
-0.00551381157587286,-0.0517895953672019,-0.00248952332370478,0.0155556660662852,0.0780588752770742
0.0208123803619466,-0.0536556332918254,-0.00614216844796095,0.0106282243989089,0.0711954500709327
0.0407674281595709,-0.0489741620439322,-0.00527215012366885,0.00986735243422011,0.064662256748931
0.0521775428635014,-0.0486557400488554,-0.000747585519217235,0.00766963793123082,0.0481153709633845
0.0610764571345514,-0.0437493399333341,0.00713706883600901,0.00404634968888143,0.0340579343969172
0.0728005878178745,-0.0440125354305737,0.00882427806151847,0.00485859956260614,0.0179542550887551
0.0764468891235405,-0.0379258423060283,0.013286740720282,0.00892604103457055,0.00217376800793611
0.0789680970929171,-0.0285192198618675,0.0235987947379002,0.0127220961764491,-0.0177010162204635
0.0750768608580506,-0.0217200241143398,0.0305658797854735,0.014319978854281,-0.0329430044001378
0.0648505291554689,-0.0140809431728099,0.0391340571668257,0.0174467235326959,-0.0477903282928336
0.0490648098159059,-0.00269166028491828,0.0506352053999561,0.0181742990636669,-0.0601212187947949
0.0348871956198808,0.00327237749479585,0.0578739416720276,0.0207302750894706,-0.0725464023382703
0.0170856656219374,0.00793639034320718,0.0611700903056878,0.0225313424904951,-0.0756722349751444
0.00780266540031982,0.00746927723908106,0.0586682821291546,0.0234015262999067,-0.0779941869212678
0.00443828680232159,0.0122926998885292,0.0568804562482403,0.0251621005334031,-0.0756384819600114
-0.0974755764709345,-0.0137034490147594,0.0316786961939564,0.0360938464213505,0.04702605768078
-0.0981033001167021,-0.018782991735348,0.0324926568252435,0.033615893483916,0.0549999465809623
-0.0895070280428694,-0.0259865431527854,0.0243192660412792,0.0331754156611623,0.0631289982914103
-0.0708360728619791,-0.0321843923159141,0.0198655916952488,0.0322231221704564,0.0698959910005795
-0.0511547603750487,-0.0407651148235965,0.00992300159189796,0.0290605111526082,0.0740066306723225
-0.0298546943925921,-0.048793655214145,0.00268747759953389,0.027860628175656,0.0765082432998002
-0.0125011674493027,-0.0560223359360382,-0.00478961044136695,0.0268330746177419,0.0743309702653936
0.012171817319978,-0.0536601529693949,-0.00825918506927845,0.0259098011561501,0.0681363846434956
0.0327409581016868,-0.0490994636370963,-0.00753893386401351,0.0257533010291368,0.0596748204882837
0.0464185582863486,-0.0474529232646469,-0.00505449714458291,0.0248116434967928,0.04616483289219
0.0593780201654894,-0.0434466329829474,0.000171788686259539,0.0242056617407823,0.0346183231491142
0.0700150713592474,-0.0360418030612772,0.0062946163922686,0.025450324751065,0.0168302640783981
0.0745713055589042,-0.0297262878641344,0.0162871258303967,0.024027496283778,1.69579662365259e-05
0.0771252812274325,-0.0243238907799739,0.0228483512667262,0.0263424990218578,-0.0168919931619779
0.0736246386547364,-0.0162566882896063,0.0328761394133612,0.0260130157775485,-0.0341517759155879
0.0618850763754678,-0.00353231846834959,0.0432173759026151,0.0294094934256264,-0.0486995156550473
0.0458466722037275,0.000611053817501349,0.0510272113022605,0.0313211042092394,-0.0601550601845025
0.0344227085526829,0.0061321075588969,0.0561259050789938,0.0339687711558476,-0.0725005980759196
0.020399926023988,0.0130562882990706,0.0586622338034585,0.0362985322719509,-0.0754953953226152
0.0105213430661249,0.0143478919749541,0.0577266598329248,0.0397824351064264,-0.0788855539714483
0.00205671392713348,0.014159784173209,0.0541723037564273,0.0403041293441221,-0.0737952979109614
-0.0993346981387958,-0.0177018441378712,0.0260624327490062,0.0456410138879927,0.0433907780839355
-0.0950741557077703,-0.0266960120201519,0.0220263784671606,0.0441829761492264,0.0505668909815508
-0.0891835298793564,-0.02989242269664,0.019527708038182,0.0444750449581769,0.0589356191065325
-0.0728738233679436,-0.0380863084050716,0.0145615744712193,0.0430666394823562,0.0635447074787867
-0.0573069604422114,-0.0447936703844477,0.0062343645507934,0.0419832501184696,0.0670671166993843
-0.0387181096069485,-0.0496785836457367,-0.000295344084098217,0.0417722201462417,0.0692264892781598
-0.0183894155654879,-0.0533234121118152,-0.00635619927979091,0.0417025970123601,0.0668327562959279
0.00625639954875439,-0.0509102147473419,-0.00969731041236933,0.0428173263242979,0.0630319292675492
0.0301193628499775,-0.0529454603166801,-0.0114266294217557,0.0403867847498309,0.0508498264766002
0.0411781823351297,-0.0447834800166366,-0.00766161088149901,0.0421686502965989,0.0442946552823169
0.0537763541018684,-0.0398557103827618,0.000292878734862111,0.0411674802381815,0.0309218979183035
0.0650138314608633,-0.0329296783650962,0.00680885821708783,0.0393904552992552,0.0171597367804287
0.0757662429911943,-0.028447980181513,0.0114683334145353,0.0386874745993121,-0.000670707751753358
0.0720864977459568,-0.0180241684954463,0.0229243832474475,0.0415159199406123,-0.0170834148723021
0.0713605791386012,-0.00992147713602725,0.0296353210579385,0.0428163473390991,-0.0315743547576432
0.0625097292024443,9.72062625126217e-05,0.0400930906513224,0.0446938446717896,-0.0479579480306848
0.0444402043056856,0.00580575945761533,0.0477223192597269,0.0480546170585271,-0.0631550138995115
0.0319352315627336,0.0128970139275524,0.0518192699336773,0.0498575325613934,-0.0689443425261458
0.0211255069119513,0.0160031484617691,0.0549150183715962,0.0522214275143284,-0.0722657467835014
0.0106440318758701,0.0180521422443268,0.0545979894788774,0.0536190182894174,-0.0754819937367982
0.00334111106178423,0.0121089241840585,0.0498476540505366,0.0522014057871363,-0.0741837706613519
-0.092594747891014,-0.0242166178994898,0.0197453940796545,0.051677309627976,0.0411981818149067
-0.0927543689880429,-0.0304325389386028,0.0170685233802113,0.0541934961091387,0.0476978669779872
-0.0823652819814096,-0.035501255951305,0.00983643957003506,0.0559660263098696,0.0515767839115271
-0.0742162235428386,-0.0369183911667096,0.0111228400536087,0.0565429322791486,0.0568525607092948
-0.0585728489531398,-0.0434201624396195,0.004697626798445,0.0553644988212867,0.0582432755379455
-0.0417948370273037,-0.0497320942912519,-0.0022245127347652,0.0549647826886945,0.0595645823482316
-0.0211496628226648,-0.0538394323885188,-0.0068799136944079,0.0540167453858841,0.0565439504609235
0.00343899405002615,-0.0525044510670616,-0.0117863050768473,0.0561137184617077,0.0521202779233659
0.0221470434653087,-0.0477065561549659,-0.0106919182904042,0.0567295027761933,0.0456130377004249
0.0373791962763144,-0.0425112216453597,-0.00751158036170139,0.0547202212850561,0.0369620400399764
0.0516669360936275,-0.0341922428472375,-0.000935111126098434,0.0545539478695342,0.025951294879785
0.0609947280826241,-0.0284138003160965,0.00274015676279909,0.0516653014052057,0.0143951104494108
0.0704818953504191,-0.0218807915884804,0.00800237562101285,0.0552162607166339,-0.00176914332957389
0.0726745105686615,-0.0137673896218114,0.0178303846729608,0.0572372286423086,-0.0179620346763166
0.0676888043423213,-0.00487546580571628,0.0278297528323432,0.0574417437454135,-0.0327687056903517
0.0581007471426514,0.00291521477144656,0.0377121700835511,0.0584755607770688,-0.0466303043418948
0.0442014461247131,0.0136953354944131,0.0447500890390702,0.0620615562210297,-0.0595747918011622
0.0314700919943384,0.0162035574603531,0.0492678065983824,0.061807742878056,-0.0668541111503073
0.0192719916719138,0.017139700088615,0.0526404380209394,0.0632419484113816,-0.0722178471845819
0.0115206134333304,0.0182176477300433,0.0512221908403761,0.0618910991354166,-0.0734765148907991
0.00293925258923245,0.0125469887725123,0.046587685530017,0.061562075246678,-0.0727009092332841
-0.0853335621119411,-0.0222294014978934,0.016762390915939,0.0627140154379034,0.0341966109081799
-0.0839377196817847,-0.0272442629006001,0.0136957612753605,0.0636939332100936,0.0390180235637172
-0.0755112463861878,-0.0343210412665816,0.0082431130555811,0.0660103382281572,0.0412616563829127
-0.0716467354362882,-0.0370442868944589,0.00885867425468982,0.0679044739505753,0.0430860486558174
-0.0575857033216306,-0.0417266607282688,0.00163649933890586,0.0665609076876724,0.047068607163516
-0.0413877516438121,-0.0472795885903955,-0.00683516438152199,0.0659627345385803,0.0517730646736054
-0.0227927687685849,-0.0520878960285543,-0.0120778918340815,0.0680983084686546,0.0482073751517517
0.000110508042463403,-0.0529301511693721,-0.0140418006093938,0.0677310632218438,0.0419364878776643
0.0208264239633097,-0.0503440012125183,-0.0147809896759386,0.0666990921858233,0.0369441705899083
0.0379099123688664,-0.0369524450270018,-0.00896140987830844,0.067593423259911,0.0284988769856594
0.050148740841201,-0.0271988447002818,-0.00180770687389745,0.0655641405216794,0.0193918095793055
0.0595331522841192,-0.024081276581564,0.00063364184051359,0.0636655119161761,0.00862383534002901
0.0685235082748382,-0.0172911099013836,0.00726866773373381,0.0682476841402067,-0.00504204529125101
0.0693836166229022,-0.00666809387397515,0.0178268803883797,0.0690728186864783,-0.0184198292532673
0.0634173183431819,0.00435428047258322,0.0280581049205039,0.0714048429853183,-0.0319089646706115
0.0582049388080047,0.00963313996144709,0.0328012189666005,0.0738906447066521,-0.0457854210917507
0.0435422662370703,0.0137747573798645,0.0394842643046217,0.0730819756649523,-0.0561019077761783
0.0340631668895533,0.0159963300606348,0.0425371211511589,0.0734523383434341,-0.0644230502531625
0.023199799252463,0.0198050723778232,0.0455792313515367,0.0744375547283119,-0.0687008584410152
0.0128004322317058,0.0159623467262337,0.0449958196780605,0.0731865473348912,-0.0713768806594401
0.0028200457993735,0.0141078780345136,0.0431214319041847,0.0696161094408928,-0.0718071648734171
-0.0761396002917033,-0.0194003720737808,0.0120588767680613,0.0717367542225889,0.0302868192363944
-0.0748401107168778,-0.0268398141063117,0.00833472266612129,0.073694057045045,0.0295429031521926
-0.0681539966656825,-0.0343827354131727,0.00287026648268412,0.0753109501910281,0.0328010235346647
-0.0640586975019208,-0.0386723033548322,0.00144969674588747,0.0772715151249306,0.035783894238198
-0.0547703338769374,-0.041332678825818,-0.00365259239147669,0.0757760848158943,0.0390483342745087
-0.0400775767879181,-0.0461954425189156,-0.0104584482702197,0.07759128199101,0.0412888429299535
-0.0251093016169312,-0.0459938414817821,-0.0131004715670924,0.0800757165508747,0.0398330525516594
-0.00624097556248059,-0.0473252381994679,-0.0146667469752817,0.0798977353542703,0.0355763468951636
0.0131912826857135,-0.0379262628430547,-0.0106342951562215,0.0790451496173858,0.0288052123998693
0.0305377853412233,-0.0343062977421078,-0.0101079368570335,0.0764223580103654,0.0246873170124736
0.0428226036117751,-0.0262382964035901,-0.00505503465135166,0.0741746159458535,0.0148806639923998
0.0532070958241381,-0.0210648527099223,0.000288558379702165,0.0733759562961151,0.00447796986564204
0.060651905604309,-0.00627545724631585,0.00969759908781602,0.0774552114833949,-0.00559174265887627
0.0618962095850904,0.00169338905265587,0.0158204063233686,0.0815561169641379,-0.0202779733220357
0.057083672550719,0.00363580234408604,0.0181388732445309,0.0840808982323428,-0.0284577306898161
0.0542785828291195,0.010371609932627,0.0234467689858134,0.0838905246998353,-0.0397396661812514
0.0401638629030488,0.015876136391815,0.031319807034893,0.0807196091812098,-0.0495379729117016
0.0324906025797607,0.0191756070893893,0.0368228714998248,0.0804237173180584,-0.0555756087385275
0.0188267670211851,0.016546261538609,0.0358910740044846,0.0836992467029738,-0.0655185127239603
0.0115217364672588,0.014119631206092,0.0340668640042374,0.0797897014978601,-0.0678026807325954
0.000799866304047711,0.0133962444683379,0.0371714531423686,0.0764664200432364,-0.0709852008135967
-0.064896837950321,-0.020824106405297,0.00439198440544186,0.0816941036619018,0.022308394159066
-0.0634969395922362,-0.0241079288184856,0.00229360791921294,0.0850926871090408,0.0281348168665765
-0.0609582861318279,-0.0335763911395319,-0.00405071616504665,0.0851601975073652,0.0288480437663908
-0.0575302871048943,-0.037109371621953,-0.00621336145111094,0.0850472143307892,0.0322051769286916
-0.0525673583711453,-0.0402732437041122,-0.00635485495337925,0.0850580147644428,0.0301452501589511
-0.0406674085372321,-0.0389813525661177,-0.00813896915580234,0.0847458731408989,0.0329731050415862
-0.0233783057426165,-0.0365891307367228,-0.0126963131616953,0.0881442786436498,0.0317704686163179
-0.00676130687061387,-0.0363166664785706,-0.0130483284591503,0.0878964291617847,0.0302045014815308
0.0115762633688372,-0.0333639013842732,-0.0129831273620231,0.0852417091238337,0.0256902232311457
0.0243759236857822,-0.0306826624483907,-0.0136993830235937,0.0853401336660827,0.0214516134662198
0.0369853255792521,-0.0200338705741964,-0.00558866763332198,0.0858494944465581,0.0130641067330218
0.044822423791453,-0.00930470657720097,0.00190352848560343,0.0832461115578482,0.00305911675412891
0.048822919534644,-0.000446528747159302,0.0109618728826117,0.0856117120166575,-0.00990231480148071
0.0522747202029984,0.000567486881657154,0.0104298792057339,0.0881310309901069,-0.017466429894626
0.0527761976053249,-0.00174132971342658,0.00831902735497134,0.0934929609323603,-0.0222325257472468
0.0488009586599211,0.00491888676361723,0.0151764798907003,0.0923418846190297,-0.0324058228899503
0.03934864269591,0.0149716636792022,0.025554131987763,0.0875858427846082,-0.0466595004862179
0.0269330634564444,0.0141235765928448,0.0295597807458622,0.0826277717003375,-0.0535956574916615
0.0167801433513531,0.0173388958844369,0.0330034785179158,0.0839213458746559,-0.0598486230224214
0.00604671947214651,0.0182190894736234,0.0351058951566359,0.0816989330204014,-0.0628318734355275
0.000385234710704132,0.0133892206994054,0.0336276923633184,0.07870916864152,-0.0640862459858921
