-0.00332145276023043,-0.192372002689669,-0.00567795479612705,0.0153364659410474,0.014633360857964,-0.0146444755714533
-0.0040123800530419,-0.198544483784318,-0.00957708440043347,0.0193266147202288,0.0148228826125654,-0.0165660493068729
-0.00714169956327743,-0.204724029582312,-5.48596428621376e-05,0.0130806627587606,0.0184284397228235,-0.0208510078745976
-0.00562977388990058,-0.196906963653584,0.00970609761345616,0.00401541385151691,0.0226694695269287,-0.0236724285151002
0.000352552483573253,-0.189913312151987,0.011526987720671,-0.00104488483106104,0.0255748612278366,-0.0222587947488221
0.0140710000702977,-0.156106724111532,0.0368695480949985,-0.0227838189353763,0.0313046068652538,-0.023103730079212
0.0264117188185943,-0.133043433542134,0.0590532282153386,-0.043201679344704,0.0344776748651054,-0.0220830472649148
0.0341834284519846,-0.117538016770733,0.0716767880498958,-0.0583042667610877,0.0374398457183463,-0.0245247670918076
0.0380706290148176,-0.110493239703519,0.0879906300014652,-0.0752848875551932,0.0402785692976337,-0.0317060568520332
0.0496978275349697,-0.0827819607085512,0.0880326887463651,-0.0873073913991393,0.0342867927168444,-0.0355065164020615
0.0508957457112358,-0.0792308003789406,0.0851040280909904,-0.0915697863703761,0.0285169771320898,-0.0379977324073229
0.0510039577555845,-0.0800727358427397,0.0751155759025404,-0.0930351156353663,0.0191257380693321,-0.0458797534515354
0.0505102199769034,-0.0808430488167941,0.067977287595567,-0.0993607630026997,0.0105906437280947,-0.0514668096293297
0.0408866461411899,-0.0897352651869458,0.0345003801640621,-0.0882091179785845,-0.0111312390349099,-0.0620013571171886
0.038424821651438,-0.0938871856455947,0.021269501577297,-0.0855871181947399,-0.0212590487377512,-0.0665199439239424
0.0331622336810636,-0.0982511419628515,0.00136614348680809,-0.0761093863859455,-0.0313460856913837,-0.0662711935059654
0.0326142280030696,-0.0961539331540604,-0.00471148878136379,-0.0758794479041741,-0.0389147796434137,-0.0699940970199998
0.0310721962689305,-0.0967310167510458,-0.00997886318162303,-0.075756438894112,-0.0422687069974517,-0.0726813267329353
0.0289384424408297,-0.101599483467749,-0.0120828912625057,-0.0714672399207424,-0.0444765133609747,-0.0721711604915582
0.0268124011395134,-0.104767194272516,-0.0163899414814149,-0.0689582639772949,-0.0470897715495491,-0.072865006256161
0.0241075565474217,-0.104527955730092,-0.016559171332073,-0.0659018231098782,-0.046732231497612,-0.0677564720451685
0.00563188919432329,-0.163809413449253,-0.0257418398951716,0.044328447547415,0.0221480493369896,0.0170225407609504
0.00942952214917404,-0.174080288599407,-0.036023070370101,0.0618685700166043,0.0285054447558963,0.034612781031334
0.00157313328163334,-0.190191911533936,-0.0245186851031922,0.0592458351630414,0.036496600777454,0.0304778560153182
0.00590987672426134,-0.165557394843664,-0.00508009456152281,0.0258092101314392,0.0331711755818647,0.0110403269987921
0.0125292796457139,-0.143569937704492,0.00657754340741976,0.0104820747835128,0.0363194485693627,0.005967045147166
0.0303789364471596,-0.108657043063187,0.0330899039536671,-0.0121317945082344,0.0454285681633265,0.0110689203855779
0.0387163315402184,-0.091744203313539,0.0550114685629791,-0.0308848678011095,0.0507994021118942,0.0100773750647707
0.0583355324174762,-0.0557751119685188,0.0853535186783889,-0.0563315309120933,0.0617316024987095,0.0113827582646031
0.0625663157181418,-0.0477973106573083,0.0894767157753908,-0.065516039416814,0.0602585923388978,0.00845988233498081
0.0720120821906251,-0.0302538360739038,0.096983933081774,-0.0806066913495916,0.0552658487004788,0.0010580572297915
0.0725243433039864,-0.0254389247604735,0.095006790659747,-0.0900939736051953,0.0472093353116608,-0.00660582584075423
0.0723825957728627,-0.0242860618007897,0.0872370109795353,-0.093263562081512,0.0378840507125893,-0.0166384139914878
0.0638941721396512,-0.0368956700347502,0.0598189948593154,-0.0896847821201665,0.0176074373294569,-0.0315412616836056
0.0541431686301345,-0.0453231523291042,0.018427026127934,-0.0774317175565817,-0.00712427236295525,-0.0392493705668908
0.0498556346908531,-0.0529869098053383,0.0059534029006269,-0.0725832875337627,-0.0162733656351723,-0.0462551367886929
0.0439454043034664,-0.0582167359405262,-0.0101312425569621,-0.0683987587104407,-0.0292664450299414,-0.0525801546243233
0.0407711031997455,-0.0627226977550092,-0.0175602115180555,-0.0674780754925985,-0.0375734585995082,-0.0565422054448761
0.039601498125625,-0.063917144701829,-0.0223201870528909,-0.0688030252837613,-0.0427190500450642,-0.0594267601154141
0.0349392241383519,-0.0665950174992882,-0.0295896481604873,-0.0649556096170665,-0.045879414656823,-0.0624066736450927
0.0350822958881088,-0.0693777572395559,-0.0328527637934394,-0.059974266906919,-0.0482332561943957,-0.0579609925418988
0.03252260983288,-0.0730647966403324,-0.0320683374564296,-0.0551654625885092,-0.0486334221584502,-0.0566529407115004
0.0137623520545477,-0.137256955445206,-0.0462459788281977,0.0627038601114626,0.0365015834772847,0.0459314369207742
0.0152527983663014,-0.139271182873715,-0.0513451588141173,0.0714323604311023,0.0399084683277836,0.0511978942648496
0.0149483922817592,-0.141710422571902,-0.0427848951843147,0.0686737790600088,0.0459093821540592,0.0532005356740778
0.0221973200129443,-0.124430377503719,-0.0339086371260327,0.0553676912846711,0.0469280404827717,0.0488323920675598
0.0268741829776203,-0.114101951527369,-0.0239468254879924,0.0489104651901113,0.0514756646431997,0.0510323197478617
0.0489259255973986,-0.0689227811052664,0.0110292075124239,0.0168760097400369,0.06232541728742,0.0558354602112883
0.0630914742238518,-0.0292996494253992,0.0447598347225545,-0.0156639486674639,0.0671711569927582,0.0436048737994982
0.0726360047876375,-0.00751536684942748,0.0733856567350293,-0.0461868771918079,0.072135596957713,0.0357032662487091
0.0747262454745353,-0.000983875525783185,0.0763348206576756,-0.0556254905484044,0.071749678592424,0.0297557090202605
0.0808840677172528,0.00810356813184007,0.0831340252798387,-0.0661122723841329,0.0654085551270329,0.0224063853606872
0.0793005266906808,0.0127045974805088,0.0852913138153583,-0.0774700206987989,0.0584838459871524,0.0119519308874555
0.0801778243629981,0.0161730508337623,0.0671059673512802,-0.0779114184467155,0.0439763190078158,0.00568381740576636
0.0819675020709292,0.017684158128716,0.0537257285317387,-0.0823733610962581,0.0306334239486895,-0.00418216049668164
0.0640918229711526,-0.00610146767529988,0.000300166530832297,-0.0624479362131442,-0.00193805160923215,-0.0202768945620787
0.0565510966616835,-0.0158741607236727,-0.0135782305527945,-0.061941666319911,-0.0135374206722975,-0.0337938342142956
0.0534201157556868,-0.02368178967065,-0.0237623209960107,-0.0606565773792247,-0.0240114587199331,-0.0425843136582325
0.0508668862814697,-0.0308856682520791,-0.0341456774559259,-0.0580736153812431,-0.0326367269293842,-0.0456138967512043
0.0465400934815677,-0.032752171340399,-0.0386509827735188,-0.0590662072750718,-0.0412493097493668,-0.0567349843909708
0.0424103605176817,-0.03438971197955,-0.0435595367222377,-0.058760502862069,-0.0454692523031315,-0.0571724531549204
0.0404158104333307,-0.0367832347391264,-0.0455546231504995,-0.0550899780375955,-0.0450009494229187,-0.054108282181056
0.0390581410687783,-0.0396477927855508,-0.0461360789997305,-0.0457774917078818,-0.0452041626321253,-0.0529159297328498
0.0162759713881122,-0.115176548541074,-0.0557656947062778,0.0713373860587401,0.0464375170098961,0.0622399566874926
0.014081172295062,-0.115796544146204,-0.0565500154671115,0.0729066027324602,0.0492660956636482,0.0627355648412898
0.0174294011295191,-0.112108542889645,-0.0569556417406721,0.0715384369416645,0.0528570170492339,0.0661604871299849
0.0321393497152993,-0.0787520098541392,-0.0427821891795509,0.0593046937739701,0.0594998057413639,0.0705795191603255
0.0381594592384013,-0.0676407448531988,-0.0309157090468877,0.0506046811779231,0.0610563519560901,0.0683543156024624
0.0504789368675267,-0.0285763612793601,-0.00141884556189295,0.0142468981697861,0.0665688930541611,0.061107942339016
0.0642009719433836,0.00658748097768685,0.0309390472754116,-0.0143312096830898,0.071919264125046,0.053728059108966
0.0766341960360268,0.0260380869832344,0.0526946847961844,-0.0282824657128883,0.0786818650047689,0.0547629587484233
0.0800886109815142,0.0333739517896394,0.0640008873481879,-0.0423332639016785,0.0794577635545177,0.0446342389627902
0.0832745733266403,0.0454425514754016,0.0607041682951136,-0.0510430361608344,0.0724796969823693,0.0391161471434063
0.0854836489363838,0.0485758574070547,0.0565839895135039,-0.0599309322906718,0.0617776523839571,0.0257844058381069
0.0858372062670016,0.0515705214070745,0.047791697257926,-0.0633701383078742,0.0487576970658523,0.0217747475319595
0.0831098081998548,0.0484002765775335,0.0326980092398673,-0.0652452749688074,0.0342657439616834,0.00635519475982686
0.0677392207398234,0.0231186828843304,-0.00640081603616446,-0.0511085894551957,0.0080577080817746,-0.0178780557724401
0.0628906384674078,0.0125705489632027,-0.022313446930163,-0.0508949235514743,-0.00794023279270322,-0.0284920208145059
0.0585754370797049,0.00622214713358259,-0.03685190745113,-0.053029749777731,-0.0198162692338864,-0.0379322354794421
0.0563214381446245,-0.00296808246521562,-0.0474647895111416,-0.0477899145430812,-0.0284136272778144,-0.0422931611857246
0.0522443773876378,-0.00240394343199453,-0.0528539940997586,-0.0535356238141374,-0.0370767769454028,-0.0482731080161126
0.0481687317389498,-0.00784730150881286,-0.0607050543904793,-0.0509494784663648,-0.0452377982594017,-0.0514974061129034
0.0440906744060052,-0.0120025251610283,-0.0611630149381137,-0.050415786512183,-0.0465936494814356,-0.0504759866357513
0.0451259625359848,-0.0137100234536712,-0.0603458194159219,-0.0449834468836627,-0.0478502851955463,-0.0434491889742233
0.0223665532336441,-0.0672436585001904,-0.0632701474571337,0.0612747511573578,0.0493342446198966,0.0675917721934487
0.0220076728466195,-0.0630734509294118,-0.065430025159053,0.0640483071856755,0.0557642739983533,0.0704252057444786
0.0222113437000402,-0.0606602461168972,-0.0598437169425088,0.0649012211224833,0.0632580884286373,0.0742253358924922
0.0307169481749366,-0.0480213062824213,-0.0525564764564581,0.0595591654629468,0.0639690399840437,0.0792308386828935
0.0354388511094971,-0.0292292016533507,-0.035115631440047,0.0450535844128729,0.0677037907740339,0.0726588213236838
0.0494509872738224,-0.0017316544200621,-0.0109964840056962,0.0260005499610877,0.0777497414796685,0.0793819432606174
0.0588139059275395,0.0266587463793085,0.00647183423694708,-0.00217252087962679,0.0735175109055467,0.0656675999136
0.0717470337706098,0.0514874002860694,0.0361516415371113,-0.023703040011568,0.0838315934618701,0.0596440964759828
0.07557213737827,0.0599069180747631,0.0451380984489343,-0.0345946741280182,0.0816247623786357,0.0495857704016379
0.0776416934467188,0.0637585730822502,0.0472770331702903,-0.0410721327342687,0.0744996976678552,0.0363446108094059
0.0794947354917927,0.0667969916579414,0.0448159008197017,-0.047835787080647,0.0664672055190975,0.0250863874179453
0.0764971620202651,0.0631076377900087,0.0263699215557916,-0.0484155106680733,0.0476268078159671,0.0131980037708408
0.0746469826969672,0.0573243953203285,0.0132812407551495,-0.0469311031690897,0.0337665811236766,-0.00109680871391535
0.0620573324953222,0.0382340046205529,-0.0150958624314024,-0.0375924358809816,0.0119625597894417,-0.0230213330198809
0.0610321442791661,0.0312494710674433,-0.0267640354974786,-0.0395423172769351,-0.00306097712705817,-0.031873340495731
0.0590466601129605,0.0275445791477965,-0.0392894364739769,-0.0441946341662999,-0.0158668803879363,-0.0398254506027517
0.0574393779120846,0.0218548685413134,-0.0509950314101185,-0.042203560160374,-0.0273663031258851,-0.0450751431645781
0.0528415654134285,0.0160860229099882,-0.0654581460443675,-0.0418514532010821,-0.0378728519611949,-0.0483692614275381
0.0501655121678205,0.00901920553428312,-0.0729453564077332,-0.039384253341957,-0.0463558705108337,-0.0487266697541003
0.0476006375857726,0.00917043661046872,-0.0718862555919591,-0.0428428740248249,-0.0487187548780158,-0.0469834788554957
0.0461771042548886,0.00381689777924635,-0.0689542182477406,-0.0376912352986656,-0.0491445154984923,-0.0410679053244146
0.0192226782887409,-0.0473825932908816,-0.0727848701817363,0.0598583706132585,0.0510262164851773,0.0739679664050078
0.0152444121700941,-0.0445963896250309,-0.0718142985370031,0.0632687807766837,0.0608017346209661,0.077667038931026
0.0160857533729544,-0.0395728416010509,-0.0661695126038575,0.0642400119555919,0.0672973168827957,0.0783209883700053
0.0199185548140054,-0.0266204273165646,-0.0591095135815289,0.0616731941669901,0.0732817909848026,0.0806886602193468
0.0292381159759346,-0.00192922761477092,-0.0393074098924479,0.0423729031706487,0.0711733645189552,0.0683409940706208
0.0425237209291146,0.028274125450173,-0.0272414311602831,0.0276239467349146,0.0783787557653632,0.0770616021153675
0.0472779453518496,0.0468193503949185,-0.00822128075783678,0.00959232577443461,0.0797325046865208,0.0620616585477222
0.0581101093468427,0.0677558942296715,0.0128692835132247,-0.0102423743474177,0.0829203164949214,0.0586535376556031
0.063221904699053,0.0762884022667963,0.0225547319587988,-0.0235021181784837,0.0807865928348969,0.0475757621460911
0.0607927814184086,0.0702145154131425,0.0214577148698968,-0.0280806724109911,0.0695681884173635,0.0225067795055049
0.0596252964127459,0.0689321650868428,0.0179635420238693,-0.0336306039939162,0.0584044600817184,0.00730758973750881
0.0598736312228394,0.0648146084360161,0.00681522920554976,-0.0320789714435034,0.0449601386671818,-0.00472989783481801
0.0572647840182533,0.0553444577512111,-0.00917537948918385,-0.0268955260360535,0.0305961844661492,-0.0162913696337184
0.0559686028264545,0.0516740151581529,-0.0170128885735569,-0.0268728607437164,0.0177313096866661,-0.0276958156267293
0.0544260178853342,0.0433002967116475,-0.026502214461565,-0.026844983560467,0.0030510805391305,-0.0387502954433931
0.0533999126359825,0.0403812579187893,-0.0436007237389173,-0.0310004897217125,-0.0134534358969864,-0.0458359760604958
0.0520337185442799,0.0338471858737852,-0.0580792952034553,-0.0309369871020537,-0.0272288417317093,-0.0484609167899642
0.0505864859621956,0.0271534152186119,-0.066082228362365,-0.0303579055373566,-0.0352545050379998,-0.0505199116272307
0.0508586357554477,0.0226006259174043,-0.0728541707165773,-0.0295718136360255,-0.0462270575081807,-0.050318546779691
0.0461377941523472,0.0192746830004044,-0.0748777444712458,-0.0306786550618429,-0.048634609210515,-0.0501025989004727
0.045850897981978,0.0162254812806209,-0.0722015676729967,-0.0279855552105352,-0.0491853517965504,-0.0411216648713322
0.00576312761159189,-0.0242515487066287,-0.0661070046680002,0.0410538695489825,0.0469666797116758,0.0574018648159323
0.00373145362506074,-0.0201195114988509,-0.0690688606166052,0.0424990064576203,0.0518877862394191,0.0601797308392728
0.00596531493491022,-0.00757164173177399,-0.059294599711513,0.0403788064066116,0.0582630730233535,0.0592676786550812
0.00906741230002435,0.00300924707238616,-0.0585283915711134,0.0376305284577024,0.0625736276411019,0.059595191559034
0.0124898052969781,0.0139919533279178,-0.0467199591708155,0.0335343690089465,0.0701205986703793,0.054697202700286
0.0212785370048693,0.033159538672602,-0.033436890025872,0.0248975206980296,0.0765679614316177,0.0572440819811942
0.0237141896657675,0.0478262608361006,-0.0209425626218465,0.016585046970872,0.0830532886521749,0.0451606850326116
0.0319266434970682,0.0604604072144763,-0.0041566597065104,-0.00136268181768875,0.080412885166895,0.0361391905993401
0.0383738950808599,0.0693146140773607,0.0087683141355064,-0.0138848813863881,0.0776844810921748,0.0257457326303632
0.0371842247478837,0.0686690447566864,0.0124840699492958,-0.0203510487266321,0.0705661376690151,0.00548211802619398
0.0400737029162545,0.0688611961256301,0.00871429880207182,-0.0246545909136484,0.058405126502611,-0.0069485241855481
0.0437665041857931,0.0657506964089411,0.00206443624562708,-0.0201038663949563,0.0493647192365864,-0.0165414050917793
0.045607901454439,0.0630796370516787,-0.00591869832796155,-0.0158783611225738,0.0360666768998349,-0.0295569092432348
0.0475523854661664,0.0577591097417212,-0.0143881642270247,-0.0145503680044859,0.0231407690112238,-0.0364738347928375
0.0483148436314865,0.0508697640930213,-0.0275677555280396,-0.0131165880144668,0.00615593698859316,-0.0443289707459875
0.0479817489453091,0.0479035311342157,-0.0435362979109141,-0.0132683580885593,-0.00885216025172483,-0.0511890327581853
0.0491959214066358,0.0432152724665477,-0.0578602687094539,-0.0150183722736569,-0.0231622399908652,-0.0515555496861958
0.0485624550370653,0.0364388189401616,-0.068683393838527,-0.0194333047246413,-0.0358799872318837,-0.0499745525683798
0.0471710026964699,0.0288210442935536,-0.0772470112093603,-0.0168087406659037,-0.0424661881913726,-0.0516730083734023
0.0460593848371089,0.0228572824259541,-0.07698781413134,-0.0202665910251048,-0.0457604645703881,-0.0449386197448129
0.0471081275424477,0.0228509282747675,-0.0732422250298242,-0.01773383292106,-0.0479504699463283,-0.0406625531630674
-0.0108070404242315,-0.0203585263313215,-0.0754232597103133,0.0369344037046819,0.0397466816531599,0.0526598064584576
-0.00946362076931168,-0.00984367640440155,-0.0747965898636969,0.0339139760241932,0.044151811958702,0.0565402232053795
-0.00794140696586126,-0.000497649326738163,-0.0706497618536144,0.0349759887341119,0.0524789790389558,0.0546815305873766
-0.00564928597916253,0.00884709528668688,-0.0648590776239405,0.0304029032239206,0.0578273086399686,0.0491782038376922
-0.00632371632944867,0.0167205671079299,-0.0514478500855728,0.0276848071469059,0.0662900797941391,0.0407012259994217
0.000302524838221174,0.0297010659985033,-0.0337791822530793,0.021508424692345,0.0722496338290865,0.0368291105875681
0.00388435277117033,0.038860333594058,-0.0173228980270433,0.0173742787203114,0.0800915024046444,0.0264619585734699
0.00958313905679379,0.0535456728494579,-8.41944024458259e-05,0.0001517180479717,0.0819609989454983,0.0178546465381849
0.0143453870492805,0.0623988178867519,0.00900591686392094,-0.00696750683328737,0.0810651052866193,0.00497053302351111
0.0156435825833267,0.0656795050484028,0.0103991769509324,-0.0119014803072385,0.0730220339233473,-0.00960400392338675
0.0209163360610541,0.0649885102590671,0.0103720140042682,-0.012889125292021,0.0640692410139042,-0.0217462168979327
0.0280323205159561,0.0644225366789086,0.00497798486389545,-0.00775507068376965,0.0536451200746904,-0.0292190703280895
0.0291253484267453,0.0584137217340103,0.000156199357966322,-0.00369917021872102,0.0404588207480424,-0.0410879875014428
0.0311495178664178,0.0533760686467236,-0.00838625957383601,0.0026519372666179,0.0271685304166371,-0.0487431589642808
0.0322620232662056,0.0505669700931956,-0.0180251357900013,0.00199265717804143,0.0146566155611977,-0.0571019689508179
0.0350133366362898,0.0412106340150971,-0.0379293616019749,0.00608835213059967,-0.00376766864844713,-0.0597962223882489
0.0381281247213905,0.0374950912338801,-0.0522116087881375,0.00482150565777509,-0.0182111707070544,-0.0597118522574164
0.0418405083191569,0.035578267942842,-0.0639342092054942,-0.00210420467582845,-0.0313968511607286,-0.0546296880220881
0.0415147696439821,0.0252249363591699,-0.0717480210536788,-0.00200621888249229,-0.0412777589426131,-0.0543120444445641
0.0460594940276794,0.0253884270665029,-0.06927388296826,-0.00402999662365539,-0.0448282190288756,-0.0462437868756979
0.0455730243609747,0.0220514436548912,-0.0736693101591678,-0.00161267753836874,-0.0496577526944259,-0.039807070176511
-0.0202020737859354,-0.0106807000362305,-0.0783908009141512,0.0307835749768073,0.033652168279721,0.0495002032328245
-0.0221592677218963,-0.00526745728448963,-0.0775304146388428,0.0258870294341221,0.0388920913549331,0.0479356309914577
-0.0226198793062195,0.0026147774508097,-0.0769796186498915,0.0274082520525415,0.0452101650036831,0.0461357032005722
-0.0228981142858806,0.00882265548556127,-0.0688428361318356,0.0289686521638792,0.0504802765508157,0.0389474772213018
-0.022066343484542,0.0208156948249013,-0.0573625504739831,0.0236727744455965,0.059373878037203,0.0304169713993473
-0.017788017179047,0.0316090674830907,-0.0352066953893993,0.0194719517159768,0.068672753963525,0.0224424920692273
-0.014923287121274,0.0375937063906364,-0.0190479098274052,0.0146217966463381,0.0744645066109935,0.0136906763463836
-0.00953037834869767,0.0478240348787546,0.00405701605037323,-0.00174846058297145,0.0790474550037855,0.00262434151192071
-0.00727939483264447,0.0549441039892929,0.0152265427167271,-0.00580077773702129,0.0793932212563596,-0.00971870839498075
-0.00377689603209078,0.0585852619032785,0.0176502083964425,-0.00301315784351449,0.0763330900396482,-0.0254781525317232
0.00252186449441981,0.0568824153798598,0.027360732123749,-0.00873495061351671,0.0701649648454178,-0.0370878166081063
0.00537852616431545,0.0548621466639434,0.0152824607758311,0.00272113276713539,0.059103321047572,-0.043834695689177
0.0119928822909763,0.0512517904536467,0.00331076304527236,0.0151529056544079,0.0445508205379714,-0.0511168815252611
0.0149094791335495,0.0497066462784688,-0.00192822234518299,0.0151544792653698,0.0308588560846229,-0.0576516565711328
0.0186808438396012,0.0442903965640181,-0.0133016829296756,0.0170080301667761,0.0158876555011746,-0.0607804830493373
0.0222953758337721,0.0383492215891657,-0.0300889501592079,0.0218999058117744,-0.00138961100633121,-0.068701317562305
0.0249304576706499,0.0312765088217345,-0.044598169395305,0.0201782298466239,-0.0166843986900741,-0.0695016228259817
0.0317102921926486,0.0305537423317998,-0.053553501988661,0.0134888290670668,-0.0308429847242784,-0.0612201920901396
0.0378008997053811,0.0254036541136435,-0.0620566635310133,0.0166338738991812,-0.0419448597042327,-0.0572244224995477
0.0401967800599027,0.0219598620985676,-0.0689777115121332,0.0161279752059925,-0.0488445646362103,-0.0463460444525497
0.0392839846113281,0.017255298180212,-0.0699183384519612,0.0150690921308766,-0.0505269120199137,-0.0394046526902236
-0.0310850783873067,-0.00719593577366751,-0.0815656770568216,0.0244496057960786,0.0246522877747656,0.0429603303449699
-0.0351434575069692,-0.00123266926348235,-0.0808293290134523,0.0206927996193746,0.0331763569874631,0.0411858555221797
-0.038412795248601,0.0037006544577141,-0.0809144204249477,0.0172526407387921,0.0357755528584356,0.0367355090938548
-0.0395815986374875,0.00560991427039385,-0.0746805546699757,0.0220718844243172,0.0404304846027764,0.0316688441274419
-0.035693850078152,0.0205573667904314,-0.0586839879779864,0.0147263207205788,0.04934550726377,0.0242207952474153
-0.0329262622754304,0.0340058458597548,-0.0324670247732133,0.00651663783036188,0.0624082322396828,0.0151378749310299
-0.0315067740573175,0.039028349207271,-0.014692436122723,0.00384484543606724,0.069383027018967,0.00393834545378928
-0.0293576831723596,0.0436230487373188,0.00876293898033101,0.00119793440186139,0.0772663321129741,-0.00988824827508606
-0.0244854831833601,0.0513676866804716,0.0346618157113499,-0.00818878097597177,0.0851735495106729,-0.0251070161748219
-0.0261712644308333,0.0476457584090922,0.0231296475543203,0.00639462384191232,0.0761322712508352,-0.038642134179346
-0.0197344097951856,0.044420152946887,0.020528758318349,0.01008860654053,0.0653644526398405,-0.0474424791267815
-0.0137730869477612,0.0418245636828666,0.0161710073089301,0.0197179430568818,0.0558874438332727,-0.0530876660815437
-0.00841865778403074,0.0381684398257402,0.00896068812815416,0.0276851459544196,0.0452317635186634,-0.0616122348497623
-0.00148279548748236,0.0398404769908305,0.00321027682074243,0.030710620425132,0.0328257128411095,-0.0648051204611468
0.00552651234864495,0.0368526980583253,-0.00704336025401394,0.0341891691389235,0.0178474207548336,-0.0691726135204863
0.0113225789697275,0.0298700398609169,-0.0226063365468306,0.0425041072208012,0.00018624015168707,-0.0729732119494451
0.0158607738734173,0.0279217002073794,-0.0345852625001713,0.0369862820502447,-0.0125933814163413,-0.0717825637424561
0.0233440216818697,0.0260297290141028,-0.0407576366087146,0.03305582477298,-0.0261814185516822,-0.0664683887634164
0.0285841315253587,0.0229483308731062,-0.0530435729180711,0.029481430495009,-0.0407562827033589,-0.0593090239987958
0.033567309742144,0.0164887941759763,-0.0649314695314793,0.0324071444420142,-0.050641633183174,-0.0473641012268235
0.0310629527543912,0.00973654186547675,-0.0674977303043685,0.0306890548850908,-0.0536870786870861,-0.0431376027401876
-0.0384433160113054,0.00268741274526887,-0.0805685354811587,0.00614488492140645,0.0151109323051063,0.0409611278874566
-0.0451403447302365,0.00407169874555314,-0.0829595990519638,0.006929285166518,0.0200973980079234,0.0391764240022045
-0.0504203461036581,0.00975817313952249,-0.0771708970223517,0.00244837206886301,0.0276054914903837,0.0309744228786029
-0.0551481731536264,0.0109603129840715,-0.0696012105518145,0.00477048442861746,0.0345474287603796,0.0231779459553148
-0.0540667948323243,0.020094328326141,-0.0574684475647501,0.00583954012972001,0.0431510255813797,0.016595246066394
-0.0518270265564308,0.0305136325526611,-0.0362095839562034,-0.000723190843498424,0.0537512524273604,0.00918229826673223
-0.0479880787659906,0.03736089778386,-0.0134690508359009,-0.00430483400400265,0.0625742864776045,-0.00282742704446858
-0.0483837473006245,0.0367785331041063,0.00788079707240051,-0.00285083415975498,0.0695963427689578,-0.0200060815413611
-0.0458279355105849,0.0390164422261194,0.0262466535700806,0.000281183574427844,0.0745422330299268,-0.0307744939513559
-0.0426978343601878,0.0378376380396644,0.0236871339548263,0.00888016535486259,0.0685344657331711,-0.0435589308124921
-0.0416833654573248,0.0308842425492314,0.0218907236209608,0.0149817455769501,0.0618287860487204,-0.0566175659156785
-0.0348205699995685,0.029558812023773,0.0193600463358939,0.0253313281347449,0.0513002057701305,-0.0671583160258845
-0.0267170119283904,0.024591070578901,0.0194406171893812,0.03470979664647,0.0414084935457811,-0.0702536297281949
-0.0152022250328268,0.0282824170198396,0.0150636612847116,0.0416768196670014,0.0306187370918708,-0.0727575439320806
-0.00473977233486427,0.0281618689082272,-0.000187057795216345,0.0453111720555098,0.0143213407265222,-0.0693028645853091
0.00159108765403438,0.0260493363157325,-0.0124353603898304,0.0504942242301374,0.000253909357551122,-0.0746939306387702
0.00757607043440337,0.022708397093132,-0.0226479619614146,0.0545814607433044,-0.0121377901915728,-0.0733117254804592
0.0157204050184445,0.0226063292582681,-0.0315766982137017,0.0495961255218028,-0.0244301152731566,-0.0687228196958099
0.020036949644914,0.0169820317304789,-0.0431098947342854,0.0502397652960586,-0.0373001565448536,-0.0627825218192125
0.0230418621637023,0.0082907918274562,-0.0581682651390551,0.0488066149006925,-0.0500148257982789,-0.05262260304465
0.0261300358683315,0.00859182561576956,-0.0601009188882123,0.0433021886071037,-0.0542460447450051,-0.0403086990402321
-0.0428940943815842,0.00449994297983829,-0.0826359929524565,-0.00757116176132677,-0.00251567460809442,0.0411160213363508
-0.0520590633549495,0.00561454653561373,-0.0809803874773636,-0.00544538325659632,0.00770441086056561,0.0357881570032304
-0.0593667344083966,0.00732337540662122,-0.0813441696300405,-0.00850116852234736,0.0131426687294431,0.0301535763034574
-0.0625128858435321,0.0100089886043569,-0.0666024598582612,-0.00916006346490406,0.0208642446898945,0.0250355482989321
-0.0654939536205412,0.0163950130723256,-0.0559586826913811,-0.0117161973429813,0.0303852721221619,0.0154675756735204
-0.0621920876791736,0.0242510692480507,-0.0289811997125231,-0.0152544713594219,0.0451385852736325,0.0050441490264346
-0.0636602725721795,0.0286106889317307,-0.00764378876839791,-0.0142022395667954,0.0552898159979064,-0.00816107043742511
-0.063131091445371,0.0306582915581607,0.0141153122653346,-0.0107951792010955,0.0624795460917499,-0.0231883780673993
-0.051519453454815,0.0410000890682039,0.0441546911393955,-0.00988697427772798,0.0747493691138248,-0.0310522359860786
-0.0567767198334214,0.0255583563366602,0.0300179853950458,0.00751044117727608,0.05956998582294,-0.0477936531292977
-0.0565011589338719,0.0198879930844839,0.02583046289615,0.0188557834271688,0.0501381197396023,-0.0613897689571386
-0.0491810835934131,0.0159880678645806,0.0278566633149891,0.0320080071038773,0.0444045020129675,-0.0695479211776045
-0.0395792247646099,0.0148025986226517,0.0277210294881619,0.0374956319958139,0.0345410746909652,-0.0741687329498748
-0.0278876951140378,0.0153800560776877,0.0234765165276001,0.0496301631044737,0.0237415953018718,-0.0748376824450558
-0.0201008623353933,0.0145267190129547,0.011733875959684,0.0534598837243994,0.0093941935711371,-0.0773962045410926
-0.0104371349837254,0.0153239029638264,0.000557104189386377,0.0617929165066196,-0.00415254663928696,-0.0745863357387932
0.00215519701961347,0.0170456753995169,-0.00720020241244865,0.0620148878041482,-0.0174546805822225,-0.067639403829402
0.00958626447347811,0.0166057720946717,-0.0204942409264442,0.0647301542882361,-0.0276551042977948,-0.0638807181173904
0.0122714295290619,0.0115415607320075,-0.0380025960126688,0.0627756935462523,-0.0392172912903466,-0.0561737145723805
0.0164566209396758,0.00728728831262833,-0.0482301313419334,0.0610735637269821,-0.0513018371623636,-0.0494658590229524
0.01675126005789,0.00204443196602232,-0.0522271960818984,0.0578082639960118,-0.052781166262584,-0.0387301217364435
-0.0452480990297357,0.00768294717616724,-0.0784751347112949,-0.0227515973249336,-0.0157804487095574,0.0442648784489096
-0.0550890240732809,0.0106224200258368,-0.0767787133945606,-0.0220332894882324,-0.00746975877609779,0.0379155804222773
-0.0626355490913024,0.0123906980154088,-0.0742227494277268,-0.0218880523434235,-0.000395641689048286,0.0294085043400832
-0.0698762058781211,0.0124345793910293,-0.0602836314849895,-0.0241558381543849,0.00912067168841383,0.0251195735056653
-0.0718174484309545,0.0119244202324178,-0.0462443539738641,-0.022822824006046,0.0195646463199126,0.0144384806768673
-0.0752456397333338,0.0181631403754741,-0.0218100696027059,-0.0254965788277874,0.0335318714146847,0.00484312517289314
-0.0785272039800125,0.0220264895687514,0.000122794351416751,-0.0252749821928836,0.0404172915094816,-0.0145375725688148
-0.0783886767953602,0.0154719298377541,0.0153139897988439,-0.0180772309678934,0.0457174926372931,-0.0279620903153556
-0.0806816060980606,0.0115038511317808,0.0279063527587286,-0.00555406880495004,0.0510109803872787,-0.0414749841499488
-0.0778304188840804,0.00195051385278556,0.0257380752349508,0.00880473197703421,0.0421241197405387,-0.0552861896788095
-0.0691008064238519,0.00696892751167331,0.0315891812322091,0.0201363526709806,0.0382884956753515,-0.065501549441574
-0.0621090908236838,0.00802424793473092,0.0347331167093946,0.0321279439935904,0.037164590066149,-0.0732194842612018
-0.0496261543500921,0.00419011546487725,0.0375670927074832,0.0397393567271825,0.0231594114539027,-0.0771296549079602
-0.0386965926093547,0.00066641617158878,0.0282384553424338,0.0524252669772656,0.00971616377838662,-0.0766547829008333
-0.0308637060710617,0.0017329911913052,0.0244408797303724,0.0628241213996474,0.00101904489417924,-0.0769362932238034
-0.0187823790950431,0.00641975999676989,0.0199199772082722,0.0648229224588385,-0.00810085909458432,-0.0705623642777611
-0.00609073446217341,0.00806238815841542,0.00641383002288213,0.0708793390435651,-0.0216788970715287,-0.0651944035423209
0.00505930475949428,0.00868954892262949,-0.0116716074438392,0.0751895670651931,-0.0352517430686752,-0.0536201264369489
0.010585403779223,0.0081065415651655,-0.0281849251375671,0.0728421725002785,-0.0478913970828098,-0.0502531908801404
0.0129772775404165,0.00339746084222789,-0.0363215196539126,0.0711706381427492,-0.0534724844690511,-0.0435133800819184
0.0174000148513719,0.000477630042754978,-0.0344949184518162,0.0651937322518042,-0.0535318092885396,-0.0318347768730165
-0.0467757430073491,0.0103094209092506,-0.0766230183634234,-0.0351447079654783,-0.0311451937162975,0.0469362423512706
-0.0560498447078978,0.0107313393491452,-0.0752911308642452,-0.0372215158670996,-0.0240405351834423,0.0413638417419901
-0.0660076858064915,0.0106286096835204,-0.0722920901934939,-0.0371824701338128,-0.0170901661139765,0.0330325298247326
-0.0740363564997312,0.00977894670403957,-0.0542977124688787,-0.0418642239789176,-0.00558201332097689,0.0241293501452052
-0.0794423529720627,0.00862526840291557,-0.0359974563486393,-0.0399163575668439,0.00617602039855923,0.0160619226639395
-0.0854027239508262,0.0130568031213934,-0.0132989747020267,-0.0415025096415092,0.0175307559133728,-0.000798091572994594
-0.0909626774448198,0.00677249490889984,0.00360965956995005,-0.0359392067127183,0.0240314106171272,-0.0129257001211469
-0.0958942291109024,-0.000977945396426923,0.0194265291714787,-0.019802876963294,0.0323824796191378,-0.0339327474205667
-0.0949234191358574,-0.00125612132920007,0.0321539925622708,-0.010896907649762,0.0375504915341823,-0.0452162964814208
-0.0882065998700623,-0.00786398393270163,0.0315511233470395,0.00652780013535231,0.0328720892565885,-0.0569558578357374
-0.0805953240947443,-0.0075644752976023,0.0384487575169263,0.0209016221468345,0.0301344635708478,-0.0656770125643464
-0.0699416639104818,-0.00361846883602582,0.0435664022013497,0.0333089515586563,0.0249500427585296,-0.0732351613702317
-0.0570205273064999,-0.00377853079223243,0.0436706353226356,0.0449597441009849,0.0145187714827846,-0.0721385532297136
-0.0450881531667512,-0.0041924105185835,0.0435862279968432,0.0572011369085757,0.00479812239546594,-0.0728828582433336
-0.0345681862391523,-0.00552250462679682,0.0415805881254545,0.0674981783344169,-0.00739858941645545,-0.0695981718146471
-0.0228237808705447,-0.00225163715802072,0.0308869018757484,0.0716785062536601,-0.0214449158790851,-0.0682135889234371
-0.00779373362945743,0.00209470707226915,0.016191506688368,0.0752224345190686,-0.0327639190887978,-0.0551975117103011
0.00476049170584896,0.00279426395005788,-0.00114651204440164,0.0799390348717052,-0.0423768580491945,-0.0447836958226369
0.0146379905129461,0.00657453707577585,-0.00974370495589913,0.078176706882221,-0.0505415667613759,-0.0331410999439967
0.0220012451281612,0.00891853839433967,-0.0207599791461755,0.0742288617210002,-0.0590954847850407,-0.025248969814957
0.0261397844551656,0.00718258708243935,-0.0224396756785322,0.0666945430347716,-0.0607987629598509,-0.0189610717440533
-0.0495012889529744,0.00834129938830066,-0.0706566317918497,-0.0481185922664061,-0.041800370837347,0.0494525590033282
-0.0571537819895329,0.00790910261464385,-0.0695477823310928,-0.0497688416185187,-0.0373919482626892,0.0447889491975465
-0.0657683551561813,0.00834123622604957,-0.0657413776505315,-0.0515859883168326,-0.0331201405497112,0.0366923272105577
-0.0761789427960006,0.00744982289298575,-0.0486815871958003,-0.0523375927579803,-0.020254247469798,0.0274832960561498
-0.0821239721294491,0.00617347397359851,-0.0238423785929366,-0.047695372522959,-0.00223359376268158,0.0185438983821652
-0.0892576109842254,0.00600235324974892,-0.00902560582851186,-0.0465244184051124,0.00442269961040771,0.00606912400860597
-0.0938563844352759,0.00152047522387825,0.00859040644292959,-0.0429557617307474,0.00924839399231689,-0.0109306638209661
-0.0946658500512064,-0.00192834892582101,0.025408726697919,-0.0279619884234067,0.0190041127360834,-0.0282547292863978
-0.0926721331812503,-0.00550631243431716,0.0370302276560482,-0.0119388255037952,0.0251674969133948,-0.0349317925103825
-0.0880096322614806,-0.00824370789662114,0.0409271982408945,0.00424938006074232,0.0211285280296221,-0.049282695993457
-0.0792589144218734,-0.00604538935954502,0.0416183808987756,0.0206028636884474,0.0194458620022302,-0.0541834878079395
-0.0698882374573573,-0.00512041131407283,0.0502905464213075,0.0331044166062688,0.0147750390124612,-0.0618243401939225
-0.0582110613214067,-0.00638423750544327,0.0523202692891707,0.0449584433624618,0.00665466396034443,-0.0610629389382856
-0.0450184479431094,-0.00756438140617255,0.0500987222091051,0.0628186650118995,-0.00418390550566313,-0.059818765115961
-0.03266291294333,-0.00714149676574481,0.044589593737351,0.0721648699457348,-0.0137600582973212,-0.0573587897814079
-0.017907134209564,-0.00419168569983775,0.0354296784049757,0.0784203117634208,-0.0264582862906002,-0.0488880141362722
-0.005094709973444,-0.00309407029584648,0.0183541521738533,0.0847055018778026,-0.0380942841778999,-0.0390335102649377
0.0104528524630247,0.00259936480828345,0.00784044480111055,0.085820676345018,-0.0508094364295753,-0.0277403285957924
0.0206179426699636,0.00713804392208718,-0.00410798146361403,0.0790165158606996,-0.0592064185813125,-0.0143457895300528
0.0293665282107256,0.0119876768406913,-0.00693187434057527,0.0709856545150373,-0.0636449015681814,-0.00689173676485793
0.0352304056105779,0.0138791082787203,-0.00717431046702623,0.0673231222444258,-0.0623216700868652,0.00393050974766639
-0.0463892959602306,0.00774850923021791,-0.0627380298561535,-0.0527542491343732,-0.0492612984547551,0.0539971892210516
-0.0553694862399818,0.00958912620704056,-0.0642388494528802,-0.0564148029000475,-0.045965862413149,0.0511866447111955
-0.0648134016891603,0.0066683322664337,-0.0546841416764381,-0.061318808945124,-0.0389055297623252,0.0433182580683384
-0.0712162311279067,0.00988154672832462,-0.0383456248452775,-0.0587943718351212,-0.0285061099138057,0.0386582504172079
-0.0777874968444543,0.00863578895455901,-0.0207794976237475,-0.0582101855876265,-0.0174494881548618,0.0252997494464626
-0.0858624883795379,0.00625821749576553,-0.0028254744734005,-0.0538098471596172,-0.00840564684148727,0.0112171899230087
-0.0909614114071347,0.00187223233785873,0.012014973438811,-0.0495751630912739,-0.00316875946529892,-0.00467632450515432
-0.0903399331137532,-0.00375696749511652,0.0286993086989884,-0.0343453525693761,0.00526682510844379,-0.0158486431694955
-0.0858987557098373,-0.00609563310454917,0.0416843211104816,-0.0179421033900961,0.0104053086422067,-0.0216253017986879
-0.0816968977951196,-0.00959700381853121,0.0484972378689549,-0.00264200049362855,0.00906090450809306,-0.0331441535670337
-0.0761539872338264,-0.00999824694879113,0.0542828760373797,0.0133829018712592,0.00861151020925932,-0.0385018245077633
-0.0635434869489308,-0.0103830208938692,0.0589430549821698,0.0313620487953331,0.00400247466023984,-0.0406053748433121
-0.0513880712874705,-0.00693058694285595,0.0571085649396198,0.0475631772617608,-0.00206446201595016,-0.0414187726160212
-0.0421948181425963,-0.00954855435534831,0.0558709331126695,0.0612231265027356,-0.0110745432684306,-0.0450688481185382
-0.0272940962941136,-0.00627479934686461,0.0488101488610347,0.0734479207582058,-0.0205148670509914,-0.0415615021740885
-0.0128496515841688,-0.00693832628834343,0.0360675748766469,0.0823426846487782,-0.0326257847958243,-0.0313040671724906
0.00458958727434221,0.00363568176360351,0.0253825075756095,0.0807771607091005,-0.0456691028108051,-0.0167139043746137
0.0218335160045268,0.010333242285128,0.018395272043225,0.0813117677784199,-0.0568256870713744,-0.00473417499262267
0.0313411579584329,0.0120182761015853,0.00861171751939107,0.0772731028530296,-0.0631420884280995,0.00789086464264165
0.0390827251457095,0.0142564438274189,0.00498496198887565,0.0714040361249782,-0.0699016880915865,0.0159424194894833
0.0417855603208384,0.0172885199918157,0.00218154699672264,0.0613078698131169,-0.0697571540985574,0.0242557262671642
-0.0413283342612554,0.00851589028603069,-0.0547850025426103,-0.0590694701718838,-0.0575411309491079,0.059313569107988
-0.0487225405989076,0.0117305129425823,-0.0487893025771676,-0.0649512948308789,-0.0534175104092534,0.0546232312852104
-0.0548604890118588,0.0133433865213491,-0.0426165887983966,-0.0674790135793002,-0.0474350902309292,0.0555132848543606
-0.0650024602733443,0.0116656596128685,-0.0293291487457025,-0.0649565827190801,-0.0397717267325682,0.0430702752057911
-0.0701936967243554,0.0103371549913967,-0.0145119465771679,-0.0649551000796464,-0.0316137889686318,0.0336481396999886
-0.0764256393295962,0.00693907390084033,0.00110474117293584,-0.0604882301513302,-0.0234649444491441,0.0229877552118403
-0.0797114933947689,0.00266723680587588,0.0175193421197438,-0.0527331543486958,-0.0167737016750585,0.0106707592068436
-0.0791695609533869,-0.00119606141546059,0.0357857312762546,-0.0388648149900776,-0.0082441303475771,0.00396021677812777
-0.0753214208618646,-0.00247123972796422,0.0522140211812425,-0.0229700815164876,-0.00411752638883636,-0.0110511597989573
-0.0765521112862399,-0.0120753454755598,0.055101299530923,-0.00729033600725921,-0.00289058298413907,-0.01704198246627
-0.0694868530580874,-0.0108146268260766,0.0594772021619595,0.0110057191171682,-0.00445731980320163,-0.0213590756066285
-0.058941339473906,-0.00916663922264138,0.0632166552146731,0.0279363387219767,-0.00508314122415141,-0.0231639339944188
-0.0466532509374283,-0.00829736341407288,0.0683455394799738,0.0439949933986289,-0.00910752728914687,-0.0283138567958494
-0.0350510793624671,-0.00932431747129854,0.0604507164439084,0.0584874060535041,-0.0199169596778453,-0.0242729479438393
-0.0216286183629572,-0.00800867128513792,0.0572851182866202,0.0692146906664016,-0.0270590845461521,-0.0201105865262426
-0.00306389994385965,-0.00231416010591051,0.0481321669189543,0.0780418103710386,-0.0386576998557164,-0.00865363740227395
0.0174386326549238,0.00664993615458729,0.036396603695704,0.0770681673042159,-0.0547516371705355,0.00630930751718151
0.029960614649639,0.0109135823202711,0.0274979603877928,0.0753039885601693,-0.0617648185620247,0.0195871585852516
0.0372482766921377,0.0143520834076097,0.020629868969661,0.0722234077404831,-0.0685106539432811,0.0289672120383159
0.045837338148792,0.0175688291324341,0.0153211032848925,0.0665225858237692,-0.0739587266684566,0.0371424686907849
0.048547606296326,0.0222105431838528,0.0140925267457091,0.0557358341128482,-0.0758803950976279,0.0380842360640433
-0.0324857941478303,0.0180807298752111,-0.0392402556237459,-0.0644384853687366,-0.0597205479902845,0.0670353680783104
-0.0423136271213988,0.0155701220341779,-0.0370096123026894,-0.0695517952903369,-0.0598143424383504,0.0629697910056526
-0.0471549413555856,0.0133189477145996,-0.0252617152783207,-0.0713067874207298,-0.0549644834437493,0.0577335780941775
-0.058325006422565,0.00858154169477105,-0.0216465909822982,-0.0663778835774077,-0.0507099840824761,0.0512734096059125
-0.0624244443288142,0.00819290706595527,-0.00748428903413212,-0.0643905536455392,-0.043935941508204,0.041642047192691
-0.0681010992621832,0.00547910766019441,0.00736983766868705,-0.0614827402786389,-0.037191924036316,0.0302571845833691
-0.0673564427805794,0.00700047853581825,0.0247967493760477,-0.0539823850019655,-0.0302995309554495,0.0221376128777259
-0.0677614502059294,0.00115789980975562,0.0438754655013557,-0.0409297735789426,-0.0228321718262628,0.0132472611249052
-0.0646929713595816,-0.00139255989599052,0.0556278231956397,-0.0258364376529654,-0.0179156191454899,0.00917255207230138
-0.0632869970943791,-0.00651726381255592,0.0614807635443203,-0.00927451726003333,-0.0144779208136916,1.96882655380971e-05
-0.0569808667025979,-0.0083338953444486,0.0668123391523633,0.00972786060670483,-0.013231047517788,-0.00236100949943152
-0.0513865201652738,-0.0120460839746848,0.0683146317497902,0.0240947656505233,-0.0128481830451514,-0.00993364271938093
-0.0346869923568987,-0.00673575461319922,0.0759291526909124,0.0381575984902772,-0.0181383305795685,-0.00389273696090559
-0.0259109252802144,-0.00904396651954213,0.0723239882365889,0.0545062225390755,-0.0265923430538681,-0.00517899502102694
-0.00954772139087953,-0.00317846314835015,0.0652709333921946,0.0644820755377815,-0.035159820636904,0.00364623013773945
0.0078810849607486,0.0048264492855835,0.056338422102603,0.0705514022975152,-0.0457651501398095,0.0157037585931088
0.024654740087209,0.00678045007194707,0.0450149382343294,0.0739133894283223,-0.0576379232149024,0.0288710252411591
0.0379625725054072,0.0154794034579219,0.0365526587521246,0.0706750431356986,-0.0657974348342265,0.0396052034141982
0.0488986166517441,0.0235077766610034,0.0298858905449392,0.0659233242438583,-0.074128465768165,0.0502564061859524
0.0555935735318351,0.0267681205537884,0.0255525110866385,0.0602843579309396,-0.0759100662826547,0.055524267603682
0.0573368567457706,0.0294555716819933,0.0233090876577959,0.0495790051503288,-0.0793307332986393,0.0556742633755367
-0.0271977132129394,0.0142915206878525,-0.0274890427931411,-0.0599959051251799,-0.0658592143260542,0.071067948285054
-0.0334004742642473,0.0134208787952699,-0.024312616595767,-0.0640987546763742,-0.0645811912433813,0.0678949341668348
-0.0383061348349369,0.0128092853585339,-0.0137929897274318,-0.0660161966016563,-0.0628047654578482,0.0620418920034219
-0.0466234007710537,0.00839232783960393,-0.0116983345920306,-0.0634279681832241,-0.0630689721892787,0.0555862576851469
-0.0507587345703204,0.00746575182442545,0.00125522155300364,-0.063181434053941,-0.0546039482777718,0.0487356393663573
-0.0586322795329798,0.00291972907180597,0.0156128710171944,-0.0621484708710359,-0.0456491491027974,0.0378650292929336
-0.0584864960673034,0.00293491911771155,0.0332459281568092,-0.0560763182237022,-0.0419207727342722,0.0304360560847932
-0.0554529880331341,0.00393587195993177,0.0507591594965978,-0.0433488504760858,-0.0357013583384772,0.0232625291105652
-0.0521555329923288,0.003821957298796,0.0649591890481778,-0.0301193017031058,-0.0283846434192143,0.0186366357114847
-0.0499973875866399,-0.00563874248680303,0.070078141521795,-0.00766450988955637,-0.0237985689045714,0.0149713182591712
-0.046790642026602,-0.0104476042945738,0.0713755804192169,0.0114299005041218,-0.0210806115252968,0.0103867568720362
-0.0360319280443462,-0.00628802232371402,0.0770715336780398,0.0215981033590085,-0.0209578864784436,0.00977371979993745
-0.0252151025535574,-0.00483881501493886,0.082729820830667,0.0367859337128032,-0.0263645528559954,0.0134626695182597
-0.0172726969676377,-0.00764433022948641,0.0766141662927783,0.0529025222676644,-0.0324496887546315,0.0144460856734505
0.000232831409061059,-0.00151421216962837,0.0698090289592517,0.0623048317836443,-0.0412414758228543,0.0282540314425357
0.0193706124561619,0.00697425852464233,0.0679571069221698,0.0659311793977968,-0.0505270813936843,0.0398415858663593
0.0357463602801743,0.0167286182003013,0.0569783299817456,0.0643786444483967,-0.0605514428468941,0.0517035453644888
0.0484675155979508,0.0233951401782784,0.051307571887587,0.0626040896683947,-0.0682119327614603,0.059797163882395
0.0597318970334661,0.0299518241115778,0.0446937344942059,0.0591133958963645,-0.0741119483539037,0.0717703714855034
0.0611968280983606,0.0310259416473179,0.0378539447368098,0.0526377278610695,-0.079995541829815,0.0693830034855659
0.0639028077213933,0.0326165524563817,0.030609570272006,0.0451792592770485,-0.0819986235419911,0.0688265399100475
-0.0213491325792496,0.011854469725548,-0.0143184301665974,-0.0568275487052292,-0.0675391355514639,0.0769199554485226
-0.0250310667475536,0.0109325078275924,-0.00988650318815008,-0.0603738577361802,-0.0704878205256576,0.0701297934812981
-0.0265437667322557,0.0152013290573363,0.000709799290441863,-0.0650701202619357,-0.0682533618183998,0.0691425831222928
-0.0348201018991343,0.0115435986209251,0.0044740655092018,-0.0649007103655669,-0.0678516548240691,0.0628328322847355
-0.0393473253583482,0.00877207756282501,0.0120610573151035,-0.0644071218816334,-0.061471092289472,0.0562976955936274
-0.0452695013134862,0.0047889197306995,0.0260527054204013,-0.0623615138668209,-0.055982251901322,0.0477598514326866
-0.0474916786746185,0.000775464706417072,0.0380160220311379,-0.0546444494275697,-0.0519019187583656,0.0425601819915541
-0.0446941188262009,0.00330933348911777,0.0530976419247877,-0.0450625735674931,-0.0465194244817605,0.0381945302908425
-0.0425700752992177,-0.00211924537841775,0.0615233315135983,-0.0251554632777231,-0.0398359680913591,0.0336394653516931
-0.0389713079926458,-0.001474799478623,0.0719106285894885,-0.0129274009769939,-0.0323164971960619,0.0303216216606854
-0.0323031756135217,-0.00311206113941708,0.07553243131016,0.00346348682070388,-0.0296277290800045,0.0274715547445726
-0.024609430525163,-0.00151821382844765,0.0798852651476659,0.0174769412025049,-0.0298106921846716,0.0262998725635076
-0.0139073991011693,-0.00260028414575691,0.0809399867885278,0.0354436654753396,-0.0315677167779127,0.0362972821601775
-0.00254627722143112,-0.00405569837249571,0.0801285266170566,0.0473985945430863,-0.0398378585452527,0.0393652624930054
0.0106348285177224,0.00344441949628166,0.0796483646511688,0.047094767589876,-0.0467580465491903,0.0490250271070333
0.0267928596032703,0.0103515653227011,0.0768765821145551,0.0527319009419946,-0.0518759551343414,0.058457544500897
0.0413062827263136,0.0184093767907289,0.0635628663283929,0.0532818926770454,-0.0599265698001553,0.0677086875317616
0.0532165373546027,0.0274108778683516,0.0580571924051099,0.0533394750070764,-0.0654083028666512,0.0785474974833791
0.0650169102369151,0.0320163997384004,0.0530782590303148,0.0458618717236545,-0.0781915020800818,0.0832607233064878
0.0668669161759548,0.0321411949823021,0.0470985123325476,0.0408506706694962,-0.0802409379523254,0.0789452490054028
0.0686003882096351,0.0334185501065912,0.0366504407724328,0.0380860742462208,-0.0850688603931249,0.0771851097638831
-0.011963451237528,0.011824259071945,0.00379483251540908,-0.0553239570921635,-0.0716939829331807,0.0804841027312756
-0.0196328384968347,0.00913483671060619,0.00700057474888198,-0.0582743363315385,-0.0711097902109252,0.0793374407234102
-0.0184076039371642,0.0149656717231252,0.0151064684096642,-0.0659262383892223,-0.0712250649954705,0.0769613628256336
-0.0238870335307829,0.0134955394165372,0.0183029121683434,-0.0671174314560208,-0.0689714653353598,0.0725588490068453
-0.0258627425547277,0.0131796506786057,0.0221043180282807,-0.0644334433945802,-0.0693014914094798,0.0669783879752692
-0.0333744289303228,0.00610162836363466,0.0285546931823935,-0.0576872746863515,-0.062579571128123,0.0593553617668056
-0.0354496680409746,-0.000920964879118361,0.0424631214129221,-0.0489701547162542,-0.0568722300749682,0.0541972991101545
-0.0370068438105999,-0.00194233435008077,0.053801600408257,-0.0391142023171466,-0.0509376312626569,0.0488543439364506
-0.0304029041348503,0.00217228221660694,0.0663834569074947,-0.0277444787875969,-0.0430824433915081,0.0482379178397383
-0.0259923103315209,0.00256462147541901,0.0758224404714964,-0.0193750093477544,-0.0390746013742291,0.0473132460921655
-0.0164306313178144,0.00538682966755415,0.0808164976471256,-0.00183311162369901,-0.0367331910879612,0.0537986565094159
-0.0109078556750773,0.00121196650463325,0.0786932672456773,0.0154406996419141,-0.0355091525335355,0.0510603030890965
-0.00210363685379685,0.000470345395864448,0.0773180656254274,0.0308493710894026,-0.0411985114612463,0.0534889603029069
0.0068434199244419,0.0033966598024457,0.0826498474479319,0.033855653886305,-0.0444932066893201,0.0564293762743041
0.0166443476051138,0.0106751981920869,0.090089537993445,0.0308084697395849,-0.0497356083546437,0.0649631511889194
0.0295593491659889,0.0160846883804456,0.0845581518127765,0.0371802684553764,-0.0547335526704576,0.0721322182480691
0.0445479152846628,0.0197562648625792,0.0704812784961444,0.0461548959537119,-0.0615712919374824,0.0768526493909884
0.0570844839093856,0.030958976186753,0.0609961738923494,0.0415226795518298,-0.0675375065080983,0.0829014556882743
0.0641098240117393,0.0320858931794503,0.0530932491074884,0.0408064647952681,-0.0751069526925529,0.0877415244473128
0.0665530993760345,0.0318986134267847,0.0431548865892397,0.037873995962265,-0.0797195404522691,0.0874429009458154
0.0673305893083242,0.0343715378610195,0.0396412512650396,0.0324127105763691,-0.0820043353656632,0.0836909526095232
