0.353326075919686,0.0567395347947077,-0.0725685315565379,-0.0129809699966854,-0.0250960591205973,0.0154787387718705
0.346808930341304,-0.000792518291616577,-0.0475250260298999,-0.0196242889908989,-0.0300475287662554,0.0204837172865171
0.336626453126285,-0.0683344499238298,-0.00504501043605677,-0.00673028794764488,-0.0346866100346838,0.0329540149219963
0.282825543060666,-0.128158646206506,0.0605009540935739,0.0167689928828493,-0.0546255958484264,0.0419340563749302
0.205297371539714,-0.136412592176867,0.124573734686258,0.0446743173856909,-0.0834317671245668,0.0558045068317438
0.146207792465383,-0.0997785403446883,0.162674383973714,0.0910424246905347,-0.104863295568554,0.0737327095645291
0.105927639166292,-0.0459746205778509,0.180837549127258,0.146039347699919,-0.11696282164054,0.0939744980288427
0.0859006672509894,0.020861601458288,0.176608150175633,0.182553427447621,-0.120403709184862,0.113135511204609
0.0678611036721431,0.0783468836247058,0.156935923226008,0.182418939419152,-0.118471915450788,0.12035787610517
0.246745728133755,0.103874117560777,-0.0892388269263365,-0.0935156348329783,-0.0583763308180695,-0.0322660020765536
0.222524088173428,0.0440597917119463,-0.0690666257243535,-0.111380241621121,-0.0679269999647149,-0.0272539873336041
0.1694300232398,-0.0371316598432276,-0.0130850368555252,-0.112239469934802,-0.0829757823753363,-0.018084476289245
0.107659204403504,-0.116647781816136,0.0571885337404292,-0.0910462724117027,-0.101756293425666,-0.00503511624793982
0.025891421721041,-0.131135965000885,0.113193813708985,-0.0566966493982614,-0.127725453105463,0.0138609428536353
-0.0259296945984093,-0.0938514542160598,0.140674605179723,0.00652072555103201,-0.14325533434549,0.043509464118526
-0.0549837433934543,-0.026504905086276,0.150938219548094,0.0725294878819111,-0.149841817613733,0.0774285931987511
-0.060461864840256,0.0569835898355258,0.138495875333736,0.122602619358946,-0.147909441815202,0.104991097777543
-0.0488002189809305,0.118525150682911,0.111711402614038,0.140570591304513,-0.134385579189242,0.122223302372981
0.116753437369538,0.141975921971929,-0.0920339218504831,-0.140586723014189,-0.0924356276247313,-0.0856149781243766
0.0765588070230675,0.073845951510379,-0.0741104946776064,-0.171313692746673,-0.106664341020436,-0.0849667195399757
0.0167845843779218,-0.0190473724349184,-0.0316699462987161,-0.181972025195888,-0.122070086428293,-0.0746408149073266
-0.0495551417850188,-0.103888378035975,0.024393896874094,-0.158331112104712,-0.133957805129112,-0.0510910998938326
-0.112435190251992,-0.133206632084569,0.0644795441630102,-0.112749540593436,-0.146120138533482,-0.0176463137586274
-0.147216067432409,-0.0999765966203406,0.0750823843448692,-0.0469631744300599,-0.150965204944639,0.027151661207106
-0.154946286909333,-0.0147727705599267,0.0642945678990357,0.0343147096363906,-0.148512741735456,0.073305909335058
-0.1359981355403,0.0764797728553658,0.0450175086972248,0.0970800466765429,-0.136091751643795,0.112408510752977
-0.11087237548886,0.145991611388375,0.0284783198273782,0.122557060245775,-0.119775640791252,0.135126159862278
0.00329983338261617,0.191293531110057,-0.10287558841835,-0.126400856887638,-0.113796684992528,-0.14163449275331
-0.0333060612022752,0.107107523265183,-0.094456350929955,-0.153241096824363,-0.120506346279842,-0.137336256007975
-0.0756452186236959,-0.0135174853640224,-0.0668215443518701,-0.159470271825763,-0.120455555402607,-0.115571316374724
-0.11868855950557,-0.115812163125302,-0.0355484052672473,-0.136580792509503,-0.114646751026643,-0.0766035434744385
-0.151693642539254,-0.156570864606356,-0.0206281578468183,-0.0963275744815519,-0.11093408738252,-0.026207227221996
-0.164030634021188,-0.1191633252394,-0.0281642742361844,-0.0314361342279407,-0.103433977118962,0.0327391293581753
-0.154665812582298,-0.0282331564562448,-0.0518719057600799,0.0427682784842767,-0.0923139719047629,0.0919351182828966
-0.123354104800865,0.0729445766772613,-0.0813287100716686,0.101772255678851,-0.0726190688405612,0.141321658182006
-0.0955916304643756,0.148887341121648,-0.0745288184115987,0.117447027944045,-0.061551455415488,0.159596573594545
-0.0292031188639298,0.202342439736207,-0.1129939962784,-0.0356963214937332,-0.0839641082588366,-0.17019508598401
-0.059690448186817,0.10083788882458,-0.115428691900651,-0.050215396930359,-0.0814305517436785,-0.161996403802272
-0.0804950973402623,-0.0317514409034623,-0.111204774235114,-0.0514493412217457,-0.0648162979864929,-0.134493258284091
-0.0981398653014541,-0.141712818098515,-0.0986156511993231,-0.0429843162556961,-0.0467947650611167,-0.0877165364198512
-0.103572551564825,-0.183525057877162,-0.109765023808632,-0.0153977889819897,-0.0246165855228113,-0.0224631722960545
-0.0957396116386529,-0.146528934964111,-0.13166042317603,0.0269381964655642,-0.00544319899139531,0.0504660096772889
-0.0717886209243893,-0.0495606225959211,-0.156580923801422,0.0671090047025931,0.0103093652202631,0.117144164369637
-0.0508044714582413,0.0592582629127417,-0.169540975045414,0.0973956764429125,0.0206930504956538,0.166572662499047
-0.0381683303628731,0.14429832183294,-0.152586613115337,0.100534655801866,0.0188306645055939,0.181818960383838
-0.0146353374753035,0.186589267558173,-0.0940163317720003,0.0828585105625971,-0.0235585538634045,-0.18211996975631
-0.0327530284323459,0.0807809226832507,-0.101668174617403,0.079390884892934,-0.0127593765832892,-0.175249682777115
-0.0368146746200914,-0.0564950055308243,-0.105095367587486,0.0713436410774625,0.0177935336605604,-0.141323063700579
-0.0383765431564292,-0.15961378390462,-0.112807700707916,0.0606240119420783,0.0451399679947294,-0.0884612173795449
-0.0215341493980427,-0.20678374213464,-0.141355159852241,0.0625294243791813,0.0810007137907751,-0.0137708910008039
-0.00737450380011388,-0.162944961717654,-0.161874747902462,0.0642389342510473,0.100140280366494,0.0599956839215147
0.0107193272726443,-0.0668919862821684,-0.181230667159889,0.0617256265189149,0.112627526683774,0.129678606444284
0.0160543572592806,0.0494092225721973,-0.18090094412877,0.0518554264388579,0.109162374348267,0.178398831253778
0.00686349633042307,0.140442940847784,-0.148972305121718,0.0355447035712098,0.0907226060716993,0.18857604969768
0.00892468075522489,0.173606072526603,-0.0359903652753652,0.161557159196178,0.0386420481935734,-0.185505829143426
0.00470378618856013,0.070235899686787,-0.0381855997659113,0.171341628376069,0.061240698661279,-0.177522816332411
0.00862349356560104,-0.0566531980692217,-0.0413273315016737,0.15438184209161,0.0983609333914909,-0.142073439567217
0.011305568233989,-0.15570686403707,-0.0493277301845957,0.111617620569696,0.127562772155863,-0.0873855340422204
0.0214558829649531,-0.188927447095069,-0.0696673289460056,0.0613240693494327,0.1527399369658,-0.0151235581723063
0.029314567963691,-0.144806780736714,-0.0823772756476914,0.0220399591950045,0.168294473403728,0.0552335775643011
0.0361418575727108,-0.0479934298161422,-0.096526302818446,-0.0185770129242071,0.170555880632465,0.122121969308501
0.0276913748734951,0.0646080046686421,-0.0942212505455556,-0.0489123222708392,0.155685173506816,0.162677406615752
0.00976698341771488,0.150467818825298,-0.0690898734923879,-0.0673735746474013,0.128180188101987,0.171236498005276
0.00520116917196803,0.149028520134288,0.0669205674623502,0.162707074547368,0.0772633360935006,-0.180700538928251
-0.00221584839751628,0.0720387934725181,0.074710119155255,0.163191017275317,0.0988330288058821,-0.172818027000582
0.000744982925231739,-0.0277170586502192,0.0817303385710382,0.132043099654822,0.130576240851143,-0.142328089956772
0.00287760425541537,-0.112522053539489,0.0806415732025618,0.0752301839338409,0.157298613672275,-0.09419995497184
-0.00512026201356692,-0.125857370638273,0.0722002791542226,-0.0090364393177187,0.1671810822242,-0.0298075057010548
-0.00807458928378616,-0.0836035109906462,0.0586932769641379,-0.0775225962664359,0.17347235894165,0.0320480087843031
-0.0100349880140857,-0.00295516961196544,0.0487777435822584,-0.134496320679145,0.168906615142077,0.0881981095001419
-0.0213178210419841,0.0929283046213633,0.0469585267142387,-0.170731371200849,0.150225594852275,0.123538841124443
-0.0339487229503303,0.166552165201249,0.0562206195274464,-0.181123436319284,0.128637621555857,0.136283962637036
-0.0278621122546577,0.143631380538085,0.16297388677604,0.106245509035466,0.0850371093396939,-0.166340094167684
-0.0352612431908718,0.0928204382565148,0.18078421902951,0.0907165948683791,0.101863109412221,-0.160660104487052
-0.0378484381302304,0.0242909583639828,0.191946378144236,0.0557348652695902,0.124381572098882,-0.135281143169623
-0.0428452894378575,-0.0303688045919176,0.189275342211636,-0.00674336289383814,0.143189055862554,-0.0934587324669875
-0.0474176328562991,-0.0451334190432288,0.183339433457913,-0.0793218374921446,0.152248349191815,-0.0454017217325727
-0.0533391963052215,-0.0172719509061949,0.174363433012477,-0.154185332431571,0.153368219022009,0.00741027265898697
-0.060582776124652,0.0444172488456507,0.168620055422182,-0.211930763574657,0.146370318091396,0.0498423100091593
-0.0676111798352945,0.118825384210481,0.157099523819453,-0.241216923622481,0.130146459428852,0.080357850997167
-0.066073001797428,0.168910133857827,0.142244021817108,-0.235378304198134,0.116296136881233,0.0952951898057306
