-0.043315380758005,0.0159636223396668,-0.0334736296668088,0.0496848505837606,-0.0131737596620032,-0.0211049502214449,-0.635034837492945,-0.00528490704305195,0.0265833012895362,0.0517644003416103,0.0638051330661389,-0.00845133848991745
0.0242800867722549,0.00221693798051177,0.0547652683354459,0.0234236175580039,-0.0242306629140517,0.0613168019483323,-0.487877818080608,-0.0465219950010464,0.0711924113476107,-0.15062756528432,0.0143057769573384,0.0392251686240637
0.0610421298236039,-0.0296482099044447,0.135414867421297,-0.00420303361481619,0.0213726803267243,0.124079165226093,-0.222421423727291,-0.0586264770597485,0.0554717178523044,-0.402569433315024,-0.0247607059958589,0.0793257404336644
-0.0103291403870877,-0.0597353086533537,0.160316910825424,-0.0157585382430994,0.0764770070397675,0.00464410596817173,-0.00206373147396111,0.0255337835743187,-0.0298793938697779,-0.515400359066537,-0.00638751523108176,0.0697920804351539
-0.0653157437689063,-0.0664028708976785,0.119912716524149,0.0147447263169246,0.0994235509749874,-0.253601217944709,0.0939044693004062,0.0937373279141331,-0.0652151739339992,-0.395091221704513,0.0472134054714323,0.0273154137122044
-0.0308265605582242,-0.0348658379567439,0.088057736346931,0.0275651316909602,0.0262221353889781,-0.498305568655664,0.0502331171186998,0.0495285143382187,-0.00958056832242454,-0.135279666536993,0.0549084194452219,0.00491253410510502
0.0457645661419576,-0.00348095295143082,0.0954641144794509,0.0216492364233583,-0.0501764252668692,-0.629294612300456,-0.0186530048846768,-0.0355180795267764,0.0627541888868489,0.0551877084120415,0.00154390795107953,0.00325410919728635
-0.0153277600063446,-0.0828749580313108,0.112170303690085,0.0366663415908357,0.157093818044937,0.00803344494516827,-0.323465056339109,0.068929892884448,-0.0641404444147429,0.282255827308498,0.0358387511129331,0.0217249466867823
0.0920903652082371,-0.0891049973927558,0.221525786476023,0.0460497886988031,0.138116659067616,0.108723267541074,-0.141885478838613,0.0218107998011682,0.0880772776950873,0.173228606584091,0.0203724430809951,0.0644011303844018
0.135473651471736,-0.0767123369906208,0.235263694074996,0.0852646020919239,0.150717142303406,0.197717886787805,0.0543290639137588,-0.0113607003757385,0.193643150500186,-0.00219057180451636,0.0587031505220426,0.0790949685698664
0.0337654477641031,-0.0606878295383092,0.103125606592332,0.130316525991268,0.205976267768643,0.179020320820978,0.167162866653381,-0.00812306526015423,0.177930271888629,-0.0983755759666926,0.17052427834624,0.0595641109496362
-0.0652987219819466,-0.051731959895083,-0.084131649929775,0.14550657229361,0.263746007836481,0.0352755189969035,0.157882308032984,-0.0301787952443393,0.0974295870488882,-0.0572993657184878,0.240941253029364,0.0393195700161291
-0.0103100536031534,-0.032819162232152,-0.156809207465215,0.107018096203506,0.204416406682354,-0.148624154811371,0.0853473482839177,-0.16350358489264,0.0862773908034732,0.089296390820547,0.170234816188994,0.0582878143470846
0.100045124502734,-0.00796757154913967,-0.126274977659608,0.0602528095183493,0.0986418029794248,-0.272002265294128,0.0102655443206921,-0.301108331880802,0.126447812562111,0.20841582770306,0.0345686624024786,0.0797043466831596
-0.0869724280625419,-0.113269758546005,0.212127726771436,-0.0528458910184613,0.139077119214994,-0.01704630923338,-0.0305814947407871,0.069242504358708,-0.356355822378807,0.265414759336871,-0.00322252823567524,0.0698548092074289
0.00918847975668353,-0.091051095605725,0.323065511329378,-0.0287325892902028,0.0267077405623906,0.0452691815184024,0.0912186709636053,0.0252696007397848,-0.120886623566442,0.226439052754649,-0.00086167046347008,0.0969739117518634
0.00933158575071517,-0.0228157256876137,0.297405698384335,0.0533677433737823,-0.108205073456342,0.112100031744424,0.158739845963877,-0.0257061154253886,0.130011037447953,0.13068363997109,0.0871544179464358,0.0560682439383721
-0.162255804933647,0.00720710916696878,0.110022256824002,0.0906476572290623,-0.105676629514708,0.13250095941982,0.12874586013511,-0.0282341336204653,0.160774605152833,0.0410790255867039,0.195395960886528,0.00673177704891088
-0.302690619150324,-0.013779341129066,-0.122841686793894,0.0730387748787039,0.0082445382512283,0.118115973237721,0.0750965314594374,-0.0967282481954974,0.0574084795042536,-0.00285001039057838,0.208218251820503,-0.00376652863119423
-0.217351581577105,-0.0419593335472353,-0.206880132673993,0.00767801334374608,0.069924880773237,0.0593188135221789,0.0230252538979067,-0.273701749656641,0.00746263638233792,0.0281565474798372,0.0404292653625872,0.0451309990262246
-0.0246669479848406,-0.0319146764805081,-0.167024796672462,-0.0332088338939177,0.0380955015906468,-0.00684639446726862,-0.0114671249813579,-0.448070738807186,0.0323182340631315,0.078181429959011,-0.161213883901661,0.0972479948874474
-0.0423376152816786,-0.0312470923389903,0.0493553016637328,0.00720027233309684,0.0149259018363022,0.0194385062165414,0.0527615646567101,-0.0185728710174099,-0.538862647772831,0.0180267767243491,0.0109915271390795,0.0566769544592562
0.0549450901633641,-0.00763344098031157,0.142301855658445,0.00562990455450853,-0.210053498006693,0.0133066016129297,0.0996938105335656,-0.054672245493237,-0.290562242198929,0.0220272123312129,0.0103596269294623,0.099414427231579
0.022339701854602,0.0157570526363396,0.137119430195652,0.0389944684099031,-0.405821724926264,0.00137253788665265,0.0746357202539766,-0.0321765926482748,0.00650485880524772,0.0411996965409802,0.0605723385607754,0.0683889512837071
-0.209346550338117,-0.00223951511647996,0.0213894889896913,0.0404588604018964,-0.404166071551314,-0.00131508328220937,0.012798942138716,0.0544409430505394,0.0820167977444449,0.0169924753519258,0.105232057320618,0.00213726149501722
-0.381109292726334,-0.0621792556141385,-0.114149080742321,0.018016685281508,-0.21116485289672,0.0342100883967266,-0.0190290694602159,0.0749660202770413,0.0166951420300202,-0.0202536039799184,0.0257144991669051,-0.0259830249939559
-0.292636973916789,-0.10871529257823,-0.126900574112084,-0.0237280084523162,-0.0433291907044119,0.0744771667203274,-0.00144126830087899,-0.0822073250937218,-0.0352892384989211,-0.0596441016004363,-0.227119772283352,0.00490413336579408
-0.0699907209378217,-0.0770239444463882,-0.0402063078976173,-0.0319836832605456,0.00692191268967478,0.0681387970049941,0.0288883782411557,-0.271756797461679,-0.00503235862813198,-0.045028802784295,-0.444067846190258,0.0487810800456275
0.124470997446511,0.027173708469451,-0.184909159971043,0.192375469662641,0.0236774799760677,0.084312498852835,0.0205401404573486,-0.0370889812944687,-0.418255398786612,-0.107985908236062,0.0693977621633992,-0.0930712314397891
0.275845151442846,0.00870550696681495,-0.147394623068837,0.139311938687919,-0.169723377780997,0.0679643294264941,0.0319455918279667,-0.0756751185449713,-0.184789551211508,-0.073318616601655,0.0559893857722554,0.0198029722110703
0.303261891121063,-0.0537005996889701,-0.121167232828456,0.05168936152027,-0.302617783287457,0.0200548530670498,0.0103934951304947,-0.00293122914892749,0.0572303749341495,-0.00156446495308061,0.0265732266530792,0.0974311285110346
0.0507174841212015,-0.111922282665358,-0.157101327752065,0.0238755292663222,-0.252778682982347,-0.0284791109492705,-0.0257928292417139,0.203957894226306,0.109109415599749,0.050437307104177,0.0121800331442039,0.0791314733714381
-0.139138630696356,-0.132407587944333,-0.181248538846084,0.0581929639164844,-0.0466563449411678,-0.0207376534956198,-0.0108553298197992,0.348324210829115,0.0654122820446377,0.0494512615107081,-0.0817143458706504,0.0346467889983041
-0.121950367924221,-0.0745010517133288,-0.0688445972849585,0.0849761829454996,0.0578820488429078,0.0099384533143163,0.050448268417707,0.237077930484328,0.0339788276108573,0.00967990649246867,-0.305052854391445,0.00577998753266376
0.0362940589883323,0.0212194094045638,0.0785996516135826,0.0956535234443628,0.0570356949700086,0.0307268072334177,0.101783866371389,0.0136889133796658,0.0725996633687469,-0.00280188904438037,-0.495924487408299,0.00948050082389943
0.130184883625493,-0.00785560367392418,-0.144019331311167,0.231905498136915,0.0939250879536482,0.0589194425490491,0.00295095758631805,0.0397601419364418,-0.112492797272182,-0.0114861318497708,0.0476303043777484,-0.414662382937273
0.283555895659813,-0.0609754925280587,-0.124820050900197,0.0829141519331564,-0.0171368652093142,0.0610583295348028,0.0230364227412047,-0.0148114409336195,0.0333700201845669,-0.00396597130596891,0.0153701048975174,-0.249600637581095
0.325933347029673,-0.122649804757093,-0.12103143236239,-0.169606981588368,-0.064568920067485,0.0436781661923168,0.0392561353846781,-0.00148774351530205,0.0976176607830433,0.0103318123004323,-0.00223258274230196,0.0117058136496742
0.186935975065297,-0.116706060227126,-0.183740443557369,-0.211967292676598,0.0118395745221562,0.0102035460803435,0.029176645625607,0.173597073695262,0.0685009773959064,0.0405948870735093,0.0189103283588915,0.127902872469579
0.0226577914674553,-0.0106847537884657,-0.205848978456169,-0.0781189240396539,0.152420547555396,0.00111336217778985,0.0289680901142012,0.335106571438779,0.0297306869197542,0.0718495702966584,0.00660453776057165,0.108462395142494
0.0121601298991052,0.178788229804945,-0.0865117247737404,0.0747637518362886,0.145927269843862,-0.000515853207352705,0.0533685944525889,0.271931772475934,0.0377073167875964,0.0612865231757226,-0.121869445570448,0.0527982629833741
0.0833095934321535,0.322954172222057,0.0960436741173752,0.133458533741311,0.038009055053339,0.000558418088771038,0.0748671588657491,0.0696571176358636,0.0947572867929822,0.0365705292571215,-0.284881980329275,-0.00106704099460055
-0.0977127764894537,0.00445778265268313,0.0857713314228699,-0.00703988234955358,0.028444320279907,-0.0225368498169493,0.0017646925550324,0.0388446710164145,0.0293907119140719,0.0512108059778287,0.0134479811069312,-0.622004524467343
-0.0131580612438726,-0.0436192198367015,0.124153246629714,-0.246643349277794,-0.0445012469116948,-0.0088786652672127,0.0298264402662086,-0.0482268418795653,0.0829963890327055,0.0219403937733825,-0.024684131186526,-0.446637650114087
0.0521262629460945,-0.065999887136583,0.0628448789029291,-0.488469307246899,-0.0127059055595807,0.0263286094425877,0.0496014175717031,-0.0775422188120126,0.0462097423047521,-0.0155110477493672,-0.0167033418934961,-0.13897703060863
0.01411955046291,0.02856933767014,-0.0542247642166114,-0.502992850007649,0.0586899513854723,0.0434414459789685,0.0346374855063611,-0.0116730480349107,-0.0360120519352032,-0.0326684293293859,0.0581945522775334,0.044306189077433
-0.0516167124188035,0.246969216822206,-0.122840721040914,-0.31456047201974,0.114985261750425,0.0437103500212721,0.0116039293986852,0.0754981649023025,-0.079821946090896,-0.0139770889903225,0.13270143636502,0.0942939806603739
-0.0463065981583435,0.493297324846444,-0.0597123941049229,-0.0896321371444707,0.0425076540812534,0.0281338697141478,-0.010268324136841,0.0419126913145931,-0.0416125213272465,-0.0023741810145845,0.102374869150016,0.0525919645514263
0.0101258009859779,0.627603401040866,0.0758903068194269,0.047200190265406,-0.0847580039068137,0.00208703775763013,-0.0180618366223458,-0.0713271644057895,0.0511785235302379,0.0185616330584037,-0.0157053730405194,-0.0123454176106466
