0.00233180120021459,-0.00434763150906562,-0.025145842372236,-0.0360902762402265,-0.0071439890666651,-0.00213932502490159,0.0693073601295543,0.00330440558553093,-0.0874247970774407,-0.00726644969039973,-0.247194725295881,0.0257604602640722
0.00167465367065999,0.00411152539021986,-0.0256821589461338,-0.0242922755376202,-0.00456731227866442,0.00843307580097973,0.0654378022356218,0.00743190326447488,-0.0978018348553469,-0.0162442487135881,-0.241351670301328,0.0305410276529253
-0.000953407685142858,0.0134565350606091,-0.0137906442483179,-0.00941607210639605,0.00300607098689906,0.0142838460304788,0.0611756022813791,0.00865349063147158,-0.112806436763602,-0.0179906233856862,-0.234157692196999,0.036734242554192
-0.00107983101541745,0.0194596580937804,-0.0130385046637846,-0.00130349904288685,0.0106732552767139,0.0182001085829275,0.0431583501358924,0.00551986876643431,-0.135994798293655,-0.0225315822346896,-0.209824549133541,0.0396296228087253
-0.00868856294205169,0.0153036927134497,-0.00718372833392716,0.011444783616804,0.0130424559611577,0.010616839541546,0.0144754595350486,-0.00582054269220935,-0.165667818044874,-0.0222834666061646,-0.152805294485132,0.0378223203445595
-0.0129000794740126,0.00862685873395964,-0.00577420838206212,0.0208633347305197,0.0129846668620377,0.00304035112423589,-0.00721816906032874,-0.0138886137229988,-0.189845082582314,-0.0215953080482723,-0.105234460858709,0.036687438958584
-0.0182487736062493,0.00684032140871416,-0.0130800836271782,0.0138359650136561,0.00552415630601462,0.000158099375972631,-0.0110860514273414,-0.0173584069264341,-0.21711361120334,-0.0298495134166577,-0.0715157692547259,0.0305054834737074
-0.0159163363306182,-0.004809791108621,-0.0108375938969863,0.0156890350263062,-0.00411061143702164,-0.01219065222344,-0.0158530665529914,-0.0270300148446497,-0.239349031447907,-0.0262597363044161,-0.0326183840121949,0.0254919123343938
-0.0067967410763608,-0.0157736409833666,-0.0102759760091723,0.00687170024352992,-0.0048627637915667,-0.0179998164243763,-0.00967358101210201,-0.0343720562913159,-0.233302327869109,-0.0106441257521732,-0.0168267619272481,0.00311775867151697
0.00354545347299736,-0.0388567054484922,-0.0125065808367475,-0.00103444468335306,-0.0092243403374654,-0.0235588888165222,-0.0049294793520834,-0.0372629061803913,-0.224886620363394,-0.00243916257681775,0.00399791786110526,-0.0136483952889881
0.00902867000683562,-0.0661571522212801,-0.0121915480122197,-0.0108654220889487,-0.0142377177241971,-0.0306208168264155,0.015800329592237,-0.0355729213641492,-0.213556073186597,0.00387608759133094,0.00730388737079021,-0.0116989781468011
0.0176115734513296,-0.10191277440126,-0.0104536401685942,-0.0121359932955192,-0.0160416064933923,-0.0402321213973211,0.0288551358871475,-0.0346540747578106,-0.196442457395698,0.0116303627127339,0.0171406403093659,-0.00717648872095599
0.0246505709450592,-0.146241371123237,-0.0061285096365752,-0.013536653585413,-0.00298291473505273,-0.0323899842664846,0.0411264560961414,-0.0275206297560325,-0.167567913299098,0.0191178687974084,0.0144729582233921,0.000588946235467356
0.0241291093556271,-0.182765880138137,-0.00169783779863168,-0.00579527987131128,0.00525835077758281,-0.0283390915200898,0.0512222628648211,-0.0212377544001742,-0.137921777275601,0.0238543664632123,0.00711448602851394,0.0154239109976563
0.0242950415352581,-0.216684017516723,0.00775577453559714,0.00723462261325264,0.0136389977963733,-0.0180666219834194,0.0599337394194038,-0.0194178171774294,-0.114056139779648,0.0244237111230113,0.00286359570657894,0.0391240849664735
0.0158795749055836,-0.230525189515144,0.0062027150466239,0.01063300994508,0.0170652424169487,-0.00723853448869837,0.0668990017645886,-0.0150252563437639,-0.0959425588786225,0.0167306425894176,-0.00756948229487539,0.0552415745047019
0.00576504136002728,-0.236348903643363,0.0106894374219657,0.0159820205312997,0.0204264781544266,-0.00582618896923861,0.0660379657999444,-0.0156168929850344,-0.0884809291777125,0.0128182310848092,-0.0145333853975475,0.0711099860127646
0.0202088306001803,0.00416993416947738,-0.0224207734875468,-0.0138593948597387,0.0118468302320456,-0.00139292170725313,0.0261266243749574,0.00425275339427344,0.0127305007106213,-0.00873136642041178,-0.241729780292373,-0.00601681331379781
0.0207502969219585,0.013321743513549,-0.0191824172124106,0.00115327554468074,0.0105007068000971,0.00142832529934442,0.0267315819832878,0.00659901491552449,0.00243687069287081,-0.0113639623107921,-0.238901025820192,-0.00123914723643914
0.0172936849416693,0.0264413442264298,-0.0155960679507764,0.0173948619197619,0.0204603846875016,0.0150689042026834,0.00469425955035747,0.00909362115033849,-0.0143987802627896,-0.0211743113457588,-0.223351096638911,-0.00215812451426615
0.0108136706863814,0.0335831799358109,-0.0144293334394312,0.0276281333557564,0.0253315536542838,0.0201949504645846,-0.00979349326192058,0.00884163306653948,-0.0436217312688612,-0.0306639489499407,-0.192901451353107,-0.00103512795522934
0.00419028163661066,0.0333603716288417,-0.0104852114988032,0.0400144498168881,0.026481177062691,0.0109486276916967,-0.0400185306745233,-0.0055176710359542,-0.0814162947734658,-0.0310458939516492,-0.127528136191312,-0.00253770635930552
0.000411367587392786,0.0317044526352835,-0.0119831036105579,0.0457998237310858,0.0278861825484238,0.0109557185666829,-0.0550104690357882,-0.00814129345660504,-0.104179818147526,-0.0418414322421398,-0.0844511588329835,-0.00495527149993309
-0.00410008412998702,0.0276401355203594,-0.0100887715059996,0.0475004736727082,0.0244369341029284,0.00380401235862757,-0.0623019762491766,-0.0125607993296807,-0.133645779769316,-0.0415267664814668,-0.0441073362892198,-0.0088710212887936
0.000686364164874895,0.0251659529215001,-0.013977758082075,0.0326156495081024,0.0168815541599499,-0.00945630829246071,-0.0611887726545381,-0.0181284269537742,-0.155207065959824,-0.0320098380992331,-0.00912684348665704,-0.0332777512678816
0.00898319513922162,0.0128452892315979,-0.0172329266646806,0.0206348723552563,0.00899068042530936,-0.017067134175396,-0.0484204801540818,-0.0251749021888659,-0.152762315023465,-0.0219410478683847,0.0122854967395699,-0.056177550895119
0.0224499597521212,-0.0104622872118858,-0.019724301728492,0.0101676983153475,-0.000303348992332907,-0.0232227984379689,-0.0370331936025267,-0.0298009639910381,-0.152238125687929,-0.0146172142532608,0.0381209744561994,-0.0719196858915034
0.0258621803071041,-0.0365297805084726,-0.0228336698791954,-0.00577332657494522,-0.00351018649872503,-0.0266906664200747,-0.0236247305044744,-0.0322948451229333,-0.142709143030528,-0.00679619989663692,0.0423793151690731,-0.0793065554439173
0.0428149550696825,-0.0814684468167328,-0.0207466355681662,-0.00875822333438143,-0.00132872486415312,-0.0303859271377023,-0.000472458618313254,-0.0296882843642102,-0.107939965875838,0.00297897625913529,0.0452264598827456,-0.0784203613128217
0.0460537967307804,-0.127081396363754,-0.0158478966060408,-0.00532823120615072,0.00819296524520625,-0.0236708414321875,0.0128161755049976,-0.02506226189509,-0.0714549175336319,0.00926761637188883,0.0379848203196543,-0.0724719701234823
0.0422067002990381,-0.175181840911,-0.0126083298335844,0.000624851581803469,0.0176931123058054,-0.0142381600077883,0.0301119195799286,-0.0145099831619804,-0.0422677576713212,0.0111688018978814,0.02990733661889,-0.0463870844574027
0.03531116382076,-0.208386588496633,-0.000399237247018235,0.0125452404365262,0.0258363592305523,-0.0079449146510328,0.036859549731382,-0.0136955581273565,-0.0219832103633303,0.00980461713589223,0.0244793976855679,-0.0211211426983736
0.0215872032305479,-0.229682547880734,0.00360411769488752,0.0286123191549756,0.0314209464715752,0.000638167436857507,0.041068151102903,-0.00864023472152525,-0.00382035063646203,0.00282542854611079,0.0143808920808074,0.0061633781048678
0.0147358515182443,-0.232636969650896,0.0104966522085961,0.037368996439036,0.0384050914918284,0.00552841128266461,0.0412384900844987,-0.00565223592346885,0.00556177043796279,-0.00071697072823821,0.00340462598965329,0.0220871538650953
0.0263098898552103,-0.00505841759423458,-0.0133685728326938,0.00144775345551069,0.0230551813537164,-0.0288269579532258,-0.0146000009445056,-0.00743109741317946,0.0844704734989353,0.000440875547047283,-0.211636929779665,-0.0185298642509276
0.0255555688625447,0.0039718987121963,-0.0121339836731734,0.0208506399420881,0.0207993085887827,-0.0231713653811203,-0.0139068424467208,-0.00764186315494135,0.0697508007279337,-0.00632833664431745,-0.202744202546614,-0.0103595409274222
0.0204101761920358,0.0175629235022559,-0.0129494608971722,0.0395849312445749,0.0240623922401641,-0.00756658754549426,-0.0353720766668498,-0.00742244294939959,0.0504629461982517,-0.0200900995906877,-0.184085445917431,-0.0128306818439891
0.0160950889844328,0.0305472072446446,-0.0100506271162467,0.0595996807940634,0.0331014976488469,0.00409668461706042,-0.0522232695147936,-0.00678047062969584,0.021601887823062,-0.0336376508368852,-0.14983593833553,-0.00814431455826333
0.00872811817290917,0.0350450562411115,-0.00882758445682927,0.070363811843338,0.0381898023786133,0.00426086400515858,-0.0786444544126435,-0.0104949347770903,-0.0149764586614059,-0.0447814411126902,-0.0964029464344063,-0.00640533715021
0.0068563325894273,0.0422956212646456,-0.0115220389227612,0.0758026965560784,0.0411963050602156,0.00680806647078607,-0.090591102798279,-0.00889522163901497,-0.0465610647587752,-0.056727987535265,-0.0504007597606425,-0.0136967208001585
0.0134570481344974,0.0430797683989416,-0.00752752134569983,0.0698021621178057,0.0425823089143643,-0.00209840542998483,-0.0902768908333103,-0.0099427235813881,-0.0686160700027957,-0.0459822199238109,-0.0137462183716384,-0.0334386905076803
0.0248496775887873,0.0412295884812851,-0.0113825882075871,0.0581268147995288,0.0402569509706559,-0.0120209415425273,-0.0888192284737383,-0.0120297513289633,-0.0820417490435831,-0.0370050810664088,0.0230787342103221,-0.0647468458626416
0.0371945315925906,0.0341604490352246,-0.0198915589326854,0.0373278717716502,0.0353116746272824,-0.0103373467526002,-0.0736677739207791,-0.0147251984923843,-0.0870785945417454,-0.0276548279116554,0.042276262405963,-0.0993024655997418
0.0467167061675603,0.0153117692203034,-0.0271583006739179,0.0154039983484495,0.0270345731936062,-0.0117743285420481,-0.0578632051572153,-0.0198806188663801,-0.0812630781029426,-0.0198665634258932,0.059885710736529,-0.128031663961142
0.0455155926479296,-0.00874869582463906,-0.0330288317103707,-8.51573045282301e-05,0.0173033943599484,-0.0108382476482297,-0.0369365844520641,-0.0233978282178166,-0.0671960059070176,-0.0145832137881124,0.059291183290358,-0.14099811142608
0.0512106087876571,-0.0475504827817252,-0.0328804299755986,-0.00978452161956884,0.013843820307802,-0.0105440129204585,-0.0142851803926424,-0.0234423405175862,-0.037113120670671,-0.0085073062206033,0.0532658720353495,-0.142718267770681
0.0454660413964403,-0.0936762077041935,-0.0279267212560567,-0.00794767185864328,0.0174621301944432,-0.00932646172195318,0.00930511208926559,-0.0160053124661507,-0.00164025015544452,-0.00673093523025444,0.039876705308481,-0.123479429274804
0.0406036949883981,-0.147105086760385,-0.0219985758467627,0.00320609085524327,0.0264687123202901,-0.00286883023035039,0.0246914772267717,-0.00891331811689136,0.0310187369045159,-0.00371083874562359,0.0324594819625055,-0.0934893970123288
0.0314529919106686,-0.184201029907884,-0.00874345939738887,0.0140231337215217,0.0359395275675989,0.00312517354297611,0.035464175923457,-0.00215289851064048,0.0485605683309899,-0.00825755707732494,0.0276596228479256,-0.0615753098917993
0.0102212509341126,-0.207995212273929,-0.00567903058033761,0.02611371851312,0.0368254159265849,0.0118588016182984,0.0383199756695316,0.000304293127154893,0.058394540850901,-0.0183570206349762,0.0181404420083349,-0.0295431617584222
0.000180715422783307,-0.210469586281102,0.000996832462812069,0.0337223962189177,0.0369473829893676,0.0112131693059883,0.0363142696573022,0.00362370033311486,0.0607876299015316,-0.0238312138644041,0.00895613206208199,-0.00696286096362042
0.0313297840669899,-0.00841605137476926,-0.00606378979571607,0.00649465146041711,0.0243008034283452,-0.0557631512293303,-0.0430804248352372,-0.0195402051549149,0.122252358955137,0.00746916926549963,-0.181167877425042,-0.0253907727621256
0.0318961344807198,-0.00286628006255598,-0.00227510391265606,0.0327248514948028,0.02266594421827,-0.0524781768327983,-0.0488088558519356,-0.0249721329732048,0.103366429869607,0.00562809229296592,-0.160389984915333,-0.0129961818175477
0.0288828722553947,0.00188634467988128,-0.00653213295010483,0.0584729802814049,0.0251850649414075,-0.0391568177917626,-0.0659855509117142,-0.026388407205622,0.0931954496921942,-0.0139770162610318,-0.134874588676892,-0.00158692781059481
0.025277689306293,0.0148799989789723,-0.00742181670943313,0.0848642643119786,0.0297799487498791,-0.0265516896193565,-0.0806152460808253,-0.02215788200966,0.0616173773025852,-0.0365167016889445,-0.0931975953479525,0.0061934041774969
0.0159058867145392,0.0277592036519423,-0.00807772765322049,0.0969003004568675,0.0368641033678489,-0.0204785856140117,-0.0951606451031898,-0.0190006046064902,0.0288010495974831,-0.0533503370578971,-0.0476767205317625,0.00854609024535909
0.0185156858437901,0.0393163760045421,-0.00866271374314845,0.103172286455099,0.0470311427141,-0.0112678995134102,-0.100471571095091,-0.0112549999047386,-0.00307493140481123,-0.0623261164700576,-0.0113336322116426,-0.0018227619823555
0.0248220449173858,0.0548608316344159,-0.0104463179690722,0.0950004738096135,0.0529840949134866,-0.00553685014558531,-0.100507588393728,-0.00892984323863789,-0.0263516294439516,-0.0604403621743343,0.0226371416475895,-0.0364326155136289
0.0425914734015585,0.0595590559711724,-0.0117828500106785,0.078441772146458,0.0525572026721548,-0.00819192653190084,-0.0908609248273862,-0.00959200844570284,-0.0378611050665879,-0.0456605449639758,0.0522207988193346,-0.0788297950660813
0.0570424082610887,0.0501984928242852,-0.0186830832790394,0.0539740484149506,0.0505294246461399,-0.00466255999737207,-0.0734917654766021,-0.0142773152402575,-0.0365679692947572,-0.0305635608129531,0.0648581393141048,-0.116411430938963
0.0623219615772935,0.0408480138818042,-0.0277163853392014,0.031027754861777,0.0388513195346274,-0.00622468009385476,-0.0541056093244558,-0.0178918695234877,-0.0314776932289969,-0.0228383044520855,0.0718808007523479,-0.150068090145795
0.0619670186041952,0.027284707559118,-0.0374495824893192,0.00606543703947022,0.0263146110583825,-0.00299722830432887,-0.0282284257048841,-0.0200598162849457,-0.0104558799775106,-0.018367490104453,0.0615358875273423,-0.181359817635292
0.0544405749417146,0.000190378603289442,-0.0399790814550142,-0.00978549551813626,0.0200091379477798,-0.000864012136279338,0.000382167829996467,-0.0199069730169503,0.016513083037272,-0.0163254811688322,0.0434906147685257,-0.185828518924599
0.0387498206270516,-0.0444423688701472,-0.0364730960236441,-0.00918510571671107,0.0192252939847616,0.0019500986167029,0.0309609344794474,-0.0141354190306462,0.0470329474604569,-0.0216367361124071,0.0258083416790566,-0.160452452508749
0.0207738873754627,-0.10000189739845,-0.0304693869360948,-0.00180535051135684,0.0220520751813215,0.00137420695274893,0.0408486073746628,-0.00796017915046369,0.0735460973824439,-0.0247276444778743,0.022009846137052,-0.127028761744037
-0.00123037465015939,-0.134631831907964,-0.018114432543159,0.0119829688051608,0.0230108390078185,0.00680870569738965,0.0523736711704847,-0.00548055816541192,0.0845807465216813,-0.0319417861722817,0.0136293132888149,-0.0874208944229579
-0.0203377331077635,-0.1619728233285,-0.00870316195189228,0.0295774954274783,0.0286364941653473,0.0147781402124104,0.0593805826611414,-0.000144810859859771,0.0893583729904975,-0.0445033315065537,0.0123595550651888,-0.0459943009138573
-0.0361740809508691,-0.16892645265372,-0.00172207789161375,0.0382304505479936,0.0281033157671257,0.0149477326326469,0.0500683808432159,-0.000486414915896023,0.085587646610568,-0.0475736300072407,0.00127410360912218,-0.0142966979265052
0.0264287383867161,-0.0124503486200386,-0.00530682838639663,-0.00519573443928079,0.0130566951783451,-0.0898826805172698,-0.0591445847243615,-0.0350696778695635,0.122862327474439,0.00448813255516086,-0.131625545814095,-0.0137365203835382
0.0270353341273542,-0.009763714187732,-0.00422453815012015,0.023485869918877,0.011937586394748,-0.0876120057487015,-0.0713414035148296,-0.0411118981222178,0.116095226671854,-0.0065103049779528,-0.108343653486324,0.000277618308372523
0.0312126560235964,-0.00992337808895245,-0.00574288665722562,0.0594941868772186,0.0171318136661717,-0.0771980062832042,-0.079163668835845,-0.0378928598029942,0.105360659833003,-0.0231741528451197,-0.0765487397220331,0.0210671360149549
0.0271044907525018,-0.00205986739508007,-0.00528561801454477,0.092140653141471,0.0253464980033068,-0.0625744673162088,-0.0885293387583872,-0.0331249778352347,0.0821372380880122,-0.0425488348401679,-0.0402267233558431,0.0378119239287581
0.0267280145257833,0.0161285890871721,-0.011179942409636,0.110960035333187,0.0384117401954163,-0.0365010107163659,-0.0879818946145521,-0.0218451437175031,0.0516996835452617,-0.0624092509731051,-0.00728838663045014,0.0410260513277242
0.0318902187525421,0.0344040159498355,-0.0118392574232999,0.111462424946817,0.0437377120905808,-0.033759307958102,-0.0813516733483283,-0.0162596119329175,0.0164029345065158,-0.0639462356420137,0.0291222227724816,0.0241420881076911
0.0366685023878478,0.0540979553008254,-0.0104409856658576,0.110456007886501,0.0516291531824004,-0.0253832535210224,-0.0841227642584415,-0.0133653047576481,6.15844184212819e-05,-0.0641057678146135,0.0606389975441759,-0.0140142635191884
0.0453463860230207,0.0699123046021812,-0.0120362139081332,0.0933467776335925,0.0525554534374697,-0.0162839336407871,-0.0657011759147996,-0.012487740835949,-0.0113685580141708,-0.0558074986638387,0.0755719314423492,-0.0614454111865456
0.0588089249331844,0.0749493363609865,-0.0224182341950709,0.057355104215368,0.0538734009383619,-0.00833390189677359,-0.0405653644938158,-0.0101124062227803,-0.00694861629899787,-0.0370970715085741,0.0635993094660759,-0.105954951691364
0.0650779007264822,0.076653786829163,-0.0277744291225653,0.0298653886915772,0.0452501434775971,-0.00214340575981427,-0.00547663649178882,-0.0101515099362341,-0.00341565772081513,-0.0306109055012456,0.0598115241594357,-0.143140730535217
0.0595930925522186,0.0625011951878097,-0.0332046898518473,0.00761294225688864,0.0309068542931901,0.00168077388580461,0.0224810535820298,-0.0151391638484016,0.0165774614535216,-0.0257021229571044,0.0451135103132137,-0.170477124018543
0.0382455260517012,0.0382420825662447,-0.0377096838211961,-0.0103349943920577,0.0139476589087033,-0.00395163386844789,0.0483101207787055,-0.0185670682580137,0.0317840519401919,-0.0272361432176324,0.0342366491928115,-0.174758550473611
0.0141999933205428,0.00258925786824481,-0.0389707498109936,-0.0139459646153111,0.00982742879317991,-0.00180553978279674,0.0717200467695967,-0.0151246924224126,0.0571390360755088,-0.0337672594490311,0.0143727605021771,-0.155390254258503
-0.0179259360480983,-0.0485875136703985,-0.0346802443501872,-0.00584470522644936,0.00879759620488742,0.00113448769151493,0.079295558291341,-0.0155876241889324,0.0820085288880381,-0.0458540437143258,0.00735783813671341,-0.122137288370536
-0.0494486021347116,-0.0821156783574366,-0.0271206349727353,0.00988008819238024,0.00867106037787264,0.00502763086034605,0.0759306653814815,-0.0149710944046567,0.0899065426553204,-0.0576292377225165,0.0101216283797082,-0.0834047487510985
-0.0719467429938747,-0.108870657292907,-0.0146022060571019,0.0258701796420312,0.0099821928721012,0.00976061108843939,0.0741570795338496,-0.0138438763327836,0.0922491596373577,-0.0636285686963544,0.00269947858343947,-0.0417785157028706
-0.0765570474542525,-0.124101892624733,-0.00593935254520928,0.0360371904071668,0.00908420580912079,0.00858304029514431,0.0618561492551104,-0.0128543487222289,0.0890970685385881,-0.0626558792367083,-0.00199452401061468,-0.0173091319878808
0.0231467989878102,-0.0180918680271797,-0.00326004235884502,-0.0241650233554567,1.06960563831357e-05,-0.125712859767559,-0.0641574369271426,-0.0487220329161808,0.111519212260976,0.000997768067233794,-0.0838918378926474,0.00761517800466899
0.0285611641044537,-0.0182356753738122,-0.00970127874990869,-0.00313920127404848,-0.00277770641207213,-0.123661593806928,-0.0698783703738409,-0.052405679215423,0.109255922185361,-0.0118449590335738,-0.0606839205592852,0.0245856462311764
0.0310341966283656,-0.0227607055748856,-0.00378261048035936,0.0380433496544799,0.0075927654953386,-0.119384594249532,-0.0749944526633003,-0.0465671609594025,0.104268755029393,-0.0257243618066593,-0.0232647677482742,0.0504089502226017
0.0291791731097454,-0.010995965873973,-0.0044983627397655,0.0736157518026808,0.0175997165805138,-0.103918199056476,-0.0717217058891521,-0.0363655504109281,0.0749346701098838,-0.0483071565043825,0.0165030985546982,0.0755131553264197
0.0278566822037807,0.0129509751739082,-0.0138281249437315,0.0947621745101197,0.0256824064486114,-0.0696266165543046,-0.0557558043793766,-0.0219944738518611,0.0360660614434325,-0.0728659153306959,0.0435908077116769,0.0832295038900342
0.0354394816263184,0.0279813169815308,-0.0100800740226907,0.104603939079646,0.0392094981925959,-0.0517605035325187,-0.0405694202560031,-0.0165346791838898,0.0148524883462914,-0.067329844488135,0.0608055253313648,0.0704949285394038
0.0451900713016176,0.0454304331756305,-0.00933824140081574,0.106971777606592,0.0517382178659478,-0.0287096207231683,-0.0295792183399991,-0.0111859191148663,0.00515769002769433,-0.0614582203338606,0.0732384613830335,0.038849197077919
0.0552265477091841,0.0728745258892289,-0.013166273094419,0.0892095213038768,0.0562064535969309,-0.0132761662508239,-0.00692862284865544,-0.00566140495596591,-0.000645414946273958,-0.0533632342662516,0.0707521484051949,-0.0111555355137728
0.0596282930238561,0.0882359462602253,-0.0158786879138276,0.0586531603171102,0.0542568298908136,-0.00390026896917382,0.0277162710802163,-0.00550299696042614,-0.00125081161303106,-0.0378641381057162,0.0537901984358881,-0.0554399883335236
0.0494019040778265,0.101484274482258,-0.0237075702174088,0.0245334745980819,0.0408984487158974,0.00124525740236132,0.0622204084482373,-0.00734946266787865,0.000149530266534994,-0.035706464075894,0.0405956835708062,-0.0950145980904586
0.0356442817617309,0.0962198967031559,-0.0294296336038539,0.000751978255238234,0.0273365598900163,0.00211804265643203,0.0812071425634368,-0.0136117358565684,0.0133018762560636,-0.0261490792529846,0.0241484308274295,-0.126605958073512
0.0125952011848251,0.0734526346922658,-0.0307419212414442,-0.00656145527142525,0.0119901264701322,-0.00412333160991191,0.0930995257549234,-0.0218418868043287,0.0300659580550807,-0.0220017963175803,0.0141341582289934,-0.133201804594942
-0.0177268165685525,0.0410326620329028,-0.0309296541051712,-0.0106941573323866,0.00399557039885161,-0.0056547321520586,0.108898976649014,-0.0236615081126028,0.0512078696632435,-0.0286119636614115,0.00393631658706478,-0.124401648655135
-0.0647848799006321,0.00604527791092411,-0.0284834625900382,-0.00177295600315784,-0.00328228522987035,-0.00337869998883476,0.103623663097874,-0.0270268301676811,0.0690573267293608,-0.0505531517410846,-0.00117310717247814,-0.100962526502081
-0.0993350595796535,-0.0267589184325847,-0.022139191446893,0.00802174541564108,-0.00394017127378503,-0.00300271503356729,0.0965593017349228,-0.0291071250912038,0.0722676148870783,-0.0621814873822314,0.00203986638745233,-0.0666250860366439
-0.124974407063788,-0.0576349854846226,-0.0126029101363008,0.0219502220608687,-0.0054713880723724,-0.000660414011779257,0.0853051834952408,-0.0279052944140847,0.0727818056512245,-0.0698216008670261,-0.000206812654620307,-0.0258718620333243
-0.126318614071508,-0.0770313188794464,-0.00852020299994765,0.0270210033538809,-0.0048987700012013,0.0011207421962494,0.0676807542774012,-0.0214202619367506,0.0736512962364863,-0.0686841228573537,-0.00460813804159077,-0.00867959437981434
0.017081772549968,-0.0169021315357364,-0.0134280162003495,-0.0675422125347247,-0.0115249295311896,-0.150048480320742,-0.0615459516400199,-0.0542198122666827,0.0830998638242106,0.00154959460084415,-0.0451923677101953,0.0246405897209924
0.0216790992103963,-0.0192111237779778,-0.0203586390596183,-0.0460053988362707,-0.0179845194480016,-0.152299654355525,-0.0670709879779374,-0.0598274433189868,0.0755266658969118,-0.00897060304263103,-0.0167731859627962,0.0442104802674891
0.0253147445629038,-0.0168336447537897,-0.0200368173225661,-0.00239649578562649,-0.00966563258702398,-0.143329692919654,-0.064180906627932,-0.0509502444880314,0.0633517936333818,-0.0329303658455884,0.0232353027476596,0.0797492618416126
0.0264707968508337,-0.00563054490696876,-0.016979817375899,0.0283726259297125,0.00168017327875926,-0.126605637714866,-0.0427068289384134,-0.0427564529784465,0.0372359518872714,-0.0506122667534656,0.0567441424924368,0.106333263981399
0.026700576579374,0.00549262699678464,-0.016444447358704,0.0623134458250076,0.0173363591421223,-0.0885174835351646,-0.0189048000195559,-0.0265173810229415,0.0130560200008876,-0.0711286000970874,0.0788027562238237,0.123546577987168
0.0379524547807279,0.0156983865167972,-0.0137577574607589,0.085219861783599,0.0341669511954602,-0.0615550750650953,0.00725892824079803,-0.0157600940828744,0.00183332602557078,-0.064022918562097,0.0850443800225345,0.124922521444878
0.0468782324422217,0.0389330458405104,-0.01111011295207,0.0874760310767529,0.0478355954343736,-0.0314456701486042,0.0319305699157652,-0.00873848813795149,0.00120585983980883,-0.0524662273393796,0.075716004922353,0.0862021873021415
0.0589879103105453,0.0661645560809478,-0.0109093698736662,0.0771294246823913,0.0558082351508681,-0.00857697559635965,0.0595383437017199,-0.00523540271187204,-0.00147693624431832,-0.0348849138170428,0.0611162902451971,0.0403224489881543
0.0613316531185908,0.0851882094495016,-0.00891020733984338,0.0570887405361547,0.0562644804522298,-0.000842209260573622,0.0842799830132885,-0.00717207819281569,0.00193146650064409,-0.0119494225316159,0.0425841199247233,-0.00292691267147563
0.047183861142343,0.105818255437273,-0.0107644672964892,0.0240103620992669,0.0409138341771801,-0.00436769995172638,0.109831933298038,-0.0123493010532944,0.00111747690688788,-0.00293810571864521,0.0239846384213031,-0.0466075864974767
0.0236596643143066,0.111345990283484,-0.0164359035402532,0.00212898336472161,0.0257835938660692,-0.0058890387319401,0.120051357340328,-0.0231752858627324,0.00843185460000732,0.00716587625519686,0.00604636345864432,-0.0817528004883145
-0.00512915236293897,0.0922073808780698,-0.0156497784831803,-0.000800950129817873,0.0112917256875754,-0.0099398690841776,0.121777360567506,-0.0299515390873073,0.0173499955609796,0.00568776341462556,0.00242277711089019,-0.0877967885320516
-0.0528943364941461,0.0695781116476488,-0.0176362908483967,-0.00555834479914966,-0.00394215556159271,-0.0124925184493788,0.123328961359282,-0.0367415839315047,0.0244390442920816,-0.00789511541366572,-0.00400459536001242,-0.0791005121384972
-0.106177168920527,0.0409708750309612,-0.0198832770024948,0.000951356832105323,-0.012142564164699,-0.0122566221343073,0.112872828625116,-0.0424453367280093,0.0379859289283249,-0.0292378881813718,-0.00673831635394331,-0.0586146267668937
-0.144069108676349,0.0108785972522786,-0.0161121501584429,0.00610811205767132,-0.0146057944995556,-0.011358922318462,0.0982850740065728,-0.0413600224211446,0.0418776760350443,-0.0458239284018656,-0.00527137375550027,-0.037080813393111
-0.165544720820456,-0.0177459339872405,-0.0140534612064424,0.015897166754614,-0.0100492631014868,0.000593360240146778,0.0773012372143775,-0.035038639841934,0.0440200703058836,-0.0588138729870691,-0.00859629931742944,-0.00611917666296298
-0.169632482621583,-0.0371904453631692,-0.00950559199330309,0.0242003836045648,-0.00779882501498961,-0.001581535173805,0.0568952647301525,-0.0265791582956928,0.0436559551794464,-0.0642879950684292,-0.0038563088688748,0.0099282991414406
0.0137846233013308,-0.00671382268897333,-0.0161706582880435,-0.111434668234919,-0.0196928259399892,-0.156893973239895,-0.0527032361482595,-0.0498185371627027,0.0489421992623279,-0.00548728702874451,-0.0098518185685567,0.02793654992053
0.0134791024570146,-0.00789347881978152,-0.0322446555452208,-0.100196353400384,-0.0262824261391148,-0.157985672395031,-0.0482789522806348,-0.0532663272713148,0.0363104041874128,-0.0175319375814084,0.0146240906271206,0.0573693553637938
0.0135035320421601,-0.00212950604011965,-0.0349233151550568,-0.0652989058082324,-0.0140184159817018,-0.141486119435334,-0.0368370585392183,-0.0436255233191366,0.0146407534172984,-0.0396310295536741,0.0526528592406808,0.0906411147124742
0.0145891338893475,0.00169298821146566,-0.0330664077169208,-0.0262594742147544,-0.000528934827512155,-0.114188339039885,-0.0143338061881643,-0.0348843521668997,0.00451723379043569,-0.0551698807809541,0.0750080433521099,0.118677758456641
0.0239005285094346,0.00250162484548337,-0.0339354955124368,0.019464945087194,0.0181103340040543,-0.0749472351283275,0.0106952495512681,-0.0211420986156282,-0.00258175301358709,-0.0635109531990876,0.090669220294685,0.143967313880233
0.0394080481410413,0.0123324803268337,-0.0265088158794066,0.049641833706554,0.0377213130067147,-0.0403565934984415,0.0382565896629335,-0.0108832772835643,-0.00858307720496082,-0.0576347798511081,0.0899941356895888,0.150680489133424
0.0477547961640515,0.032816299974694,-0.01788315745573,0.0730740313179418,0.0548543971310101,-0.00756096686182709,0.0713568459665518,-0.00662701690120903,-0.00923148833870454,-0.0441002456964468,0.079189815914406,0.133715544527194
0.0530942123444068,0.0616149419414724,-0.00709455732129621,0.067564699170229,0.0645517616509587,0.00602619735767183,0.105588136043747,-0.00838006187599028,-0.010471882555503,-0.0118311885385059,0.0562088762036904,0.0934896440480779
0.05380601560105,0.0824287754896523,0.00184341090798859,0.0526959826895676,0.0644210237596045,0.00903693817035618,0.122002861151114,-0.0167922143466076,-0.00163974364951757,0.0212565545730606,0.0305831096962996,0.0449068929234033
0.0455402406502665,0.0952387879438752,0.0107554528425955,0.0356291192448597,0.044443657821123,-0.00596028353374475,0.12983159870255,-0.0269118364990837,-0.00049345257613488,0.0499361213791029,0.0129777528872647,0.00345140006874757
0.00963923237291529,0.101730097381937,0.00236602365276702,0.0110262863512214,0.0252921082501385,-0.0121539259448437,0.131333006750646,-0.0383373150046476,-0.00337530760174528,0.058223400714842,0.000817243257928421,-0.0283870763484178
-0.0318061120746783,0.0930561785364774,0.000703561441117755,0.00250719690882737,0.0104361179328498,-0.018077925209138,0.130001421273863,-0.0435035907468919,7.39983506433933e-05,0.0520664104982835,-0.0061354156348894,-0.0359104515314102
-0.0830521338899523,0.0806254755266779,-0.00631815793849088,-0.00485774660859931,-0.00212422016272965,-0.0146360252465973,0.124527599113918,-0.0472149435370805,0.001082224746766,0.032343319979874,-0.0110031815119658,-0.0311336231147026
-0.140552364164743,0.063316744989841,-0.0165675373763632,-0.00287940086713753,-0.0110679488731583,-0.00860213378362713,0.105595404959972,-0.0454586101316778,0.0029256656720695,-0.00334463215804785,-0.010725141903209,-0.0167824270677835
-0.182277196646026,0.0407185493362388,-0.0159965279719267,-0.000341873131183555,-0.00973204001943509,-0.00319209609625579,0.0800721038323816,-0.0399287017552366,0.00419047774843367,-0.0264675387873921,-0.00590943914111617,-0.0028689572860405
-0.203084543268614,0.0126720080116382,-0.0169195297045349,0.00341018224037729,-0.00714116170238353,-0.00144730273616484,0.0554829974471097,-0.0348853723349814,0.0123328814172877,-0.0454701136326142,-0.00432917553485186,0.0166601102120374
-0.204504146127506,-0.0124508963927643,-0.0151399192429977,0.00954089286005158,-0.00298489419965664,0.00650968390485518,0.039275531436165,-0.0202340814149086,0.0145696572891467,-0.0616195967944031,0.00258972256214884,0.0279865051532208
0.00832595678378463,0.0101743424246681,-0.0197850637500127,-0.159945450192862,-0.0146105123317682,-0.143480366990609,-0.0399214900468779,-0.0417853992052186,0.0264238940662547,-0.0124670578445563,0.00677089593239471,0.0186040717808759
0.00168796287327732,0.0100293038100327,-0.040039799344468,-0.151120549619283,-0.021808831429882,-0.135679113639195,-0.0259118774543037,-0.0403683745758905,0.0105905762489313,-0.0373421466220878,0.0349599677401343,0.048112497684044
0.00930297226948575,0.00457487019976025,-0.0431005142290269,-0.122018883691711,-0.00957912067154403,-0.11682729919147,-0.00562107596531092,-0.0333694251370574,-0.00012348717952867,-0.0469962011894881,0.0584479457179077,0.0852624165884093
0.0115189177284351,0.00975346368110439,-0.0565713218977172,-0.0844724728570743,0.000874534798192255,-0.0789048410125056,0.00575586676535855,-0.0227162866330754,-0.0128603700854449,-0.0582559758787053,0.0708805371707772,0.113415848653494
0.0200063944205722,0.0127287342151817,-0.0515066517722352,-0.0347927899412196,0.0225513758434966,-0.038168249694885,0.0262660965735089,-0.0154158715574199,-0.0176291427345667,-0.0636612256801807,0.0835404434078829,0.139253945926945
0.0313371417829637,0.0106379166503594,-0.0465751374005886,0.00441771757107752,0.0427947128422984,0.0123715180634353,0.061236004486891,-0.00794227170072305,-0.00565075466217339,-0.0505080614193169,0.0644721179371375,0.151074712360305
0.0425609698645631,0.0225439544089589,-0.0351131948584141,0.0330337715681134,0.0602434470930721,0.03707294914474,0.0911996100840924,-0.00772884587931235,-0.00268104744875245,-0.0193158825443707,0.0499729541263171,0.14385978992971
0.0543299398942846,0.0382737129140228,-0.0147653936298266,0.0458819957305542,0.0689762994581231,0.0365365836448749,0.113719284674889,-0.0143931433170579,0.00351368753675493,0.021434391009632,0.0350817016530447,0.116371151230025
0.056798793363996,0.0569694101471228,0.00514414459569928,0.0408903067945709,0.0673548954814476,0.019516436076177,0.126679349178226,-0.0210398333760298,0.00457694980756196,0.0704568434499626,0.0139056601154842,0.0767338971096395
0.039135043790205,0.0704942471902156,0.0122294800979633,0.0251117029610714,0.047633589964499,0.000591887760012464,0.129315147763494,-0.03457242441684,-0.00123507786157173,0.0965567117501467,0.00800407806636343,0.0402314723400415
0.00381284847000848,0.0763851657145408,0.0190033901354219,0.0140624831447351,0.0346225388345224,-0.0158107951817781,0.121900265315587,-0.0421869007275715,-0.00811891487123182,0.112512911921863,0.00058093922055286,0.0179915893380785
-0.0450728620277046,0.0715926862679329,0.0136334119729662,0.00629345345999075,0.0196165240022274,-0.0227485269244655,0.0963050970290379,-0.0542544809610599,-0.0100528924407019,0.110165748046149,-0.00172416603368745,-0.00133475579586201
-0.0943615475045099,0.0676761307261779,0.00770461462298478,0.0010515153228832,0.0111308026303769,-0.0217131142591086,0.0772124022317202,-0.0549371962292422,-0.00829223294499033,0.096490302036291,-0.00928603531095803,-0.00835168812157941
-0.150414990625173,0.0560124937543548,-0.00314988971684639,0.00392223570386473,0.00443571670995242,-0.0179601602696453,0.0528624573952479,-0.0493900580075331,-0.00849109502884845,0.0573872953850147,-0.00447756341114173,0.00158883771071506
-0.194646641147145,0.0437739570625089,-0.019273553751452,-0.0016457562438547,0.000377338317160122,0.00187332437916263,0.0255511504610582,-0.0323770878569186,-0.00992377533771904,0.00570200794492066,0.000535848208979402,0.00566293104725357
-0.214872630009564,0.0196661010252661,-0.0183676135464268,0.00531123548078322,0.00669105114834993,0.00693857168096549,0.00164484480223994,-0.0190068671186557,-0.00510490160121551,-0.0228696440881612,0.00682161594918395,0.0207990813318114
-0.211557914742549,0.00209460433867865,-0.0150562362855193,0.00520671863321305,0.0103780679178779,0.0082723930812792,-0.0138619217027264,-0.00360265590586232,-0.00725585231169313,-0.0382023629989703,0.0159989807277173,0.0238281550792755
0.0102970777436429,0.0236400858399375,-0.0126015066941744,-0.212813315090352,-0.00152607869884329,-0.111177009405889,-0.0148845761743809,-0.0263452246441242,0.00903476834451128,-0.0131898345625267,0.0103127061745954,0.00119892651950841
0.00905134469080935,0.0231296441205574,-0.0333968174428043,-0.202659726283298,0.000796253339277322,-0.0910094636459419,-0.00662891661093887,-0.020259161234291,-0.00641950560906913,-0.0298276302237453,0.0271375306825205,0.0277808225269535
0.0115872085771815,0.0250074915409696,-0.0515800100329175,-0.177372127376739,0.00628460952641625,-0.0553944342886207,0.00603556476637125,-0.0105818513618659,-0.0153996895377145,-0.047960190021184,0.0413443974779572,0.0576503626976243
0.0118320389752512,0.0245018784776438,-0.0669820772112819,-0.143011346713957,0.0155723377142971,-0.00400196342291303,0.0158552365744718,-0.00839502033120989,-0.0208136703795633,-0.0582111841624233,0.0449414752023461,0.0844794803014301
0.0207555740848653,0.0202338627837962,-0.0733924759229591,-0.0902684134539497,0.0310657606503809,0.03691032878762,0.0369802172665879,-0.00524486870776021,-0.0094745661758076,-0.0563199139444426,0.0448056590480865,0.112319923821027
0.0324989078374129,0.0117087953360092,-0.066441996374249,-0.0433640414085948,0.0498398045808165,0.0744499969323556,0.0530033318009382,-0.00422143400677662,0.00364933997873381,-0.0365291139469083,0.034439200767443,0.125994726892602
0.0454125691529607,0.0122273318753508,-0.0545826604692818,-0.00838049973259641,0.0635538783445821,0.0890628362785261,0.075930920365252,-0.00594794403497203,0.00896140164457468,3.85974010261049e-05,0.02714698022886,0.127835032322707
0.0583468529913973,0.0157507284313651,-0.0385592485487006,0.015211203459987,0.0649225943935339,0.0836941146460946,0.0887764854418002,-0.0110638683437856,0.0145368769435409,0.0464200921408206,0.0151546182068438,0.110079053799224
0.0561398210095438,0.0253240759960128,-0.0135271160341014,0.0246620396587736,0.061153983273463,0.0596461797138692,0.0855634699691556,-0.0231463137481137,0.0203245674868231,0.0978954757859621,0.00196477769970448,0.0739520791757149
0.0459518819059973,0.0343609701208615,0.00712588954488972,0.023139797502592,0.0482470493862635,0.0233724226006245,0.0814090992928155,-0.0372426445087315,0.00971278338209992,0.143857069824753,-0.00082682399278188,0.0459261565589006
0.0152552253534181,0.0396113398612241,0.0148112025090749,0.00955957232362911,0.0384318775270601,0.00103459501706002,0.0646955690499179,-0.0465265232596752,0.00476349928280232,0.164321331999102,-0.00121238087728273,0.0190140141736179
-0.0304903717479947,0.0435688647188903,0.0143311218357887,0.00177479450443729,0.0274412909397629,-0.0191895266572138,0.0395825286207211,-0.0517071710133619,0.000618029497028766,0.165665760508969,-0.00291971498237118,0.00226322637639046
-0.0835198615835779,0.0461883918663206,0.012494181033551,-0.000471037563186218,0.0255178490144214,-0.0270987258457913,0.0140123447656093,-0.0451923669267583,-0.00606577665883232,0.144746497959124,0.00288281878915249,-0.00326227666539351
-0.140749907206581,0.0392611804492576,0.00134282203569803,0.000200985608750015,0.0233564398452551,-0.0186588933395343,-0.0107492122688286,-0.0357189859054931,-0.0163398925056625,0.104419065878528,0.010603041507682,0.00276224674647648
-0.182270665612963,0.033504737816522,-0.00519807942219967,0.00849681015275326,0.0208527009614328,-0.00771499899030291,-0.0311741447501682,-0.0176400563931039,-0.0217518723506169,0.0489254749041626,0.0220548131988472,0.00939135925261144
-0.202507372640947,0.0134394159373705,-0.0133026007872831,0.00844245533620639,0.0236361619244486,0.0016644767880477,-0.0533148508244379,0.000826325108104491,-0.0150517015530946,0.0102407077972785,0.027876981738104,0.014239964257117
-0.198621056606553,0.00409283865205722,-0.0151816309747372,0.00688407373166638,0.0258203575037911,0.00851896886578021,-0.0577061938753095,0.0216404854286425,-0.0132054283427415,-0.0167328297552924,0.0275989994338336,0.0190538561650468
0.0147242865020823,0.0238392779653339,0.0116054685464031,-0.22309519667386,0.0239279708838386,-0.0579587629463136,-0.0216982722389168,-0.0113368671514725,0.00283556732930006,-0.0057417380867874,0.0010265429593726,-0.0219698617980696
0.0149894185316562,0.0248756182037512,-0.0156769579863139,-0.225477921828404,0.0294565412555326,-0.0236410374750379,-0.0239052974087934,-0.00321038207380281,-0.00545442310419647,-0.0226370674842536,0.00822353631748909,-0.00774739155834384
0.0134071082771067,0.0352105158897927,-0.040363445096925,-0.199944351159436,0.0288294859624721,0.022962744975071,-0.0104333902874886,0.00012037119849097,-0.0137325122535323,-0.043743385448837,0.0143204621730114,0.0146090475128416
0.0145682086134727,0.0240193327734523,-0.0607512224136907,-0.156409844492402,0.0327995223468518,0.0733904531617644,-0.00875239978134767,-0.00037196392985739,-0.00223879113453693,-0.0553395298144101,0.0108439859685655,0.0434097409930104
0.0237232930044917,0.0128125150338434,-0.0772524743100678,-0.112906788849604,0.0405973462002632,0.10875252730645,-0.00575087019393302,-0.00115298251135989,0.00209598822134199,-0.0480074156253554,0.0181471336355599,0.0673581281855035
0.0357499686914958,0.00318853421960539,-0.0766265382822639,-0.06698519564769,0.0440337101650714,0.132737784688179,0.00771684717645469,-0.00632104311776237,0.0203955327366176,-0.0289754035776941,0.0120154392188508,0.079252429389571
0.0468598272172604,-0.0109859032368745,-0.0656958923408862,-0.0208830542304888,0.0432700058504739,0.135408337822275,0.0223882418633524,-0.0176264008388322,0.0321355547130997,0.0147421897427832,0.00919483419251448,0.0856994737491367
0.0570388890667868,-0.0116485864687773,-0.0534053318165748,0.00524410322907398,0.044311506441133,0.122178476001866,0.0297558429209715,-0.0238756969766514,0.0366457230449644,0.0704897199947893,-0.00301774213908124,0.0789411219153512
0.0603226475818212,-0.00701715933474011,-0.0294994708382241,0.0167396870186768,0.041041810025815,0.0894808764079279,0.0270534498367691,-0.0276228683169063,0.037318652507129,0.122600187440519,-0.00974853646353083,0.0537516552104031
0.0532311687213559,-0.000421102015707439,-0.008058210564742,0.0122267678757529,0.0390536049918717,0.0468610762419729,0.0222282518603063,-0.0375309731808935,0.0268315507713115,0.173314342878276,-0.00589078846223163,0.0339735221995699
0.0296754098621028,0.00997797608580209,0.00449732897861526,0.0084107542574863,0.0290809377733977,0.00821824849681801,0.0120515601077833,-0.0347073253275647,0.0148614525513302,0.189920164010114,0.000161055632888749,0.0113666263970239
-0.0125046868231507,0.0148842788874053,0.00988777905542782,0.00682573730937103,0.0257185412025868,-0.0157675879352725,-0.0144850548939007,-0.0313554651026823,0.00319298611463585,0.187718124392336,0.00721007087790325,0.000134862938725982
-0.0626359984668207,0.0204150749710411,0.00929875181114471,0.00327488493056407,0.0286788314878227,-0.0291540609621083,-0.0370131634801867,-0.0190842935358635,-0.00923214914776272,0.166180283989348,0.0161335731216687,-0.00150319311169039
-0.111577936349864,0.0218202921481667,-0.00261236533637403,0.00158803174118011,0.0278723729462154,-0.0255540597868939,-0.0615143107177477,-0.00478320639305146,-0.0196464920780003,0.125603475163372,0.0263044842305506,-0.00485274383722441
-0.14891331051235,0.0134607344892324,-0.0104496154725581,0.00694227615385516,0.0374468693237284,-0.0083615503093147,-0.0793026210795454,0.0195284414411626,-0.0188795017706906,0.0709229926179784,0.0340594113106955,0.00354879483454444
-0.171172273288338,0.00612057477987368,-0.0134823565694014,0.00978807527249899,0.0341722370796294,-0.00383561156433956,-0.0872075673020025,0.0317742608880153,-0.0166167920755008,0.0324424546449444,0.0368237211567474,0.00974496981490199
-0.167640947144266,-0.00299873515541277,-0.0161057045537125,0.00912682501232665,0.0368442201215454,0.00722575365880263,-0.0837379730088355,0.0550445891129102,-0.0131351057142287,0.00355512341279786,0.0378391436890555,0.0125523144570191
0.0224742263137627,0.021923579878666,0.059084086405639,-0.204076893405319,0.0383865578803076,-0.0258760965173175,-0.0279308079885623,-0.00391000144267093,0.000542871988536573,0.00533780449951542,-0.00828095924799011,-0.0406403029451895
0.0187443426600211,0.0230334880299563,0.0300591086438966,-0.206248120143246,0.0453031705778545,0.0205382091124683,-0.0369206188162881,0.000671873807319965,-0.0032915170592454,-0.00861185651835534,-0.00431615294477996,-0.03569605991554
0.0180353186283801,0.0277992650938631,-0.0011361554335007,-0.181104086213901,0.0376343292238939,0.0667125312399316,-0.0404998467576853,-0.00266428561207563,-0.00246141241619927,-0.031891025376294,0.000423573778782172,-0.0204728997073957
0.0124111915926242,0.0288240004016505,-0.0278549331104025,-0.143256775813612,0.0330757284165622,0.118126581187989,-0.0383905198167561,-0.0024620122843498,-0.000513502821500565,-0.0542558603419206,0.00390357974029461,0.00160258209432569
0.016741619639756,0.0124104680941712,-0.0495127975829981,-0.0983658765005385,0.0327909575112405,0.154042535667159,-0.0383227820915109,-0.00546015363106053,0.0111894304116864,-0.0538551631844178,0.00709731283875683,0.0316297389078583
0.024473798752616,-0.00566548833977317,-0.0650934196835202,-0.0526848440021161,0.0222428890463113,0.173464579656021,-0.0379894562383204,-0.0120743533600793,0.0374651778174584,-0.0395780424163808,0.00434990528201156,0.0402379582572578
0.0363779242298719,-0.0167161982725437,-0.0699493590682484,-0.0136593617675949,0.00881398416750474,0.169387084411788,-0.0334193336053486,-0.0224014379952429,0.0508105902584505,0.00045404565333614,-0.00232588653686625,0.0456465323011836
0.0490596480844281,-0.0216274246203117,-0.0624977164579939,0.0096457008044806,0.000240518464849853,0.138804829468702,-0.0238494949576796,-0.0289917825551912,0.0565645704650065,0.05863934147361,-0.0087904203323273,0.0413758411257234
0.0613391724700802,-0.0263213593614999,-0.0402059315540599,0.020818756137479,-0.00115171485870952,0.0960525174035939,-0.0205675474196554,-0.0336735937854167,0.0493633178133077,0.120027085474997,-0.00735327030078288,0.030616911220243
0.0557324594431221,-0.0169280362262112,-0.0159423148631122,0.018797338969153,-0.00139392006092564,0.0472483399147698,-0.0181556527466666,-0.0337503947979036,0.0374688116088335,0.163780802991745,-0.00352195516382317,0.0131435005189149
0.0403510729821288,-0.0147070706641239,-0.00368995469679495,0.020636963213472,0.00096191897933014,0.0108533728341732,-0.0239621324311427,-0.0197669822590618,0.0239917803791302,0.185630589607815,0.00532759050159376,0.00478488540864489
0.00781750975695798,-0.00292537243865744,0.0018219633692837,0.0120529151829278,0.00676092790454486,-0.0177711701995177,-0.0461970270421994,-0.0091868851374611,0.00556159558256039,0.1878386141266,0.0173393562429908,-0.0027301607048252
-0.0299844274875285,-0.00104624048106679,0.000434021176742039,0.00308254270792422,0.0172460221910155,-0.0266724551962154,-0.0670179736089163,0.00932938583347749,-0.00154926144633134,0.171738231478061,0.0222724148756946,-0.00811673801450541
-0.076832165587004,0.000560942066729046,-0.00670564786615281,0.00488814168998109,0.027363100553649,-0.023539603895417,-0.0888561047008268,0.0326520519387582,-0.00966141273122546,0.129669157121528,0.0315454768761992,-0.00593394270147082
-0.109924446482458,-0.00657573789440373,-0.00844648242353335,0.00756184037601892,0.043136212029248,-0.00918011606930033,-0.105584783132579,0.0586969562515663,-0.0111681422855626,0.0858408110426507,0.0378333664837175,-0.00483873774617977
-0.128836754112065,-0.0049443637866182,-0.0107973589153234,0.00821168987586147,0.0466099023335507,-7.13702568097612e-05,-0.105938651710243,0.0762950497775754,-0.0131678404265117,0.0427477652641478,0.0420217561100988,0.0023993803422238
-0.128675344801825,-0.0101221155303468,-0.011577996913617,0.0133626511026685,0.053162664822042,0.0162259377387252,-0.0942361673684299,0.0956350846382928,-0.00287594431404187,0.0087226963761303,0.0397104450507094,0.00899416360622275
0.0264191074363036,0.0111332531620688,0.11497466924325,-0.156503309112774,0.0503433119813738,-0.00308466006758571,-0.0305138822530851,-0.000332668413275986,0.0133263252098289,0.0166222399366499,-0.0120300591583074,-0.0421982711425456
0.0221799155690995,0.0144260894553591,0.100781969760629,-0.156518617766041,0.0557090313087139,0.0356346923326671,-0.0434921347499437,-0.00240338241537909,0.0092438406491379,0.000149105461437676,-0.00748714735655618,-0.0470455960602427
0.0157143112763298,0.0197842097034101,0.0612689508365368,-0.136025544413183,0.0439409524264341,0.0907906398263669,-0.0542247698681063,-0.00227967938400261,0.00196377360500415,-0.0273843972689346,0.000314874448390035,-0.0329258442678644
0.0110457850870447,0.0129325873549561,0.0256291537125372,-0.103712951655998,0.0292110789893698,0.138559526014998,-0.0607478391620096,-0.00951101707064,0.00428608930223234,-0.044547472901577,0.00561252302407156,-0.0100174797101377
0.00839707724122786,0.007355892607998,-0.0174737232219218,-0.0686954554692046,0.00596061493239741,0.174319772009157,-0.0692094547725045,-0.0198439692640055,0.0167393802563821,-0.0544508493685256,0.00404305873229378,0.0066070983148606
0.0150280330339082,-0.00732042656651407,-0.0385981878735006,-0.0310156135433786,-0.0160645568235034,0.178053596555536,-0.0610951760192735,-0.0287105982574115,0.0375286133357696,-0.0400899575066884,0.00276695399329837,0.0193562289588141
0.0258459947609715,-0.0199983932875201,-0.0545754071125192,0.00194453156357926,-0.0378618153340912,0.169321360163391,-0.0572888511028894,-0.0331318872596871,0.0529037567040464,-0.00898243717830654,-0.00389180813982089,0.0236686994491746
0.0357481178326342,-0.0243719717104258,-0.0589837786001781,0.0184326188298828,-0.0569915308122813,0.135521612146315,-0.0509341299301451,-0.0445341241359896,0.052290037957586,0.04045295908008,-0.00273703675330087,0.0212445748110724
0.048236111662538,-0.0280673908182865,-0.049889800443055,0.0222768711407332,-0.0632707176452577,0.0859752709216656,-0.0476612190640897,-0.0448482231534709,0.0474380563993529,0.0953711054746545,0.000659076949878757,0.0107366938736774
0.0497130348292407,-0.0254195500820874,-0.0326462238898827,0.0234540428492629,-0.0620610812708273,0.0329056338816355,-0.0392318009179456,-0.0334255010616827,0.0324926950875777,0.135627618487279,0.0106889073573934,0.00672442455050143
0.0417527748271347,-0.0156968937293983,-0.0160535279086367,0.0152128325586019,-0.0500653569400396,-0.00281076980166283,-0.0372813504083125,-0.0112863942242537,0.0188563988127661,0.162638525968405,0.0102142866573754,-0.00287512810146866
0.0203797610315248,-0.00893001852256538,-0.00848798443079803,0.0124658336765245,-0.0322051795710171,-0.0214198572694479,-0.0587478614160265,0.013548011476176,0.0017224815415658,0.160132973706557,0.0243481596817114,-0.00679687280200165
-0.0146627505261104,-0.00897392774409288,-0.00740997226147437,0.00704328461107862,-0.00692922647741193,-0.0252388450147354,-0.0755954598196657,0.044236843772787,-0.00761489250003519,0.139590157985523,0.030158101522972,-0.00591722473298648
-0.0438520278997649,-0.0125845945857776,-0.0109464497514872,0.00667869044715443,0.0190224921163016,-0.0119282144316681,-0.0938093664510424,0.0756404325143994,-0.00467890992574856,0.112367736620987,0.0281010579248369,-0.00925283005827588
-0.0692856327960492,-0.00993209283798501,-0.00975283645791775,0.0102343263569072,0.0424703613464143,-0.000707897036417073,-0.0976699377269371,0.107246662972549,-0.00556307605323639,0.0710691630641314,0.0355703513124969,-0.00645892057496146
-0.0811019473267378,-0.0132490420176299,-0.0151335416532862,0.00732801566975637,0.0533734034893725,0.00886558729472963,-0.0913134047615958,0.12754360395163,0.00389089239542877,0.0359833592140852,0.0312644629051753,-0.0023904859375778
-0.0859147980602413,-0.0113803459675642,-0.0126904703277528,0.0107891803109205,0.0534050580050893,0.021046021646123,-0.0729940156976041,0.140332102947984,0.00584542249801162,0.00183387870693099,0.0296380409201876,0.00356771995599859
0.0313375489379838,0.00086891611212486,0.170513578079514,-0.102443856079755,0.0536996374306266,-0.00320680585706498,-0.0155050412310836,0.00478307259563638,0.0252934485817561,0.0147610135712056,-0.00629988559518225,-0.032277793077862
0.0245933208709352,0.00557716052460747,0.15908803466279,-0.0933876577684366,0.0559678786120956,0.0373611090776955,-0.0268828988424161,-0.00216149976331208,0.0182294326601823,0.00565511123678009,-0.00459234765575585,-0.0296132583884677
0.0154270637660051,0.0137888671949197,0.126873635579306,-0.0751424897657714,0.0349945631254127,0.0851462097730229,-0.0363335803223205,-0.00817353712470527,0.00702332388331892,-0.0221775481489758,-0.000728902465122517,-0.0186971563575198
0.00394285544875253,0.0120146747584909,0.0846426891111638,-0.0510681018144413,0.0104802508623544,0.126445135779786,-0.0531478194375131,-0.0190477339804149,0.0104385130683138,-0.0411645587901866,0.00215448616312285,-0.00483746281774228
0.00255348892808467,0.00251473151181611,0.044606996936796,-0.0260032828618573,-0.0184221334175262,0.151423310497148,-0.0687158785017094,-0.0315489681554664,0.014685003862189,-0.043184588049534,0.00870240650665674,0.00432925203106791
-0.00154318598600589,-0.00457139674191026,0.0030674885401386,-0.00561674542575803,-0.0534214458829336,0.157180273455716,-0.0683875829857048,-0.0448623794009814,0.031481142188001,-0.0423390074504334,0.00419395372241637,0.00758067700270188
0.00636501988683486,-0.0111601297462657,-0.0277179017610933,0.00991400335323851,-0.0832061703228971,0.145280105937817,-0.0615791548606872,-0.0465593704653505,0.0431206907370817,-0.0236828618698045,0.00298807537203061,0.00833786067317383
0.0200645939588461,-0.0168155803437246,-0.0464294945910654,0.023623671713997,-0.116064551652918,0.10401396811932,-0.0536366895653583,-0.0532619877176331,0.0480949093071867,0.0164146507608001,0.00471467396790538,0.00834764223059776
0.0271767627179889,-0.0147064533422327,-0.0442494307633911,0.0200896277287177,-0.123420392094653,0.0526204149086306,-0.0453271163888103,-0.0471997466718783,0.0376493082473656,0.0610663010703015,0.00546653507841885,0.00289687347510765
0.0394541614594127,-0.0144730135677527,-0.0377179597762736,0.0126766009174037,-0.124062141918665,0.00781383301984033,-0.029454217563546,-0.0275308787511887,0.0250698691483941,0.0970859656771026,0.0101725514680942,-0.000177779357775072
0.0364740989987272,-0.00782704988952843,-0.0289134769873213,0.00512578110642414,-0.108731115571732,-0.0224820844868773,-0.0243586520816253,0.00553566434570597,0.00811568200756567,0.113967987605932,0.0130096046635631,0.000173491359209142
0.0285696570920502,-0.00943226552539869,-0.0235719796222024,0.00509512819225673,-0.0717159307913335,-0.0280077519463834,-0.0429079495523719,0.0433136544038651,0.0024971720743402,0.118442237359758,0.0213412521032255,-0.00434403529688098
0.00313138540208753,-0.00808936569042177,-0.0229802848319013,0.00208316959690929,-0.0434276889242652,-0.0325416831879896,-0.0541019323815151,0.0840870139492356,-0.00141370692286333,0.0964279878701925,0.02345639013309,-0.00534749731176664
-0.0142860995225066,-0.00995206332774513,-0.0161913380920599,0.00486729300299293,-0.0026933684359362,-0.0112637313642177,-0.0635211324667497,0.120105968991989,0.000701527161386715,0.0722052744275585,0.0220612549289589,-0.00829123409583466
-0.0308942297147962,-0.0118755550954304,-0.0157103346395143,0.00477892515565829,0.0285346378009161,0.00306262790121034,-0.0619964762532717,0.153825627463324,0.00634001406491298,0.0414402228819416,0.0204371949398515,-0.00489744571068077
-0.0397396495628098,-0.0101342994241027,-0.018827417926485,0.00623396947308406,0.0428632755297728,0.0186710268253098,-0.0553835034146014,0.175612143772344,0.010813060931845,0.00717843823751413,0.0185469997700906,-3.96519396018416e-06
-0.0527518188970467,-0.00505738689026241,-0.00974137453708434,0.0116524756908054,0.0517004875587864,0.0305793163992377,-0.0464147128688074,0.180068487178168,0.0174102856778266,-0.0163881258278947,0.0115637348293304,0.00264497409412182
0.0370617841080099,-0.00723472350895893,0.226944446408571,-0.0532618171018801,0.0473789283470612,-0.0260262075877422,0.0104497605962349,0.00999195976084893,0.0268385867092111,0.0196189050400559,0.00297239167368006,-0.0140583923762366
0.027621033154555,-0.00466438973472216,0.225987760536851,-0.0397950795315827,0.0462464507633922,0.000902649225806984,-0.00259541516249454,0.00242433496791345,0.0162806214251866,0.0106231637581038,0.00825810994563549,-0.00669273123999331
0.0140198021762978,0.00526313964676202,0.191746862863269,-0.020127308598473,0.0210424555135967,0.0464034994780017,-0.0151833143406457,-0.011849486423544,0.00735005791582226,-0.0132258242559489,0.0119981919475239,0.00231641361167907
-0.00537716392763326,0.00855215159329859,0.143507964490599,-0.0028811033062617,-0.0128531026922902,0.088994807668901,-0.0379972564379472,-0.0259653805652842,0.000830270225954639,-0.0355937217136788,0.0123269869958679,0.00878532901435114
-0.012675815954997,0.00590171522537376,0.0919879671707236,0.0142377865896087,-0.0528838202420394,0.112422768636965,-0.0469179514190456,-0.0389422949303551,0.00820427215706101,-0.0495596116134805,0.0148404488553611,0.0157735462284392
-0.0158349630953521,0.00556541526839539,0.0462999503747343,0.0220320501253779,-0.0970360098228694,0.112842561604632,-0.0548453178081338,-0.0525344944474211,0.016055570462672,-0.0499005427017522,0.0126428993797944,0.0101043869527041
-0.0113317117699141,0.00309622297418533,0.00437864542913753,0.0336648254591628,-0.136255665758974,0.100148700050715,-0.0520628695381598,-0.0581779875430024,0.0192261439683252,-0.0370321425792181,0.0125173288182738,0.0124863392075161
0.00093652994779265,0.00198499402623362,-0.0238344215119079,0.0249912212450381,-0.170256650130422,0.0607184047566251,-0.0412362878066829,-0.0581837851597636,0.0244173913536103,-0.00949245273369308,0.010420385280947,0.00236255966663549
0.0147785713679835,-0.00346227679831327,-0.0361502893659406,0.0159729230907286,-0.176593318519625,0.0225232125917215,-0.0240355405100138,-0.0385910128481899,0.0189416159198795,0.0214005253930246,0.0125243546879579,0.00167754083719165
0.0289479036241466,-9.36156315035222e-05,-0.0356073006865832,0.00450493149309491,-0.170597289880584,-0.015773477362085,-0.0112992176918754,-0.0102510813658604,0.0105077329705498,0.0509043747313387,0.0126565274729908,-0.00395245855075684
0.0347747716845302,0.00400059149979719,-0.0309430166998912,0.00295322619356549,-0.151779890585773,-0.0377800755270351,-0.00403689679949379,0.0263173550770963,-0.000338817394322138,0.0702100737540875,0.0141939381715113,-0.00657408342428617
0.0321029388051957,0.0071196618098511,-0.0328368627603687,-0.00239921339702052,-0.113814312091016,-0.0366604069244197,-0.00329441672377633,0.076598060263642,-0.000218134515826416,0.0644910697611764,0.0103366541439863,-0.005416610948992
0.0221647207381501,0.00148986254388995,-0.0267073939006309,-0.0034084703857026,-0.0713317106551488,-0.0299988149231324,-0.00907960930111302,0.122910335720174,1.28212457490545e-05,0.0496493351469905,0.00877790568282237,-0.000532730997501526
0.0142200753299915,0.00109508417428982,-0.0227608617606789,0.00317377640797688,-0.0258470592525637,-0.00808159323085551,-0.0114954614511062,0.164164702118574,0.00429196627980052,0.0271468755967318,0.00752856457660514,-0.00230833415728954
0.00491105014085858,-0.0040430584896396,-0.0183247195130099,0.00554071143772223,0.0128231800282404,0.00750198518194256,-0.0171162483458565,0.195092140999631,0.0118573381416534,0.00594074343745071,0.0081512460915108,0.000493614866186212
-0.00432439335413951,-0.00133446156281793,-0.00890085591964872,0.00661142238705124,0.0368101301576849,0.0211572614162239,-0.00787727349985938,0.21482186394794,0.0173597369305389,-0.0129575999269176,-0.00041429216926764,0.00349035135217
-0.0153887070315372,-0.00090099762178334,0.00422522879590958,0.0123210436047333,0.0460938805228228,0.0256883018926191,-0.00071784276729839,0.212804568673289,0.0216492233297582,-0.0300093648090922,0.00148450405023948,0.0105420763684419
0.0386064098079987,-0.0158882467915751,0.271015813438847,-0.0104730543801424,0.040006228125441,-0.051552451462347,0.0276164634136021,0.0161297458836494,0.0247648011614485,0.0189009530111827,0.00972888636435304,0.00772884336060802
0.0295490769148266,-0.0132509415189082,0.280272390039105,0.00685046412661341,0.0331937022083107,-0.0332063190419355,0.0174463150000917,0.00113846425944565,0.00736077245440919,0.0147864269706939,0.0193602106677754,0.0173130499638112
0.00985769692262069,0.000787523414794895,0.238028690791164,0.0182521939869806,-0.000708398973004058,0.00884988374504902,0.00137967866144165,-0.0135737045159584,-0.00428479826400001,-0.00853147530047056,0.0204834618814304,0.0192985180373512
-0.0108567877546025,0.00869609825420233,0.181655560423169,0.0293567899479737,-0.0412802705993526,0.0477926349480511,-0.0138170792943723,-0.0276563467243534,-0.00765499368147131,-0.0343209221640978,0.0177489112292517,0.0227590900218898
-0.0219046651064661,0.012162571383743,0.134369954670437,0.040986892554331,-0.0791151002983954,0.0693246806481061,-0.0206384463005048,-0.0407734983863157,-0.00756792442240204,-0.050095930096369,0.0191233524573364,0.0276822724945932
-0.0267226012664815,0.0149009754455704,0.0819959995610563,0.0395449905440084,-0.125272494251121,0.0727682160382262,-0.0291788906071898,-0.048483153908805,-0.00466306128090599,-0.0600245255068615,0.0230710246652711,0.0204997860844861
-0.0215991356755277,0.019877735019368,0.0342639052402054,0.0336602240346673,-0.165826140912213,0.0608045392600598,-0.026664858514427,-0.0514760807452518,0.00123465692679071,-0.0511698438255482,0.0184581996166161,0.00848894663618435
-0.00989178498925947,0.0184466301059043,0.00395293945530647,0.024142833819437,-0.195201502147748,0.0332857973619831,-0.0118575076600028,-0.0427978318932801,0.00179389108126751,-0.0338046470815026,0.0146077833624852,0.00422483469972302
0.00486932017168453,0.0141526817464842,-0.0200275347308181,0.0106921010987701,-0.210342329212119,-0.00335551935004804,0.00278342781447713,-0.024921813007761,-0.00421362506154447,-0.0136895796173283,0.016033104030943,0.0048533554453736
0.0272884033883723,0.0172291035582008,-0.0258652620051372,-0.00324463145218055,-0.200151801026796,-0.0371217438895601,0.0185353616691309,0.0107094995094696,-0.00416228703970988,0.0130245729957747,0.0119814280692798,-0.00729155440625433
0.0321847657983385,0.0220837244370029,-0.0297340584238193,-0.0117854511135894,-0.181441622318479,-0.0525685620660208,0.0335708702215751,0.0518534094232058,-0.00775106669464547,0.0196960199784067,0.00765584528330045,-0.0109248634650742
0.033985531440945,0.0222090802716377,-0.0260395661532698,-0.0117820019835037,-0.139681031495904,-0.0445526379142056,0.0370985548646143,0.0964006134676779,-0.0081427261222912,0.0223848972388191,0.000677771213290689,-0.00778690210128427
0.0295154847909041,0.0194829573464364,-0.023531481770947,-0.00884512413140562,-0.0984682382861979,-0.0360719322443915,0.0325350163976495,0.142915770256733,-0.0054146927220972,0.00750881938814538,-0.00286718757273804,-0.000195349849819186
0.0314353564913527,0.0147456560792782,-0.0182883787332683,-0.00495056990064735,-0.0546023105437322,-0.0189197187433895,0.0387283054141075,0.186639390124457,0.00864517971119334,-0.00777036511003514,-0.0120110005419894,0.000392885239598266
0.0315640535664283,0.00986046435215547,-0.00995845019229354,-0.00132963474122946,-0.0115769515065727,-0.00320193303037136,0.0362900288037116,0.219378705571645,0.0164431818514552,-0.0207417086462408,-0.00889198752600384,0.000619128766054169
0.0187522604388721,0.00459966093137965,0.00440173613146239,0.0101027580375813,0.0166027528158521,0.00780080342117549,0.0347981698449447,0.230970252404536,0.0202623073402957,-0.0320124250709917,-0.00952108833582137,0.0126481027447159
0.00988179099432533,-0.00128475567330747,0.0134920808074638,0.0125928496826234,0.0318130945589994,0.0124249021052187,0.0364236349371222,0.231414300588851,0.021724861639098,-0.0365637794512187,-0.00902407750448955,0.0185493735763548
0.0248210435608205,-0.0164958736449253,0.266427312037944,0.0121997764085661,0.015624578245707,-0.0508658147072492,0.0321031809495455,0.0134866018453245,0.0210832802698127,0.011319437188174,0.00804105569798056,0.016474502100991
0.0153082865717952,-0.00567301934809361,0.275523429290698,0.0274768251740591,0.00310649312206131,-0.0383647503399057,0.031217156265044,-0.00259983780588074,0.00622530006220857,0.00846647255578654,0.00994693428114475,0.0214046688260747
0.0065070348670383,0.00548496018038613,0.245978658013365,0.0386989514354179,-0.0273756373648853,-0.0125962446489563,0.0263992249441767,-0.00753329901710664,-0.00538472358731328,-0.0148420405227027,0.0138920442780373,0.0250791198238128
-0.00986575089781625,0.013239870930826,0.200408779154411,0.0431144849001933,-0.0630974392634164,0.0162132420273876,0.0146968431601012,-0.0192302119045525,-0.0145997109879261,-0.0369574930680966,0.0177742772004059,0.0308352234847286
-0.0248726986296631,0.0204777032556321,0.154074214357682,0.0451254054400435,-0.100429402400173,0.0313949109405115,0.00428221874247225,-0.0293477269275066,-0.0253405566594646,-0.0522664297963294,0.0210227852887212,0.0321627973146163
-0.025731867414915,0.0231707889396801,0.104423459104131,0.0409073449225127,-0.137319499038701,0.0354723826731397,-0.00144904335106142,-0.0342508464171075,-0.0198000849669448,-0.0598868406886824,0.0225891091150718,0.0252152290185656
-0.0231109346536638,0.027844594158704,0.0570742285781514,0.0331735237970078,-0.178404012851418,0.0268915497318956,-0.00114292483972433,-0.0329270788608083,-0.0149991431254299,-0.0627946939504299,0.0178289945375386,0.0165419814448396
-0.00796361870758443,0.0314214477783201,0.0217743776176662,0.0182697697922051,-0.204888060119955,0.00631616452488167,0.015106419593349,-0.0205195885653563,-0.0159859089197997,-0.0555984819618559,0.0193311824489844,0.00453434659622739
0.00612362827691097,0.0319639627558674,0.000529170082579521,0.00306742400729218,-0.218416579795418,-0.0213129109660032,0.0279486059485353,-0.000938066537723639,-0.0186581192961919,-0.038241761789519,0.0167005554151056,-0.000772678757717855
0.0318079322021918,0.0297302462633988,-0.0128708781394959,-0.0169394638213572,-0.21391214674515,-0.0422753388898524,0.0502750443795677,0.0319382630943525,-0.013478287236445,-0.0166837255139752,0.00800403033959671,-0.0183744511482947
0.0423774806641855,0.0278011700549169,-0.0121844220149389,-0.0160839498608475,-0.193939455270759,-0.0569621114427739,0.061583347289424,0.0704041088864384,-0.00993597573282335,-0.00991668578013641,0.00327541265275703,-0.0153027407897647
0.0416968979822769,0.030584363388936,-0.0149075257936309,-0.0165425931761769,-0.155686979659833,-0.0522582564094132,0.0665850701289598,0.110605122783496,-0.00765099719837368,-0.0144152197065968,-0.00214657601461761,-0.00990777838984056
0.0369228496343185,0.0265269512509188,-0.0108129362394199,-0.00759639200996867,-0.111629515439763,-0.0344758306226886,0.0678665806992007,0.154318953771478,-0.00334710999380935,-0.0264001388849811,-0.00937295393413497,0.000845176722182919
0.0464061656610143,0.023157108083988,0.00298742441654499,0.00255919680281451,-0.0617963540579035,-0.0203011534089538,0.0735062561802308,0.194280352699621,0.00716007619877617,-0.0299599018478065,-0.0177488469180729,0.00715420812553359
0.051415019114496,0.0168725180313101,0.010079968674939,0.00397663757339899,-0.0302168278301794,-0.00405501113220054,0.0858527792598694,0.226822167118556,0.0125492863170602,-0.043641454421654,-0.0193652308978816,0.010370224532291
0.039254222366436,0.0147472080723967,0.0250439425822306,0.00563189456106703,-0.00523200606711558,0.00106888424246791,0.0844887532676128,0.235458642688865,0.0104330897894826,-0.0478161548262979,-0.0164807013870564,0.0153211526235567
0.0168265264051466,0.00393750786425056,0.0364914821316412,0.0173767760713316,0.0224172626937684,0.00310398281222256,0.0632002102150457,0.224177462336335,0.0137685208426807,-0.0428770396638837,-0.00760316331886774,0.0252089200275128
