0.048130808132955,-0.125776556011619,0.0650013517764299,-0.00969833222254307,-0.0427323835633361,-0.0535991608797504,-0.0711146293650389,-0.0414871132260437
0.063165197254295,-0.132215257037481,0.0627865605440761,-0.00839213334528379,-0.04795218491439,-0.0654021786460439,-0.0731463256372873,-0.0416732833342611
0.0777670905375789,-0.138025056893842,0.0519044501825019,7.21575735245028e-05,-0.0561580129068639,-0.0675327988141159,-0.0644312346193477,-0.0448849882212092
0.0763440302942291,-0.140348119426179,0.0385731963069264,0.00403166341827411,-0.0547587438547439,-0.061088582501467,-0.0511026713132656,-0.043597988778383
0.0746918066895052,-0.14737469803754,0.0211069021955351,0.0116572661500324,-0.0488853408356757,-0.0571270753946662,-0.0332401451523494,-0.0386131664544659
0.0590369992349113,-0.181041104431088,-0.0223209933203814,0.0177826385849159,-0.0430618500867469,-0.0352352219364416,0.0085150989765877,-0.0192580352503534
0.0408935239294981,-0.185979284956306,-0.0338995426439744,0.0198087413394002,-0.0356187615381801,-0.0214824029909826,0.0221063429031742,-0.0127841082577602
0.027532614208656,-0.188810816823616,-0.0411174233512752,0.0190645183220108,-0.0246431353454085,-0.00782674711025947,0.0352227531458264,-0.00731353837002741
0.0107076705497795,-0.189735830668827,-0.0483389709156448,0.0167796440502342,-0.0159659755464222,0.0104667636835153,0.0467116142927728,-0.00162597041815726
-0.0150006834155758,-0.180135334735025,-0.041625291983263,0.0136249096528092,0.00192142862265111,0.0205240647424848,0.0456896799374425,0.00065789613427699
-0.0296403209019125,-0.175935892532017,-0.0345982880732102,0.0105600105270797,0.015212347376708,0.0294099293256836,0.041574307795507,-0.00108055907556677
-0.0437000674093731,-0.175819162809066,-0.0275594932802023,0.00239527778411908,0.0332115439616567,0.0348990636935719,0.0365343503062942,-0.00126819932988259
-0.0534203541819114,-0.177052840548398,-0.013649784505209,-0.0118852744335829,0.0392657041919003,0.0387710644200355,0.0297748712175108,0.00193585800736295
-0.0569243242838141,-0.167342448183308,0.0100893715580513,-0.0256522929439392,0.043639099416406,0.0326363284720408,0.00758605208605343,-0.00357225916073857
-0.0541942219984212,-0.150375809205772,0.0413999545191695,-0.0412822416390617,0.0504212986715141,0.0297528490401468,-0.0202170427315279,-0.0129138955931958
-0.0547090838749813,-0.147241235503839,0.0516820780470013,-0.0508932804996042,0.0524455580088777,0.0259269349049434,-0.030475067445784,-0.0119502508337774
-0.0504492242953875,-0.145557305924441,0.0666872783795224,-0.056229906899632,0.0483511509901484,0.0223232144921044,-0.0414741341560284,-0.0120887945852524
-0.0452831587222797,-0.145304050916893,0.0769874109364694,-0.0595303168794056,0.0487857624057868,0.0201025101151186,-0.0516855121863887,-0.0134651375827973
-0.0408204191237593,-0.142814320279345,0.0803349048526874,-0.0546734588117453,0.0439632989530843,0.0128726778247064,-0.0535725768640772,-0.0139369537045903
0.0468326104986543,-0.0763356984947701,0.0661062301057633,0.00680928646158364,-0.0513524561584253,-0.0577270079382796,-0.0752363787252602,-0.0569073538315265
0.06038857325994,-0.0816143659719936,0.0593292449712586,0.00840999963184519,-0.0600912742287008,-0.0664056818099557,-0.0724635870723389,-0.0568026340959864
0.0681604981132089,-0.0813411252222667,0.0501978265009259,0.0167291341900874,-0.0641798918359876,-0.0680267234807712,-0.0617277840569623,-0.0592753901087149
0.0776741960574006,-0.0842647751219379,0.0311208386498716,0.027545139368116,-0.0709169166779264,-0.0666311845348195,-0.0485167007736152,-0.0586066474292864
0.0796787849309675,-0.0922395248491222,0.0102600968063063,0.0367923911400001,-0.0656162764198717,-0.0570187174114939,-0.0270071442610317,-0.0546898813316973
0.0678643351153303,-0.114983686942297,-0.0272032812228147,0.0443600188797034,-0.0579915546982303,-0.0373753899265912,0.0114767328786342,-0.0398285904895215
0.0498338972887145,-0.116428638001503,-0.0412333569845273,0.053217297854314,-0.0479945364023449,-0.0213553456602008,0.030251082933416,-0.0361399219081955
0.0300063656730899,-0.132028873024925,-0.0626648716109697,0.0538981242673658,-0.0336595331362907,4.01515140084829e-05,0.0523176289713887,-0.0239021175256411
0.00659294859484155,-0.134498121160238,-0.0681275021562051,0.0481246278430863,-0.0192853441423153,0.0153138836110939,0.0599646220473696,-0.0166737185838738
-0.0187553208325829,-0.125771641316121,-0.0639583150220083,0.0465528063031572,-0.000936040416440676,0.0321472765382106,0.0652962164157503,-0.0138599183140985
-0.0390463725986691,-0.127957222202418,-0.0557327454262202,0.0337900022266723,0.0180464028954435,0.0417556323631804,0.06049990118561,-0.0087087820100605
-0.0516835949971817,-0.127763868756461,-0.0479125823080273,0.0203840102501422,0.0310812460867861,0.0460285348966213,0.052446661280816,-0.00961687383575268
-0.0617572268359632,-0.119107710249206,-0.0231625600279807,0.011904883553181,0.041906734136047,0.0484943430094815,0.0358853769356573,-0.0139530780359605
-0.0699655652493931,-0.121230105766717,-0.00643298107786083,-0.00239506176174563,0.0526661539452241,0.0518798549041468,0.0212015735102562,-0.0134121966047913
-0.065732139233703,-0.0984409687918903,0.0347678943704583,-0.0218902212054937,0.0545547014715309,0.0443798284842943,-0.0140501248552755,-0.0259228591638653
-0.0645402875175896,-0.090692895681332,0.0519643768194611,-0.0276145528972053,0.0598761904304622,0.0380780491359117,-0.0301983553618952,-0.0271666095464304
-0.0645237932047038,-0.0892106124692035,0.0669845988030845,-0.0340977155127421,0.0580146611703318,0.037478755797402,-0.0417371448535877,-0.0263713707804959
-0.0570623578204025,-0.091922662929021,0.0761242747122065,-0.044077040502611,0.0582165425270222,0.0326628488035248,-0.0516669046499242,-0.0257658647578358
-0.0474982582817516,-0.0895248480998525,0.079003875208142,-0.044546221683051,0.0515394431938885,0.0263521764907357,-0.0561849078963668,-0.0260098860743736
0.0417510444130971,-0.0315193511294456,0.0662108841449939,0.0182313580162661,-0.0581201978994999,-0.0598550306483858,-0.0678530435156966,-0.0734239762878841
0.0530860382782294,-0.0330842413711201,0.0624384499469156,0.0232766065963671,-0.0661692314880146,-0.0685648382115672,-0.0664802286211801,-0.0739065512735314
0.0602990470564378,-0.0333283959007122,0.0459836260375336,0.0345032561153761,-0.0736556105072138,-0.0717269129268385,-0.0545382006126786,-0.0774204942932978
0.0668916364010813,-0.0332233063016188,0.0265354779325461,0.0459022098643825,-0.0785470690442422,-0.0670302587349034,-0.04039227508041,-0.0760171778684327
0.0775269835084832,-0.0329983473569716,-0.00560299326953689,0.0771268161901343,-0.0803060978550958,-0.0620786844259671,-0.0115799184870679,-0.0796923192395058
0.0665748475683623,-0.0418874567099336,-0.028469780958758,0.0750940055284662,-0.066638713866867,-0.0419527027379213,0.0146990459858542,-0.0715680294707924
0.0467197003603803,-0.0467120716070509,-0.0449601658405324,0.0791829762469426,-0.0531467006483046,-0.0254294014278264,0.0333894654377144,-0.0639658228342615
0.0257656010249454,-0.0749444109688421,-0.0850160447224242,0.0874977224484369,-0.0342097609941303,0.00478962999779535,0.0751006726344599,-0.0453969045120417
0.00178416785558469,-0.0763613759876581,-0.0889143530242273,0.0829061812882183,-0.0212945250133666,0.0217904265932518,0.0857285480814722,-0.0388904454146867
-0.0228019618457911,-0.0834276180736444,-0.0770568445203486,0.06147398395098,0.00169408690160861,0.036691112750581,0.0775918807676506,-0.0275642037111132
-0.0424082928649609,-0.0835823289361698,-0.0667859588279227,0.0508512901160762,0.0238895066464005,0.0447649682812163,0.0707158709315158,-0.0251057811362421
-0.0517546417843817,-0.083066213203686,-0.0543485252702422,0.0353496976791857,0.037585604000599,0.0540563703342921,0.0629081256236125,-0.0248440915749592
-0.0609904798803638,-0.0628255291489162,-0.0177596185156219,0.0202721431556644,0.0455797375642812,0.0506955503548989,0.0314013526024231,-0.0357930301948929
-0.069012898875232,-0.0651789821411897,-0.000528082061322261,0.00259606798440716,0.0537337157785913,0.0529679553282479,0.012724816109919,-0.0343263190916208
-0.0692860319617942,-0.0527419540276872,0.0306179182689365,-0.0141288406516616,0.060034849633575,0.0509696538123466,-0.014251738533175,-0.0419257251517331
-0.0707377487027582,-0.0461473994352123,0.0498785059006734,-0.0202132270996346,0.0664263090236117,0.0504778528383824,-0.0251235238274419,-0.0415511399808657
-0.0662018267708463,-0.0470070675435293,0.0698347274042859,-0.0293567946551397,0.0665903997415475,0.0455319241595261,-0.0438749082289174,-0.0406677982501848
-0.0637520820273468,-0.0478739282231773,0.0781091364313933,-0.0365764052788756,0.0597197864440009,0.042310751328484,-0.0519011048625481,-0.039099289191806
-0.060668020684949,-0.0452372810156591,0.0838085959544943,-0.0342518363257447,0.0572646209104601,0.0383808091144186,-0.0542004512888538,-0.0380755451311891
0.0265772045770802,0.000440158064594741,0.0678353356024571,0.0189626379983567,-0.0621563743599945,-0.0630339336655754,-0.0575076310280175,-0.0765316613104969
0.0375269476103259,0.0036493952453181,0.0634694515609635,0.0255957542629129,-0.071894611248625,-0.0711659545616114,-0.0602107102403132,-0.0815238235873546
0.0487513600679351,0.00737674465118728,0.0431222336183541,0.0433356445830229,-0.0741664853479074,-0.0753392917161172,-0.0476409032364074,-0.0865462360547981
0.0543477449486527,0.013863278360348,0.015334966923733,0.0651632672742022,-0.0785405782637718,-0.0677429685721524,-0.0217767659120259,-0.0916619208319947
0.0474591077830147,0.0102635623567544,-0.00596317464655213,0.0765144430373382,-0.0720890919838601,-0.0620061766806971,-0.00450224505066491,-0.0878068538192863
0.0416574984550953,0.00509427495671758,-0.0259459527155335,0.0819710467022515,-0.0611821629298073,-0.0465639289012692,0.0193282979082542,-0.081969603993496
0.0279270110938847,0.00291754187367631,-0.0467279835328975,0.089448061771126,-0.0528057449908751,-0.0260650505130126,0.03699633132196,-0.0796079108345763
0.0152057251258342,-0.00788422262328419,-0.06300648489764,0.0921036447687966,-0.033435922304641,-0.00602806368531615,0.0620070860740147,-0.0691987943270407
0.00352840547958451,-0.00705606012032144,-0.0717897584299963,0.0880389172999377,-0.0167366010645589,0.010982328459663,0.07405219635614,-0.0659880142131017
-0.012988838594079,-0.00152705560178247,-0.0725822220100655,0.0870709736635776,0.00387045625208461,0.0232611723901488,0.076840156951693,-0.0664183393073817
-0.0380195714034722,-0.00689542127048855,-0.0443994950867133,0.0576328168358115,0.0291998609955593,0.0345580575087556,0.0578716766135283,-0.0581927105487083
-0.0464347675691636,-0.0134109447673028,-0.0321217068783619,0.0422516826111767,0.0464954311909721,0.0417236300607779,0.0443495120248046,-0.0543849718125102
-0.0586403727071167,-0.0134964037642022,-0.0127985951263497,0.0206392313226596,0.0525469988353928,0.0520947007816044,0.0244788841098701,-0.0541409961645988
-0.067127586862929,-0.0147694753000662,0.00785362617435098,0.00415621155408554,0.0607944231243626,0.0564353880710914,0.00556985069938836,-0.053564647615135
-0.0651520060211378,-0.0148233153371157,0.030550879674101,-0.0110704365598262,0.0680794900255287,0.0580626607235834,-0.0103950968244459,-0.0545618069405699
-0.0713318172374178,-0.00655455440914533,0.0542228712205496,-0.0170417190550016,0.0736499858504859,0.0578388889762812,-0.0266819434697107,-0.056671556118059
-0.0627370449937848,-0.00814525787221285,0.0701930115362089,-0.0264595908454997,0.0696964476668654,0.0568159773533881,-0.0404840629095667,-0.055844715163079
-0.0606589592449584,-0.00688081772015699,0.0859765184564812,-0.0317683955798017,0.0633738292438354,0.0533217408881629,-0.0524196769663996,-0.0542949937959968
-0.0546713275398173,-0.00921055546682741,0.0858121692728999,-0.0320189348311984,0.057026315930546,0.050385644788035,-0.056758057981259,-0.0509675290684429
0.011758213731428,0.0226336829366011,0.0713265742718474,0.0147278450822346,-0.0643379957834478,-0.0672363417443993,-0.0505977784466823,-0.0765469916105679
0.0156209523663739,0.0297020093969946,0.0706469761759932,0.0213445219955046,-0.0664286222679803,-0.0776470068985588,-0.0534214169497735,-0.0815912725220575
0.0241156104269373,0.0372230303871341,0.0554148999025113,0.0366765784659563,-0.0668783099169774,-0.0786303762713092,-0.0434143921276993,-0.0883766093584985
0.0241590914405278,0.0433528048367941,0.022476451143221,0.059430485151789,-0.0675514325395213,-0.0746466150359914,-0.0133012816320106,-0.0894607080860202
0.0195265503305168,0.0388328542598415,-0.00389415409288307,0.0686972433420397,-0.0628028135569587,-0.0693779506800618,0.00483704890305818,-0.0854557848689252
0.0111300059183128,0.0361078365026899,-0.0289789681940891,0.0792589608938963,-0.0553233218444478,-0.0489899967144794,0.03094823090124,-0.081549807171051
0.00616432824486566,0.0335372636748882,-0.0495531846385426,0.0898483291343099,-0.0434211109328003,-0.0267742045694112,0.0510093447855474,-0.0792141707033076
0.00063430484810747,0.0283102096745544,-0.0665322680770856,0.0946024965417677,-0.0268150038051796,-0.00899344912477763,0.0707047732689525,-0.0748051150537691
-0.00627186882984772,0.0306481769548728,-0.074359396082112,0.0901273042700673,-0.0104177241132705,0.00537548190624446,0.080836898085941,-0.0749716607345051
-0.0200940012002248,0.0408090648804867,-0.0773638782650727,0.0903270406051023,0.010804944362264,0.0243299266079704,0.0852503895137804,-0.078302261499274
-0.0380998342013134,0.0362859525903992,-0.0542947456779001,0.0630763625978496,0.0361909023145972,0.0352218196522231,0.066402025841016,-0.0713361611255676
-0.0461332829052428,0.0287562377548452,-0.0317491046961516,0.0406119729181627,0.0527194643941739,0.0420747700003033,0.0460763574175991,-0.0693620625144266
-0.0513808657031272,0.02937716265799,-0.0114004441542768,0.025669806912504,0.0651994588612554,0.0532601286725136,0.0295222817975741,-0.0703036048576383
-0.0513298959271255,0.0242640837922246,0.00961327726133392,0.00263993464776915,0.0707656644002219,0.0573649615945206,0.00905179752521685,-0.069037085645661
-0.0560276910500253,0.0222677986941527,0.0290997854990772,-0.0125413383370011,0.0722785462625548,0.0632207869446651,-0.00862739426013209,-0.0667583513954338
-0.05259582524248,0.0237534640281592,0.0529760918884955,-0.0215160032113545,0.0735371002029236,0.0607965387563463,-0.0317082242377025,-0.0685570676989694
-0.0559163717169633,0.0262801406679439,0.0736222998020491,-0.0297497348764227,0.0690279904871601,0.0623450687109538,-0.0460299073333381,-0.0683184705914796
-0.0556748149683492,0.0231862077306744,0.0834379700507213,-0.0344747042100738,0.0608316418600613,0.0630984547821339,-0.0575672392494797,-0.0636031064597367
-0.0490059114947258,0.0191804512396505,0.0857589915651743,-0.0361070667165321,0.054800686998322,0.0596003480992401,-0.0614910492167256,-0.0592453215374297
-0.00644275986836867,0.0352504371307776,0.0798895678055463,-0.0015471542284002,-0.0654488384263678,-0.0705337513281444,-0.0466382562849648,-0.0666117390189699
-0.00913468760156047,0.0404610773157302,0.0779519600212266,0.00428640537705019,-0.063353339353429,-0.0751355719274848,-0.0438223442103472,-0.0688241767358399
-0.00425771976318462,0.051154223989919,0.0574983372545192,0.0231635583679961,-0.0655643878034048,-0.0795179973715254,-0.0299443642792618,-0.0754180468692712
-0.0145416578880572,0.0531642547383194,0.0355854953853867,0.0319797466868893,-0.0556167656727059,-0.0828368294841378,-0.0160767706719859,-0.0721730009602849
-0.0154287136799042,0.0561996545120216,0.000716975113932287,0.0564375252907603,-0.0552633532744293,-0.0762236114206406,0.0110731378625928,-0.0744388723502803
-0.0130802821260901,0.0497507896551553,-0.0219759343837432,0.0616909272432507,-0.050675226822064,-0.0570514102732179,0.0351857076521985,-0.0701453399334045
-0.0149417068563473,0.046553144901984,-0.0515127479987733,0.076358101644399,-0.0329982248813378,-0.0340970938844052,0.0617705683694899,-0.0684376519744309
-0.0143533581618001,0.0450393074271944,-0.0707003230118394,0.0790117323664584,-0.0153357614050918,-0.0160674214458068,0.0777515962591419,-0.0677066212654247
-0.0208577947768336,0.0466747422322479,-0.0715069480271358,0.0684651442236107,0.00394282127988079,0.0014169614502871,0.0808247230184965,-0.0666459623675816
-0.0254848387730514,0.0551466168587778,-0.0719157744524437,0.0706128978918207,0.0262198916483434,0.0194505617831443,0.0821685175513085,-0.0727699342234747
-0.0346676797755636,0.0585789071155616,-0.0530756596252056,0.047304576598522,0.0477197941535421,0.0315759041928327,0.066375938394719,-0.0724567062089618
-0.0367471203584508,0.0569024956008401,-0.033476889465775,0.0345527766131883,0.0624873598245705,0.0379560819901232,0.0501677092918607,-0.0752038267269654
-0.0336459884377089,0.0515749299919634,-0.0175787140603738,0.0198015988445969,0.0691286914091941,0.0471804431449178,0.0320405771476822,-0.0758728522701289
-0.0324735044297347,0.0462996939385241,0.00145371679259961,0.00293150518948137,0.0722966734327713,0.053618350930064,0.0127699510950729,-0.074756881401076
-0.029431932398544,0.044689232818993,0.0210722201637757,-0.0201529754737873,0.0673000298941833,0.0636136275083053,-0.0104693067680015,-0.0741084969081261
-0.0297019090861265,0.0473505555981072,0.0434878529917972,-0.0296728427390611,0.0675098193425756,0.0670516995149992,-0.0374477500816182,-0.0754785394694974
-0.0304557941954208,0.0462723933918632,0.0622142181809345,-0.0333642803261581,0.0590133292390136,0.0685787275597264,-0.0514285862307811,-0.0745455796276938
-0.0306417837120877,0.0374465173502492,0.0687346409927911,-0.0376710794608561,0.0489603275157881,0.0642530744250704,-0.060705153019948,-0.0681482798833231
-0.030995936577914,0.0326172980451271,0.073890810194251,-0.0404109990309309,0.0410015606421204,0.0630201685726758,-0.0644757754374053,-0.0627975849217485
-0.0290531805495855,0.0416412307689497,0.0830145578473366,-0.0160700100909896,-0.0689499159589497,-0.0639452668022805,-0.0333276942299681,-0.051642461758159
-0.0358883186852301,0.0491541298112346,0.0824247652712637,-0.0129084999574283,-0.0673709692205229,-0.073725420732107,-0.0300571858819118,-0.0528269935610309
-0.0395275685227988,0.0504037359201884,0.0631584957987503,-0.00490461056055726,-0.059167490039653,-0.0822700792180165,-0.0169985741942987,-0.0520998759242117
-0.0468480915750682,0.0531487175616978,0.0435507205000724,0.00796833153011563,-0.0538526760639028,-0.0813873000232415,-0.00356262194429241,-0.0488263831806486
-0.049633676120941,0.0539516701611494,0.0132891487369966,0.0243408240152026,-0.0442969429731266,-0.0784101017684657,0.0142006393305636,-0.0502397215452655
-0.0410617131346443,0.051426004782846,-0.0148244087332423,0.0355308059160415,-0.0356951261295093,-0.0642913500787189,0.0401454138431348,-0.0489210422853971
-0.0406468365806132,0.050156333134008,-0.0354880643326429,0.0377930139768179,-0.0137099753433822,-0.0456883502354433,0.0588762637695103,-0.0486609495231392
-0.0376774671763472,0.0457908606833869,-0.0556345506447241,0.042235845776672,0.000839114663258091,-0.0270390706229467,0.0757223743830733,-0.0471189937115133
-0.0350196899994162,0.0480896771455973,-0.060138238639774,0.0368313286271375,0.018128689912975,-0.00847877303978528,0.0764796984951777,-0.0500166252212427
-0.028162073146097,0.0525118881400931,-0.0587021878199215,0.0340968582456298,0.0390739722692736,0.00538158775771294,0.0701821396799505,-0.0572000334638408
-0.0255650588912798,0.0695941410257833,-0.0525344111985445,0.0328127483576523,0.0546301453044048,0.01703392429461,0.0599071365643081,-0.0679486002831655
-0.0234766724381776,0.0727031635572157,-0.0409803025186699,0.0244078035108893,0.063225545218579,0.0349884168341813,0.0515233351663744,-0.0715872406068318
-0.0127496541860832,0.061761859154613,-0.0265414005382254,0.0045422685265695,0.0656815098681251,0.041326410351974,0.0290194874786386,-0.0719591732996078
-0.00419010673939463,0.0600623593122623,-0.0101078139045897,-0.0102395576517412,0.0602186037957295,0.0527685758490757,0.00839498550555567,-0.0753887911309156
0.00345866816031859,0.0567019586508097,0.010240988825454,-0.0236315544025063,0.0529096970574787,0.0619311128116246,-0.0155252833571965,-0.0749028430710752
0.00706136338046561,0.0547112969575883,0.029090925090347,-0.0370928159047322,0.0435078484457107,0.0675904159209391,-0.0396234320925681,-0.0747967605713387
0.00325032009519438,0.0526452902764942,0.0448443741261294,-0.0425173735760962,0.0388644083218675,0.0658334397305886,-0.0569377012841383,-0.0735689058332192
-0.00278402904335096,0.0469938200612732,0.0542939657667467,-0.048157122580444,0.0337493723876953,0.0676113362542536,-0.0636441925081247,-0.0683625231592391
-0.00973174984990781,0.0371295898127442,0.0546380229738664,-0.0470424985832636,0.0244296485138115,0.0643602168801934,-0.0620244924197617,-0.060263483104282
-0.0562660403423874,0.0444143588951166,0.0789458254736221,-0.033810069163491,-0.0710448673954395,-0.0639306429512404,-0.0213571753444582,-0.0315869378212692
-0.062734070371583,0.0479172901780204,0.074982507824157,-0.0333423029118967,-0.0724110917988758,-0.068030652113443,-0.0127151861599018,-0.0313830928555116
-0.070269990378105,0.0505645549770056,0.0597087115369133,-0.0277072020627027,-0.0668183187383225,-0.073197789233399,0.000113178401024218,-0.0291393983293619
-0.0760645561953673,0.0467299309489557,0.0421321013139643,-0.0249206089574849,-0.0513368547836605,-0.08040572023133,0.0102099143527462,-0.0243680377075303
-0.0720752653782126,0.0437439409695513,0.0197597735703585,-0.0130210183273895,-0.0382173716602309,-0.0779480083270723,0.0225537364690723,-0.0233764306719114
-0.0682101919130247,0.0395998695286253,-0.00514990766443493,-0.0050382597271949,-0.0225656773202035,-0.0669633750611532,0.0415619979922859,-0.0214514237560556
-0.0591703901494173,0.0387413996835416,-0.025349682482897,-0.00252276580645712,-0.00316202020507789,-0.051781071993202,0.0609232410644113,-0.0231096671699956
-0.0481279174848834,0.0372303091340472,-0.0456720710239952,0.00321928496984263,0.0131315218790214,-0.035310583857252,0.0700037807643171,-0.0270174221766007
-0.0375081063387039,0.0437712344329332,-0.0545020262861395,0.00781687934461193,0.030811645067654,-0.0184675060406067,0.0729969947019362,-0.0354744408968577
-0.0212749097734728,0.046054682527651,-0.0567182284852739,0.00697480799900306,0.0434169381606568,-0.00713154312407582,0.0626746851088251,-0.0414242104592729
-0.0109133361372304,0.057640615744765,-0.0553890498170367,0.00504648584591667,0.0540861662074235,0.00738214067541574,0.0535472658682152,-0.0511808517653174
0.00577332421612034,0.0625733273211035,-0.0467314236608539,-0.0016649910266385,0.0555960973086949,0.0178766692558332,0.0379226969251005,-0.0591851054852375
0.0165502564888804,0.0531612053205563,-0.0389000759536256,-0.0172855728554272,0.0475105133354842,0.0316658258806382,0.0233493820407175,-0.0586416314520965
0.0257033858001486,0.0531615398350446,-0.0262861142618996,-0.0272347978024633,0.0400220139582419,0.0485992650814009,0.0022038979194417,-0.0627073107022867
0.0333630154026784,0.0527225643268475,-0.009940396199785,-0.0392983913286706,0.0329582825839972,0.0618411441424681,-0.0166994640631556,-0.063747635778146
0.0393332478393491,0.0560465020683009,0.00751355759363078,-0.0449422525073226,0.0253355289414588,0.0664000281951475,-0.0392342293971203,-0.0694624734453031
0.0343411665925374,0.0525113768275975,0.0223379371695966,-0.05423183316195,0.0206373742076103,0.068798889764842,-0.0543488646370113,-0.06717173940148
0.0270646700656567,0.0466767406840721,0.0289486827952286,-0.0625802461825962,0.016887223571797,0.0676889229703297,-0.0614700047536801,-0.0596455354048851
0.0145485658766891,0.0336374478183585,0.0289321022844084,-0.0627828763971094,0.00807909193117667,0.0651120306313776,-0.0597817760549582,-0.0491310761035111
-0.0666497964586884,0.0388748644641937,0.073346919653003,-0.0509432706991914,-0.0817537373552156,-0.0485079161527646,-7.10665547767365e-05,-0.00906210111322554
-0.0692823756473351,0.0374117475983715,0.0637481158652123,-0.0509313971893015,-0.0794978185423676,-0.0594037389092552,0.00533832923097866,-0.0063900743041191
-0.0811677833055807,0.039513190276637,0.0524851263212216,-0.0493690573983515,-0.0659705367545474,-0.0679373672692512,0.0216303500174993,-0.00346003151731824
-0.0893231512521001,0.0378536263752937,0.0405629141636312,-0.0469380956643012,-0.0550387304601163,-0.0727659241581544,0.0288304193198725,2.92202315896508e-05
-0.0810969533499398,0.0334938623729617,0.0188878856449614,-0.0392945705080485,-0.0382433341080516,-0.0740025981365719,0.0420615058231777,-0.00147243313726807
-0.0779854753225418,0.0298259109867377,-0.0013366585011488,-0.0383483879626398,-0.0163459835255119,-0.0628020585671313,0.0545725599488606,0.00297450011490499
-0.068303281914385,0.0290273361821049,-0.0176776436944965,-0.0346277386415933,0.00543170546199164,-0.0550913940591247,0.058672251954297,-0.00189164497202491
-0.0532050544173265,0.0261655735008511,-0.0387646475571227,-0.0282341708220096,0.0201119696425233,-0.0445028844427454,0.0675889568546562,-0.00362560777225428
-0.0278391709071911,0.0283985503854962,-0.0536143406268212,-0.0248924760732406,0.030732518855509,-0.0327090364475068,0.0638688047877599,-0.0133291141482327
-0.00863459563010017,0.0315259282227408,-0.0582861598464599,-0.0180323569818664,0.0454060721149689,-0.0258403738348797,0.0551904411983255,-0.0214789964673304
0.0113428311009566,0.0340897305084507,-0.0663878457468447,-0.0270086018787353,0.0442194956486155,-0.0142937134650445,0.044877215659283,-0.0280367456290889
0.0312027320231165,0.0379095095812669,-0.0594815316474734,-0.0319919368412665,0.0449078863581209,0.00230318082744982,0.0326738059725255,-0.0348455924377632
0.0429374432438837,0.0408866905659949,-0.0493777726182085,-0.0364742225380901,0.0376866064536931,0.0208924314152711,0.0158100537098476,-0.0408094627595812
0.0526302219086966,0.0402357754708981,-0.0438077856749928,-0.0464593317101811,0.0272329352565078,0.0368129940899335,-0.00383344052886432,-0.044051932381144
0.0582319228679983,0.0463854073613256,-0.0301765997422134,-0.055367679533946,0.0117670810753252,0.0505700458184343,-0.0252729263906713,-0.0509623140683271
0.0628562844986715,0.0453797472835724,-0.0184246697030514,-0.0623293871164535,0.00444897933556769,0.0606976458065595,-0.0431228132684973,-0.0533516584826106
0.0652338249313863,0.0398749649620823,-0.0115559867192786,-0.0689258039239947,-0.00453025657037975,0.0676698582784417,-0.0519424256206461,-0.0501911649086985
0.0548981968262885,0.0321581894219347,-0.00421359842224438,-0.0749780877749524,-0.0110073868019338,0.070200400787864,-0.0572587917245278,-0.043163340088665
0.0353872249075484,0.0256861672552728,0.00304468963731714,-0.0744070985468725,-0.0127454579117653,0.0669645340384259,-0.0599402517532149,-0.0358599181748557
-0.0767883509259394,0.0342343634006109,0.0705490725383521,-0.0667407661220485,-0.0859473593307661,-0.0334720421823598,0.019348834867799,0.0143443009850653
-0.0897876697101487,0.02943082765817,0.064119640649521,-0.0733383313127065,-0.0754792402887431,-0.044765159294717,0.0288677604676687,0.0203158076008203
-0.0933774778821607,0.025156599790317,0.0457835564888436,-0.0754976652690686,-0.0711421875871418,-0.053533714990326,0.0390777074767289,0.0230263274282601
-0.0980766334187174,0.0215351755489864,0.0291631019718418,-0.0746721671637196,-0.0577432232921361,-0.0578539417110951,0.0502237556576258,0.0268277777189001
-0.0928621052253762,0.0174259689754439,0.0142554228343526,-0.0695941775519172,-0.0287979636230246,-0.0613164128014357,0.0569082598413905,0.0283791136030351
-0.0834903528997046,0.0117690242863282,-0.00226198727734411,-0.0753134070643647,-0.00492799032039804,-0.0635892769496887,0.0615216198590407,0.0315740903481146
-0.0644390630716623,0.00793695501238129,-0.0279476362757069,-0.075579694286812,0.00956015401105646,-0.0625596115403454,0.065383524394261,0.0278133066703908
-0.0394765949470221,0.00580367399555309,-0.043030518608431,-0.0679591184161156,0.0260373016995742,-0.061043123052867,0.0624851802033293,0.0227567778093167
-0.0153232915796921,0.00767531368978653,-0.0584734857347164,-0.0641882983074958,0.0349037629879177,-0.0554638203834353,0.0546769178189278,0.013623795270027
0.0141410683542037,0.0143337083099753,-0.0610247167278052,-0.0602032680317204,0.0413535245021894,-0.0449254299437745,0.0407085406468118,0.00203251362265655
0.0376805118038878,0.0199204102763841,-0.0670529383712128,-0.0565328445505384,0.0412442567303195,-0.0322935442042722,0.0289280460040294,-0.00828361113766099
0.0579539135203867,0.0208631325083583,-0.0659136137497544,-0.0558801073313023,0.0379053924949016,-0.0144967041649173,0.0184583065953845,-0.0145774813164006
0.0645127615256568,0.0225963249278032,-0.065370910228747,-0.0603496127960657,0.0257950386495569,0.00241574297873852,0.00142309384212139,-0.019723140256147
0.0721590463059849,0.0268900107028676,-0.0619310166366682,-0.0675267113530831,0.0174253550266239,0.0212637006394781,-0.013104096556219,-0.0256028745698286
0.0797321677428486,0.0308619490212289,-0.0490536644043936,-0.0714197251427609,0.00407029473505524,0.0334071490410626,-0.0347397058480801,-0.0321034758395354
0.0799789830405219,0.0318384507905305,-0.0424230874070874,-0.0730268751742772,-0.0116723996860873,0.0536714624007066,-0.0443051070479624,-0.0336593411737533
0.083169872325918,0.0237940521991633,-0.0411493263829164,-0.0787928458295758,-0.0253428433106624,0.0671326474260524,-0.0486740981548361,-0.0310433613923273
0.072518628133922,0.0231613190352985,-0.0312092548674394,-0.0745556679242296,-0.0318432397179476,0.0726126743367304,-0.0520402614981071,-0.0282772560869505
0.0519121417630854,0.0221572358494832,-0.0206682638096839,-0.072682881976538,-0.0372554433234678,0.0696122851173864,-0.0577142524081066,-0.0248205266860109
-0.0599136666033515,0.0188180363209202,0.0607144280528386,-0.0748626551926392,-0.0909334878756841,-0.00450713830369417,0.0366569074933691,0.0325230211111668
-0.0720241854458966,0.00735144419995635,0.0537927803957465,-0.0894048923117138,-0.0854239311142693,-0.0162462064996699,0.046178592931587,0.0439108188928847
-0.0826436910780482,0.00833327676702691,0.0405845668395999,-0.0941631941883073,-0.0761314489117157,-0.0239296209585227,0.060501792697402,0.0477726952843147
-0.0797486464569879,0.00539334109992145,0.0234368731526249,-0.0919349488135158,-0.0528655296116466,-0.0388914670395027,0.0674902977062525,0.0494812111570385
-0.081323414696944,-0.00116147137161014,0.010350826268153,-0.0904614174719217,-0.0295417197544447,-0.0486397996624585,0.0748842514777066,0.0532913005961138
-0.0748608951526126,-0.00599085859214228,-0.00861672796354234,-0.0939095103789006,-0.00160986796479178,-0.0600080512447787,0.0729148707359469,0.0532698231978582
-0.0502674186842785,-0.00849824949243123,-0.0232381027051194,-0.0890561640379626,0.0182753299599929,-0.062687203308105,0.0660037862096455,0.0482154029062597
-0.0226934442691383,-0.00456438864796494,-0.0346953731386084,-0.0745424191040414,0.0378228198596107,-0.0696674163322691,0.0544835337519969,0.0384888869954372
0.00333585759740299,-0.00320020205815106,-0.0457187668077428,-0.0735958199290657,0.047412243313559,-0.0727587506185743,0.0398967049423219,0.0292350736737923
0.0263172827694267,0.00299720126623847,-0.0538564650935409,-0.067068653894665,0.0481241599675868,-0.0645627441996732,0.0240947979516968,0.0178099541805504
0.0436183211256191,0.00825353544943184,-0.0611794211481062,-0.0637815073265726,0.0480079667865941,-0.0550079724544258,0.0118957202799134,0.0094822392885756
0.0629503522255032,0.00932167165893459,-0.0662183052688569,-0.0661368283448468,0.0423041597715922,-0.0370169143285873,-0.000456582270162115,0.00281494379459042
0.0727712733697094,0.0088467347318815,-0.0677240687933133,-0.0702290221415254,0.024998041194427,-0.0144402158521796,-0.0102623138007575,-0.00149360349432901
0.0804727142791356,0.0153388162099753,-0.0667153099590478,-0.0731388467930128,0.0085338805105085,0.00667027776155193,-0.0247710372022382,-0.0079128187236782
0.0884318820713151,0.0193219795487104,-0.0653881144159765,-0.0704203483467465,-0.00592523470593175,0.0271990103082961,-0.0400749671362879,-0.0145041084351831
0.0868624269813578,0.0214035852701728,-0.0613583096999056,-0.0708211044530176,-0.0226056605758489,0.0515319944231778,-0.0448800008878136,-0.0147054006726973
0.087147331421823,0.0165786178614915,-0.0601925382879949,-0.0736456886572378,-0.0401324295424998,0.0665899524333114,-0.0462486711465778,-0.0107280019773949
0.0710980777721845,0.0131919817054642,-0.0511460866178538,-0.0701481398962014,-0.0503946343930595,0.0713951510016142,-0.0536326648366171,-0.00713716448218819
0.0549697070073198,0.018651193457808,-0.0384690551062584,-0.0637174298392146,-0.0519182728471947,0.071526891524357,-0.0589762621043046,-0.0103853900298488
-0.0307172307018454,0.0027267005647283,0.0522759856058418,-0.0778834913030671,-0.0971151550958958,0.0174249966758625,0.0542044622099048,0.0487573784394581
-0.0371424761309427,-0.00338424129045849,0.0441235645377617,-0.0891114746883219,-0.0909342484668961,0.0141228410352111,0.0648735735331093,0.0577359194398308
-0.0418828146506481,-0.00475417475175518,0.0381369057346663,-0.0885075713696497,-0.0767645322012419,0.00166523190242173,0.075315847446149,0.0612307673678436
-0.0516977306662911,0.00043447366220538,0.0252080085937421,-0.0794747253733567,-0.0516490647189868,-0.00838420106384614,0.0823944493102607,0.0606155222513611
-0.0496709272068033,-0.00295140486804752,0.0126072695361785,-0.0757576769472444,-0.0231590897697639,-0.0302876025356523,0.0820588655715217,0.0624921115496324
-0.0399261573749474,-0.00840824424902229,-0.00403640390867823,-0.0700291920005258,0.00279064487848364,-0.0508017278530302,0.0753826993746933,0.0606389474789054
-0.0243986957240404,-0.00897349096013297,-0.0170257429109158,-0.0730943930171916,0.0287772851671971,-0.0619911086541571,0.0659778477529371,0.0577192154488391
-0.00398575567270303,-0.00812775511265974,-0.0300031213587893,-0.0675674325568313,0.0472989754701983,-0.0767117937381405,0.0507465341918672,0.0510901364533799
0.0200942983154682,-0.00721020596306931,-0.0365685055290857,-0.0626991873301965,0.0600602290915822,-0.0843304138961311,0.0281859036818436,0.0419798232426789
0.0417213418785805,-0.00198547467851137,-0.0446117960992339,-0.064543450481505,0.0602172760862884,-0.0835429476050373,0.00902219248829405,0.0323633218388699
0.0535739464924958,0.00191952508300102,-0.0518465165689999,-0.0636648729917902,0.0506907927140534,-0.0697052086331078,-0.00639723661801302,0.0249336384281897
0.0655893434065855,0.00314416113456768,-0.0610458781852444,-0.06014221653121,0.0389493771208302,-0.0503741558234107,-0.018294193916051,0.018828166897068
0.0721339218801846,0.0068217234088331,-0.0720878823512469,-0.0590109406729206,0.0266968272222622,-0.0258175927395817,-0.0217526666948265,0.0150317293172218
0.0803703613545377,0.0106317033734537,-0.0742172485146225,-0.0579246795513044,0.00466812484384438,-0.00193721520312354,-0.0343741168534327,0.0082711238999651
0.0808713419863998,0.0148209564187123,-0.0734665825894881,-0.0580453703741431,-0.00970038488521941,0.0208249332080711,-0.0475122610711262,0.00185113332357668
0.0732332803985679,0.0186235245384533,-0.0695856325056904,-0.0547044138412049,-0.0312305334968082,0.0416553811011479,-0.0497629126486452,0.00129587357262225
0.0636090301036193,0.0113659139113326,-0.0722538112969132,-0.0595643634634998,-0.0515192231709692,0.0613431770441128,-0.0508413871873046,0.00796565609490875
0.0526115778340574,0.00929433195859931,-0.0659217694976072,-0.0586066157219065,-0.0649173353881814,0.0693659669811204,-0.0566002431645684,0.00706023396775776
0.0341811817082475,0.0108827895303504,-0.0552235691734822,-0.0532560458594673,-0.0657746272846262,0.0710229504608769,-0.0601655437372437,0.00778428917075342
-0.00115390002001756,0.000510656965658427,0.0560436891914463,-0.0602592405998858,-0.0946482382053494,0.03828323499798,0.0612018467114285,0.0534284052682312
-0.00897937932068736,-0.00275684599518399,0.0515843085613736,-0.0647593969020309,-0.0848452737174511,0.0350583034867551,0.0739501609382924,0.0601784999848982
-0.00790976638311168,-0.00302206902630317,0.0369935882649033,-0.0562128450718829,-0.0706635121746224,0.0286036493088524,0.0885313896300065,0.0614120977750489
-0.00620392272528469,-0.00196230053128638,0.0271532434526106,-0.0583916011949058,-0.047514727897764,0.0116102369721876,0.0895298773765229,0.0631383002842744
-0.00872185766803129,-0.00202582459381054,0.0194196460446565,-0.0551403534319456,-0.0161595049514613,-0.0122249603919968,0.0841012389419966,0.0647298422894807
0.00406481974293841,0.000113293571592935,-0.00422697571775249,-0.0387301400465121,0.00461901176890603,-0.0316078660958431,0.0852089778368477,0.0563697521060253
0.0129459411387204,-0.0127040536992457,-0.0126563702588905,-0.0530490399249838,0.0394460284540768,-0.0524319696490284,0.0640467285949014,0.0603898526669343
0.0230720552455695,-0.0104940309242092,-0.0197521373599497,-0.0522583647209551,0.0580364859507126,-0.0712727731100074,0.042239730326692,0.0577808581024542
0.0350160045890656,-0.00963754909856167,-0.0255263618430457,-0.0521512056835514,0.0677980981582329,-0.0853431554479952,0.0159608766588939,0.0516908389899913
0.0449035118739023,-0.00759969284746928,-0.0312632478953626,-0.0509609055772898,0.0693234012369495,-0.0898698357624,-0.00317026264102159,0.0464725944307893
0.0557792340839216,-0.0024102132631083,-0.0425874242990068,-0.0497293466864996,0.0579603670506507,-0.0812559535946929,-0.0206074499691095,0.0391481672992718
0.0630326295682597,-0.000460999439488611,-0.054613955582218,-0.0463862774906367,0.0468318433031206,-0.0654938004940328,-0.0347914281092352,0.0335544003766855
0.0637055014426957,0.00400062172878209,-0.0620973616307207,-0.0488350718554922,0.0296330940117174,-0.0421123811392865,-0.0440034775347814,0.0300272145576456
0.0629679187214055,0.00855383049455986,-0.0723829824898534,-0.0423626095301236,0.011871592166795,-0.0159883702711289,-0.0482904302287153,0.0236104532501753
0.0612884015704262,0.0122049803477663,-0.0724986570291313,-0.0437838740752379,-0.0073369554861387,0.00570387316275953,-0.0529911629417345,0.0214699587262296
0.0532385292053342,0.0117428936099156,-0.0797251309917614,-0.0449622487697885,-0.0307118288618654,0.0360882610534594,-0.0575642494164703,0.023432529145996
0.037661804433368,0.0084117250900546,-0.0776167526256389,-0.047360215881651,-0.0539916097506,0.057240876253728,-0.0549120227309764,0.0247998168423603
0.0295084327787094,0.00792662581181247,-0.0751468462455731,-0.0453642668034234,-0.071368746340828,0.065284510614112,-0.0574662047873163,0.0249742473592662
0.0181698610166294,0.00651964271621863,-0.0677602841764839,-0.041639948158117,-0.0808076957431676,0.0688143287534213,-0.0590510870965064,0.0269513775288615
0.0220902508267778,0.00629824379812428,0.0650185051865668,-0.0317893407956272,-0.0860118150867902,0.0602994652363368,0.0638181351992964,0.0491501339046175
0.023693709619785,0.00415013081618856,0.0644653884962391,-0.0387002355478887,-0.0747543272126886,0.0573951431421497,0.0742345888885851,0.055141345077681
0.0289079518492161,0.00281762794226528,0.0523400727240033,-0.0352327503620469,-0.0587753766971848,0.0485319321575005,0.0859358410787008,0.05773115799561
0.0306067167725256,-0.0019526598381305,0.0423856962738588,-0.0373991190580796,-0.0315626669383201,0.0319808178511236,0.0867679874561918,0.0630172036715469
0.0323817079897411,-0.00501844890092128,0.0284994690937723,-0.0313135532989056,-0.00565117023947623,0.00754246402320057,0.0843902093388328,0.0640410009218012
0.0359183111374982,-0.00550246175479352,0.0217295137785007,-0.0289139659598033,0.028637978258751,-0.0195433061825858,0.0683291716037357,0.0617755110301422
0.0373878132047451,-0.00904692810228022,0.013000995174007,-0.030584764090939,0.0525704751714687,-0.0395030637934223,0.0516081051335721,0.0608449958339416
0.0459635434235499,-0.0112774810055183,0.00602278490162018,-0.0290093028349356,0.0762051428869228,-0.0707149665163412,0.0272424869221677,0.0596345682583323
0.0450135567392477,-0.00594149216637495,-0.00311083446391049,-0.0246448402106691,0.0815048241783104,-0.0832745905347642,0.00382103711666687,0.055360947456998
0.0466721940079363,-0.00260405839217901,-0.0129221901770824,-0.0248074352263982,0.0781479060263189,-0.0886882652173321,-0.0180192603908003,0.0500481280965323
0.0450374394781246,0.00134250762753419,-0.0263313589022821,-0.0248749124155358,0.0676566051787731,-0.0856585001246854,-0.0367783025166285,0.0453137329242854
0.0448101791503929,0.00557989129032432,-0.0354228604405457,-0.0229059912995606,0.0534627988358206,-0.0733633660715926,-0.0526986245156614,0.0406979760707282
0.044869492898702,0.00856466948852467,-0.0509193779162078,-0.0234753474022271,0.0371174365136739,-0.0530461904786665,-0.059607360991293,0.0386067931202323
0.0352795625620328,0.0074733700080651,-0.068088205094603,-0.0249646681795874,0.0168590849479754,-0.0269808726352793,-0.0579006843379469,0.0400118864634619
0.0284438681981781,0.00717075593732096,-0.075576503454409,-0.0260417728287347,-0.00823812367757139,0.00141503991742737,-0.0603950056445484,0.0410438967141591
0.0202103256366281,0.00855280757106178,-0.081145847754534,-0.0291490914529276,-0.0337692091946993,0.0250590985519017,-0.0638044066865414,0.0430469623082175
0.0126304832451532,0.00778693389901641,-0.0823519664283884,-0.030681792862883,-0.0576129132656038,0.0433479970981714,-0.0630536370276476,0.043584700850476
0.00473745889409453,0.00378997375363742,-0.0811276511930837,-0.0233289583964144,-0.0765255269525894,0.0582503795163407,-0.0585862647132554,0.0437238556305121
-0.00558816487282524,0.00503425757701685,-0.0706160397796397,-0.02400127313965,-0.0832357219457595,0.0644349849841559,-0.0569298012141217,0.040303782322958
0.0393454848348133,0.0153521561468834,0.069640071819923,-0.00754496459809268,-0.0776162331329322,0.0732401531195385,0.0608594419148829,0.0462729682490637
0.0478781853767127,0.0120606025098439,0.0716369022713693,-0.0144751935620363,-0.067999604240815,0.0721036901361287,0.0708708503287535,0.0520790185974502
0.0552062040846549,0.00803447282758292,0.0667022710181618,-0.00927455512302436,-0.0471785529317015,0.0622781801192485,0.0791685613589363,0.0554475934242605
0.0639467135737872,0.00348539527618419,0.055198184773398,-0.00804949947735448,-0.020013153848601,0.0494210692533623,0.0841728713430103,0.0591458932430042
0.0596981450927044,-0.00137794997524933,0.0488928956296739,-0.00464348202822755,0.0127103329422038,0.0204810563808327,0.0742102877375051,0.0612474164168203
0.0633624476754798,0.00187292092484828,0.0405377716020923,0.000830489256921588,0.0375867077042746,7.3785355466829e-05,0.0599329272629352,0.0569789411065801
0.0602323717430811,0.00527880315008237,0.0360038983421737,0.000916394021930664,0.064100206781492,-0.0304930113843121,0.0390955781774715,0.0534247522442039
0.0565357199373685,0.00170732917167236,0.0267296133685917,0.0040499381582447,0.0789970197464476,-0.0587257500413311,0.0168324165481455,0.0542642458998294
0.0479019744663148,0.00488685952848913,0.019295575824691,0.00715317639494034,0.087645590781644,-0.0729843612201773,-0.00515023600084435,0.0524813840345951
0.0316155480123173,0.00415208237492126,0.00893443761033941,0.00723518003658074,0.0869741179640157,-0.0838836529282515,-0.0282642936873325,0.0513163488089341
0.0235956834917404,0.0118826828750769,-0.00593378235436669,0.0061410461339448,0.0749494810808891,-0.0876972177761053,-0.0531689546965373,0.0491503408720656
0.0196442411080838,0.0115675835986116,-0.0223121176758271,0.00436601945250558,0.0588931635938658,-0.0728715945623499,-0.0648809286273669,0.0485481111817739
0.0164210292466971,0.015081789972343,-0.0384950411164451,0.00353077782622566,0.0397542663592702,-0.0541857306212053,-0.0730351672242762,0.0465663750212907
0.00709620055470054,0.0132097948675326,-0.054794947937263,0.00252363981931384,0.0137759657779938,-0.0253424158985082,-0.0746041250970264,0.050903586227365
0.000577226948503908,0.00962365094869235,-0.0683320937137012,0.00124993868137301,-0.0129723760002504,-0.000487973373817399,-0.072705138968232,0.0542370848468844
-0.0122021794751081,0.00918147061821322,-0.0785231834642277,-0.00262513127952308,-0.0402749537875476,0.0247342727788891,-0.067298532787077,0.0572922690068144
-0.0221159290924334,0.00589304867279484,-0.0799321995836835,-0.0067158745033106,-0.0580976729804245,0.0401267269169026,-0.0675957944471832,0.0580215945051046
-0.0243666178351581,0.00789027282958133,-0.0808466444547242,0.00108015196965453,-0.0742594110107413,0.0542068379504371,-0.0630918493411361,0.0529414648698003
-0.0258546697618857,0.00824491932353561,-0.0718030684628883,-0.000578486205994131,-0.086829567180655,0.0653937431484177,-0.059760854245816,0.0495013236869287
0.0559191611608753,0.0163307135895915,0.0758406619940033,0.00993659654765828,-0.065284533201291,0.0844360994483971,0.0600109515886624,0.0480365608050186
0.0671729745652163,0.0149502862020494,0.0747608594120098,0.0133905521632575,-0.059918924321495,0.080172193779882,0.0714148472066198,0.0504154706317789
0.0702190443463099,0.0112445109326446,0.0686611141285416,0.0141652374681223,-0.0427837145965305,0.0753035769810498,0.0764621335490173,0.0551705001623952
0.0797374905650622,0.00882190079380409,0.0649470867927159,0.019009130226324,-0.0144681208527415,0.0571165460354945,0.0730065773055964,0.0568981491262717
0.0768870621051016,0.00745656944017468,0.0608606782343045,0.0289090218588163,0.0146891068998277,0.0341920539293149,0.0660786084008274,0.0558656220651632
0.0772536453198377,0.0113841908866617,0.0564762208463445,0.0262605048563656,0.0424301851542445,0.00400960113051327,0.0486285282688263,0.0530255193072863
0.072350508416281,0.0154794861996328,0.0484826939852109,0.0308264144982018,0.0672836484390556,-0.0189844111479861,0.029485212656186,0.0508257454092305
0.0652468863385085,0.0132068820989301,0.0401577107469069,0.0329384585668942,0.0844542354635396,-0.042313353384183,0.0101604823572974,0.0506679797988498
0.0546658905269279,0.0122985057486444,0.0334994828266839,0.0389419302750925,0.0930944576077799,-0.0623508888425436,-0.0161427000635338,0.0495938468416858
0.033320350925262,0.0149110552159445,0.0210761552660228,0.0410280586483667,0.0942213349677873,-0.0700298053080199,-0.0345761472565423,0.049168419161012
0.00996398050387763,0.0186631813171288,0.0123414930422963,0.032550276575117,0.0758565335537072,-0.0744049571524163,-0.0600092399516363,0.0515336325319914
-0.00491535451266956,0.0180384019883598,-0.00310779313550227,0.0314969813585201,0.0635428797674013,-0.0675105725552218,-0.0725016870023541,0.0538063071210429
-0.00879252394720337,0.0138320442267939,-0.0233738458037073,0.026618193957794,0.0376627877186063,-0.0499069622330943,-0.0785876144265693,0.0562369913501531
-0.0247745095959406,0.00903219041782032,-0.0404591777131029,0.0270663152955609,0.012944109137161,-0.0300113290372823,-0.0809760449270459,0.0631392425196913
-0.0358321413566566,0.0113902707074731,-0.0564871657003814,0.0249141509870042,-0.0165579948403421,-0.00636486579541165,-0.0812409084202711,0.0655725501646113
-0.0440465113494496,0.0108586351113503,-0.0634808922778992,0.0194278145253903,-0.039270859588605,0.0168514957181179,-0.0783151073452822,0.0663553940099413
-0.0467606986755282,0.00722009208725809,-0.0736813127916243,0.0216613827273794,-0.061937458305946,0.0382052217248432,-0.0705592981570468,0.0670846943194442
-0.0477878795688074,0.00881226621383912,-0.0779963371979792,0.0201629780269078,-0.0752264863836699,0.0514159969637331,-0.0658705142830279,0.0633427806989008
-0.0478864006820719,0.00897866074686371,-0.0683277635904132,0.0221850494460326,-0.0812804773239538,0.062050201915959,-0.0616966838044361,0.0575436754213417
0.0603415004402122,0.0191979256543721,0.0807262754327624,0.0335260959849453,-0.0551604053519938,0.0912753316621168,0.0559644832438253,0.0462989148016342
0.0664275273499194,0.0215933456593346,0.0793402976556882,0.0361648315344487,-0.0436144401020022,0.0873958856746555,0.064695606081872,0.0493501172472211
0.0742578923379478,0.0198273622198439,0.0739215051362735,0.0404679772718424,-0.0312529136571212,0.0834208029833927,0.0720741012139161,0.0530390966167794
0.0817574064202878,0.0152778645858239,0.0716335349538994,0.0423942791226704,-0.00940895585498517,0.0685419441939589,0.0658387730946546,0.053951700607705
0.0801572486651869,0.0211580276878517,0.0725315687467188,0.0487779343639326,0.0167302595099177,0.0444674061300035,0.0559149482896983,0.0515607653541671
0.0817111878941101,0.0217429161042646,0.0644345373229757,0.0573219056169126,0.0449849743376767,0.0140645808246604,0.0395863925618754,0.0491664083606273
0.0723765046572658,0.0213301487430213,0.0572340381833639,0.0589418856698907,0.0700328589682581,-0.00915817498280407,0.0216479149236421,0.0509497339826264
0.0588427044699232,0.0181438632678126,0.0491912097839581,0.0613578368267216,0.0862607670710252,-0.0300976700888666,0.00144211945350993,0.0519244450463982
0.0389678287424576,0.0184517724857046,0.0419463424607922,0.0687699094519244,0.0918545297993523,-0.0486998307839256,-0.0224006073143555,0.0529991435833934
0.0167382372939948,0.0180611344204966,0.0327762021361985,0.0700898877877308,0.0900624069002466,-0.0563915381135447,-0.0387916700377631,0.0551517423677727
-0.00807421209502757,0.0227990830979198,0.023895957566402,0.0632951704658605,0.0786555328566716,-0.0613698021563471,-0.0609003612736688,0.054691523530205
-0.0226153767983371,0.0192549385828931,0.0124286619980254,0.0575148527406527,0.0604453223542548,-0.0545993405836224,-0.0735597710282357,0.0591598303197726
-0.0397472668570256,0.0160526489473132,-0.00606387906997153,0.0560399165552281,0.037673486805353,-0.0383572537062773,-0.0781770970896085,0.0639362514962673
-0.055380392221999,0.0124087197462788,-0.0253842301505515,0.0534948707864328,0.0108775808439393,-0.0227324029439126,-0.0807197876668696,0.0702737685689802
-0.0683826948179516,0.013557088911951,-0.0390899229405764,0.048498614435779,-0.0143351795641977,-0.00444975010716205,-0.0850173208851867,0.0728885872945411
-0.0770371045000764,0.010111976987297,-0.0561114025236695,0.0415922108533397,-0.0440378158066724,0.0183700183937544,-0.0780604662955128,0.0770220989990577
-0.0784032218924659,0.0103575517282,-0.0666293573698101,0.0475887901278958,-0.069178939264385,0.0411611121511846,-0.0707138481796405,0.0761471424149904
-0.0725289668188228,0.0111626458802641,-0.0700961225605624,0.0456066098317736,-0.0796999932083622,0.0546383773610104,-0.0657236996653306,0.0693492771989332
-0.0638929608348417,0.0128286228284188,-0.0611679845065681,0.0456513906801954,-0.0787709877928463,0.0666314543508322,-0.0611282790242508,0.0621025428323302
0.0550129233448848,0.0250960512582522,0.0819738558957065,0.0567171105128713,-0.04095272785935,0.0923484127634101,0.0492016196318652,0.0456961860612776
0.0620637597954683,0.0244238630474748,0.082487478147101,0.0565717693315437,-0.0329311938276713,0.0889657836820171,0.0535984724348762,0.0484249303130176
0.0691827939309872,0.0243324860656784,0.0833482358504098,0.0587880573615247,-0.0222076982136431,0.0854980541970239,0.0568346823085629,0.0500406267374365
0.0725444192684244,0.0271870919091402,0.0787626670954074,0.0646376751703889,-0.00490648227929338,0.0744581577105089,0.0543461680953606,0.0494635786522894
0.0720261496551433,0.0267476372954297,0.0710574448565591,0.07202177497015,0.0142121394660522,0.0505372931623,0.0422090677842388,0.0505365630934409
0.0766939237097051,0.0234097797790818,0.0623350640855904,0.0785195931276338,0.0382093128200501,0.0244971948024653,0.0333206438633015,0.0507276461413834
0.0660772600264407,0.0205525558188471,0.055818272396241,0.0771872013991102,0.0571019806419991,0.00770864759331685,0.0141750287378488,0.0527311705027278
0.046899516535846,0.0217986880182639,0.0562704470954418,0.0833281891170601,0.0767259776108823,-0.0200443097578423,-0.0107712649721729,0.0546315573738501
0.0217405132715496,0.0222062312205382,0.050727118453451,0.0853543775895889,0.0864743230939778,-0.0333033354228678,-0.0276507178959579,0.0556333451763305
0.00166261508376171,0.0194940090746091,0.0422565046956179,0.0901962702731358,0.0819053059640507,-0.0441560943954203,-0.0404122149836833,0.0584448773541157
-0.0241634222880866,0.0244415383823853,0.0370787137806853,0.0881765119313197,0.0726037856925575,-0.0476645972943646,-0.0605701063850375,0.0587386344610055
-0.0450173184974624,0.0209001222567018,0.026622671783484,0.0818178603829895,0.0565515071011744,-0.0423409634168095,-0.0733800833876295,0.0648530166528433
-0.0635558511548617,0.0168243870975141,0.010946039068357,0.0788391330870326,0.0384808487699171,-0.0305116801917419,-0.0786917180500276,0.0703738001262687
-0.0779489945527561,0.0136094039800764,-0.00797036891139626,0.0794145692724776,0.0114437706308631,-0.0146515273638421,-0.0830840337663628,0.0745330477243311
-0.0951737565825928,0.00766618831051603,-0.0305597066698131,0.0750808101254603,-0.0169502979476208,-0.000422706845295412,-0.08115775909505,0.0792061257029886
-0.101974423028659,0.00862007201382274,-0.0481062928743226,0.0706721370397204,-0.0467379234588369,0.0217707236356542,-0.072108942759252,0.0836443485713889
-0.0942759403308103,0.0123443068923244,-0.0540427403794429,0.0679993484459872,-0.068525178545006,0.0446938663911766,-0.0676525551033337,0.07815576265784
-0.0860541638722787,0.0127926795398421,-0.0585489215604817,0.0634695136275361,-0.0776913992723656,0.0607287051593326,-0.0650510224347715,0.0732482345849872
-0.0770035230628944,0.0134510943264435,-0.0597506095751031,0.0695469928633706,-0.0775828243590801,0.0695502482586956,-0.0544755640125817,0.0688749812830331
0.0446047621752965,0.0250241711685142,0.0855673526187019,0.0627438330711886,-0.0338726136019441,0.0894619457510556,0.0337942371387862,0.0458245860412273
0.0493093890042294,0.0255907548784431,0.0850689428037473,0.0670016323026635,-0.0251017029692949,0.0842394633064362,0.0385597095829843,0.0506068385934225
0.0561428878490549,0.0273662804302502,0.0831455544133591,0.073661154734837,-0.0111896831510317,0.0815329358130735,0.0412465883960179,0.0503256646394413
0.0613063861505645,0.0252747903447592,0.0760227617351533,0.0758778293109464,-0.00561201431752417,0.0724987589330583,0.0395463980263208,0.0526995592362606
0.059672185341223,0.0291820501645411,0.0738949012914502,0.0851289393791364,0.0123739050797181,0.0561438503538316,0.0265380860613529,0.0524936500883213
0.0622539096463055,0.0242942803247135,0.0664172234921115,0.0865220598600727,0.0309046951594413,0.0398269873920475,0.0192438306499427,0.0540489911426641
0.0496368165038882,0.0205676298658526,0.0564223939629632,0.0871835787885808,0.0406890999134254,0.020381067064709,0.00332316364239547,0.0577109444568381
0.0304135522138782,0.0176907870608437,0.0546262786546,0.0904790760040907,0.0573621875341898,0.000119333677029069,-0.0142537714826855,0.0608567555244735
0.0106137692601903,0.0181751326540796,0.0454537147835941,0.0946295199260405,0.0609819384547082,-0.0123181714808068,-0.023316597423069,0.0629336621921481
-0.00746587416980977,0.0185608636785752,0.0368011491001798,0.100506169345462,0.062659414931477,-0.0231891271562611,-0.0351578899625763,0.0627937648359932
-0.0242948255140684,0.0209306882009393,0.0372752549460344,0.0974138755059137,0.0585527073077628,-0.0257514550611992,-0.0516561624267182,0.0633929840856697
-0.0497663843750907,0.0220543737432258,0.0283363457880249,0.0968483994567719,0.046504068474853,-0.0282538827801666,-0.0697962774500421,0.0673008598075245
-0.0742455961065969,0.0195903703582365,0.0183973581260073,0.0909004804643045,0.0338369797837633,-0.018403656839707,-0.0759120404784597,0.0724014684430597
-0.0849942321460742,0.0150574588254641,-0.000260024654378995,0.0932171882497825,0.00932822953386735,-0.00507940033886359,-0.075427034702163,0.0745424913958131
-0.0944330092289919,0.00726176590106566,-0.0193100982949445,0.0899737383402906,-0.0200992130024292,0.0120130976129953,-0.0699789293139449,0.0798204220741916
-0.0990603701003684,0.00779764800400272,-0.034852923040692,0.0863158369823876,-0.0450030692535881,0.0319638249212323,-0.0637156400279786,0.0804767357886971
-0.100785171383281,0.00902346021812947,-0.0454800168250706,0.0847502611561051,-0.0653521497093579,0.0454640211915676,-0.0619605450283906,0.0801502879164886
-0.0947003322566465,0.0112554331588985,-0.0518008216900665,0.0824938416026271,-0.0700665737524081,0.0611481080122316,-0.0542550237555034,0.0746934085069495
-0.0825192791338264,0.013009385697337,-0.0531794966113494,0.0816544956526581,-0.0697792617773859,0.0702284427851424,-0.0471892587689693,0.0680830618294956
