-0.0122626012795299,-0.0618540949978671,0.0028201866626013,0.0100077352938868,0.00418579159941525,0.0104593217942169,0.0252256188279796,0.0301391905385781,-0.000879061553545789,-0.0101475288209838,0.205096865791023
-0.0110566776938628,-0.0589599547958308,0.00126541247181873,0.00201234380209943,0.000488174747869224,-0.00284159546426144,0.0193903445294836,0.0213557716816031,-0.00156114530039671,0.000538922497513361,0.228098908854052
-0.00880350514154882,-0.044641533329729,0.00106736965445332,-0.00491144460196905,-0.0130134563360754,-0.0202686960102921,0.0243430772944132,0.00517757939188838,-0.000447194114829561,0.0148907059170022,0.241790550553543
-0.00288772567137991,-0.0305727022334521,-0.000232008892209683,-0.0116488419901695,-0.0182076941681323,-0.0318823740064866,0.0347141293190954,0.00175079634953676,0.00405831992995365,0.0216137625506857,0.227913040064109
0.00400074973196798,-0.0150900376319179,-0.0058627033978225,-0.0177644322202784,-0.0144563931694485,-0.0421066564369116,0.0551919018948463,-0.00235490278044438,0.00463754430148404,0.0282962911936112,0.207632822245498
0.0098669873267291,-0.0175252254264673,-0.00810383564528031,-0.026562635978361,-0.0133743935054625,-0.0428913762177562,0.1395896065728,-0.029988562494097,0.00350339428416636,0.0419507378251043,0.162719950058642
0.0182899787827389,-0.0149367153749256,-0.00878088820127102,-0.0326977299372158,-0.0195447802608084,-0.0368277966699602,0.168819364775511,-0.0311545932869308,-0.00112705688308563,0.0444090753534153,0.129746000659712
0.025481953858992,-0.014205944605942,-0.0139604342312695,-0.036854356275614,-0.0264019633009518,-0.0346781696913061,0.191245880910095,-0.0298933359620729,-0.00474891850812937,0.0461486659639553,0.099205670649438
0.0191719809066357,-0.0223830391933972,-0.011500496440318,-0.025895247028956,-0.0162055168105586,-0.0255596284154208,0.211439129575153,-0.0240236869852146,0.000541874239832063,0.0355082092157902,0.0681890371148961
0.0198706173705554,-0.0258736035261501,-0.0154397128071947,-0.0156267833348287,0.00440516518944336,-0.00400626459627619,0.215065157633858,0.00213767223093168,-0.00157132080217551,0.0132715254416152,0.0279332734502291
0.0117604237737057,-0.0369925139248653,-0.0151833633758628,-0.00753660907159359,0.0100409396783012,0.00753814111700799,0.21711855821231,0.0167511231212629,-0.00560613270108733,-0.0018979466971066,0.0119260726199536
0.00677700083497965,-0.0483895436914726,-0.0162775083720662,-0.0105538156229212,0.0105682948676904,0.00655740732436976,0.2131851358096,0.0371343526862058,-0.00763540005660012,-0.0106951882516657,0.0009717063049
0.00818895967309211,-0.0612379811463988,-0.0152885286293496,-0.0101081908122437,0.0135334371417132,0.00573029572045999,0.199613411219424,0.0603744072763544,0.00204819595803131,-0.0146273287797562,-0.000393681723896117
0.00855541014076299,-0.0650564393409841,-0.0110967691188586,-0.0114421744685758,0.0180202117600707,-0.00317025551073473,0.152677979029973,0.0960816268308219,0.0144426621779281,-0.0233997897592642,0.0160687170373355
0.0109457696105381,-0.069149753611419,-0.00979141983602491,-0.0109128758439826,0.011858313994435,-0.0168075279626093,0.0931474497914287,0.132799881274304,0.0245364526891573,-0.0335435585196247,0.0365141753684364
0.0136489692735465,-0.0722150340058197,-0.00810050939515914,-0.0127408518623301,0.0177706036587124,-0.0244265675216031,0.0688710939457113,0.151292663061687,0.0339343783421944,-0.0363796824263401,0.0441927006773049
0.0212416519276165,-0.0730768643634493,-0.00825963300845411,-0.0096780062503315,0.0193780158121947,-0.026809559825996,0.048145933928785,0.165097690168979,0.0397549551635916,-0.0367755088247789,0.0565736196058832
0.0229982753091989,-0.0769672120748622,-0.00793651272440644,-0.00798962991251179,0.0177698944166584,-0.0320093704945907,0.0331880852415409,0.173522958345669,0.0405589382949394,-0.0381854862847872,0.0695241615962646
0.022979668117794,-0.072237203476414,-0.0076260882233239,-0.00706446827266046,0.0193354696583467,-0.030720356651433,0.0266848764571638,0.171454046962888,0.0380545634195096,-0.033935300423202,0.0778598092386442
-0.0143708791769754,-0.024247251462884,0.00554433519700765,0.0211802330533093,0.0105016898756991,0.0269806884137071,-0.014317607161954,0.0273949364400338,-0.00252393678920399,-0.0251797824097826,0.183470348485182
-0.0154834220413473,-0.0195071163684198,0.00766781969468155,0.0122763177223206,0.00326345895203961,0.011622063947,-0.0182530037262912,0.0145102837912997,0.000854371800529952,-0.0111116507423781,0.204574592529976
-0.0121928556922527,-0.000317204442171806,0.00542978534782453,0.00783563009879939,-0.00114751328312115,-0.00152644256961935,-0.0179107148976504,0.00813399525786328,0.00466496751753002,-0.00143805116981651,0.205038646041461
-0.00868179176551718,0.0178693816168722,0.00814715029170764,-0.000980934457049351,-0.012573698944847,-0.0197629854436832,-0.00803963139959063,-0.0106284824247505,0.00566454512296321,0.0134887636939056,0.206193964445412
0.00551147979044284,0.0401271288357346,-9.44550757548263e-05,-0.00870606984858177,-0.0173280941599176,-0.0361440390039988,0.0166022022207146,-0.0183576594743253,0.00669298459905298,0.0227404278183456,0.181868531663818
0.0193739967286221,0.0527495998957972,-0.00720361615150908,-0.0180593553990049,-0.0163639956610945,-0.0433709001326204,0.0807586796238451,-0.0356487949737826,0.00837304554511264,0.0345441272057564,0.134108688425712
0.0187185656633001,0.0618896322502322,-0.00455359321000952,-0.0224932912904756,-0.0255435491241178,-0.0459178851243156,0.10592205161711,-0.0354949297200099,0.00446611847841905,0.0402943887634469,0.101692502797047
0.0262662417308082,0.0571492834852844,-0.0105968448542057,-0.020093653373572,-0.0152025421737777,-0.0353280012787678,0.159356698673384,-0.0388019227689062,0.00152726102761585,0.0330530629774496,0.0525696502084086
0.0225078668501689,0.0412812652634045,-0.0103255276449368,-0.0183768122192758,-0.0117373829890041,-0.0196289197026136,0.185762655063786,-0.0343358261822453,-0.00337063506410518,0.0237289870578068,0.0183815361215336
0.0168914465855151,0.0343935008756709,-0.013118570617415,-0.00295464103063667,0.00540796860036649,0.000952956979638851,0.196697384307586,-0.0132798970017117,-0.0046766378039064,0.00284861355212783,-0.0246264425977953
0.00395745670887052,0.00449947101228181,-0.0116678779949339,0.000922999199132357,0.0103910535465662,0.0135782797776467,0.20475102498871,0.00207270826826414,-0.00958378961918722,-0.0100406478855941,-0.0401474800931802
-0.000877406645783493,-0.011316840738159,-0.0113512715646367,-0.00245207895306806,0.0109525169418219,0.0155804146342226,0.198246481931223,0.0197962374607677,-0.00763988209495635,-0.0204883107570625,-0.0458816973335122
-0.00962956326393654,-0.0228574217695226,-0.00640240697034781,0.00355558162352159,0.0108861895540981,0.0135034264318922,0.165853343593382,0.0528503946471698,-0.00377837617355896,-0.0296735093461917,-0.0385179231695876
-0.00591887748173739,-0.0348200889989146,-0.00456933363745952,0.000229251184813612,0.00969369758257982,0.00466745885725552,0.144520213304856,0.082892839508054,0.00304553370778842,-0.0358206933314356,-0.0338419985839257
-0.000794299813833941,-0.0369252534675694,-0.00266502048303911,0.00156021311335779,0.00417523703248402,-0.00733311015121501,0.0670975493381609,0.127696626386376,0.0182097837568041,-0.047299876887507,-0.00508114109920281
0.00341202692326959,-0.0367486419034544,-0.00276870715525703,0.00152245875960359,0.00901200302431103,-0.0149184695109421,0.0339643858161307,0.151343950410584,0.0214146034964447,-0.0517796161972134,0.00494649595275906
0.0103226076820292,-0.0382300146161472,0.000589146946997123,0.00268448757903869,0.00864208766417802,-0.0217246753084138,0.0106354803863051,0.170750092374181,0.0293938412763112,-0.0514562732090399,0.0155444714203307
0.0181609681957178,-0.0439726346884733,-0.00374270895802331,-0.000158132731831456,0.0091880575543639,-0.0277116761282064,-0.00350207815243475,0.178526522995015,0.0336236375286686,-0.0525728577891005,0.0280359263205381
0.025561861558046,-0.0405958904212259,-0.00650709812416519,-0.00197604560888816,0.00648217029511913,-0.0283261835088922,-0.011300004008821,0.172274003361711,0.0325286668302809,-0.0489847357738119,0.0376640877378322
-0.0163955528683791,0.0102982637796564,-0.00153653818953941,0.0315888231771795,0.0159176200989625,0.0533082194226013,-0.0373431642338423,0.0210830157763467,-0.00232900473553338,-0.0397842251263974,0.151033310384698
-0.0112424881132621,0.0228594966691636,-0.00123876993863941,0.0245759325214611,0.011813954003488,0.0408092257717731,-0.0447695381740483,0.014468461677376,-0.000318807258420328,-0.0280881983852746,0.165423277340788
-0.00638229762277772,0.0507952909715902,0.00167870990232989,0.0126493593631635,0.00401742400588245,0.0195100148741619,-0.0462512174313899,0.00649874280758495,0.00629759450512194,-0.0138543300992097,0.168285366217659
0.00310647271165051,0.0741678854241342,0.00286978303836088,0.00395722991164907,-0.00691095036879488,0.00175301348033312,-0.0367348750652433,-0.00852646980607128,0.00765597327327618,-0.000761695558839465,0.159514912929867
0.0262780772541326,0.140878746376602,-0.0015458589748398,-0.0106426340990716,-0.0159864221313549,-0.0391795112416214,-0.0280599257188801,-0.0139175380393013,0.0128081705632538,0.0200047256836293,0.136869498249897
0.0335121035247358,0.146501327126707,-0.0106242202532501,-0.0125392342201763,-0.0111570062595422,-0.0447114548268654,0.00845880313767673,-0.0163348472498381,0.0196107501565701,0.0176909312924866,0.092658503926087
0.0279584594324138,0.145822177972971,-0.00705954615794726,-0.0155164597881785,-0.0124588541534422,-0.0465607537782663,0.0372927382654181,-0.0155712397111848,0.0176880315869282,0.0198185531715229,0.0588231116219261
0.027328128250267,0.138546860019635,-0.0139026470780598,-0.0107848148941299,-0.000540455892486688,-0.0392471933099174,0.125343575442429,-0.0348915688840543,0.0113969574728345,0.01826326868348,-0.00353613112859867
0.0170813742647552,0.12093181138093,-0.0109653932750413,-0.00673205382665364,-0.000861978258403062,-0.0244103837675464,0.150672114775432,-0.0314588402654456,0.00793262847923461,0.0124357824054841,-0.0346344997464521
-0.00211536338827539,0.064685302683349,-0.0106176707754792,0.0062128440824835,0.0099588130877589,0.0051732404404229,0.174133458070487,-0.0217692048887747,-0.00247387346967405,-0.00940217182236906,-0.0547014424883588
-0.0163053531753754,0.0370599483888222,-0.0107430352494165,0.0101347521760107,0.0146144847698958,0.0170026278623401,0.178634776338648,-0.00382237219272797,-0.0105390843523768,-0.0242188666800983,-0.0693002869746776
-0.020651399677774,0.0160324659193259,-0.0127552648845097,0.0125941531232233,0.0119665177698407,0.0191643762368698,0.17211683602294,0.0132101984475547,-0.00837524229829994,-0.0350141737823079,-0.0751346299102736
-0.0246285853027677,0.00682802307110604,-0.00644501736961667,0.014099471185266,0.00656824310987351,0.01759707307105,0.112448803316863,0.0559406748583128,-0.00217875721493578,-0.0487341010816973,-0.0578846867906833
-0.0197332659813714,-0.0113611709909198,-0.00291043112570686,0.00760136271154489,0.000402976862934724,0.0120871143864619,0.0920511832681637,0.0804049325498783,0.00203629276686187,-0.0538472255123283,-0.0490929903077808
-0.00898522476420193,-0.0125940269983187,-0.00226791165436848,0.00241515017136042,-0.0101085322020521,-0.00350422526138478,0.0364384769795927,0.120233026470534,0.0125739905339568,-0.0598269803409221,-0.0313008178299083
-0.00282715018592774,-0.0123754251289494,-0.00351016602993431,0.00323989582417258,-0.0114843497006519,-0.0125109312370516,0.00711479147056926,0.145961286798165,0.0171205256502332,-0.0598429481386726,-0.0267909275197432
0.00995380046419474,-0.016579741873491,-0.00404395548454691,0.0015450407222987,-0.012811451316251,-0.0206870924062879,-0.0204807312564856,0.167512810621972,0.021079706241153,-0.0603319585077951,-0.00943715255265141
0.0220281873238209,-0.0182176702118875,-0.00405885478406633,-0.00314272144159926,-0.0182767771137741,-0.0208497274208276,-0.0307762050315657,0.171412013760132,0.0247180633998982,-0.0564241151983986,-0.000549314464377866
0.0289196586352292,-0.0137912144987058,-0.00502660611954723,-0.00871492038494728,-0.0294242870641479,-0.0241671584311408,-0.0379902518014928,0.170049064825334,0.0194958435646597,-0.0462777723381429,0.00539427052152636
-0.0145765954346572,0.0262950199532362,-0.0086424977726757,0.0347159479862562,0.0236555920543033,0.0849181280410876,-0.0458923856079807,0.0173962588241463,-0.00213384625974125,-0.0457459675082548,0.114308433233422
-0.0103001197204539,0.0419953988986296,-0.00728821983355883,0.0323862440407633,0.0248684477091655,0.0784785844230977,-0.0559639871568852,0.0111956204583499,0.000270249819908321,-0.0435454796543807,0.126419103516443
0.000381480651999705,0.0855847183388724,-0.00785903442231485,0.0196323865680562,0.0224682141737957,0.0465539384777185,-0.0648569982784726,0.00933488772569335,0.00672126293006211,-0.0315793161219846,0.123076574370862
0.0204050006226116,0.142681481863243,-0.0107572612946868,0.00659324789012272,0.0113844133207054,0.0158384763970699,-0.0606579964003634,0.00351447031089016,0.016171133042034,-0.0160869356699394,0.0978343683537869
0.0266141423731479,0.162997569774689,-0.00816651122100265,-0.0120715861111484,-0.00407017366027683,-0.00413843106038479,-0.0438029193591492,-0.00344530836246428,0.0116762101609219,0.000960749883838611,0.0795098273485629
0.0265640207384697,0.173764896407289,-0.0123073386093466,-0.0109584350512404,0.000695888905789979,-0.0162130447767924,-0.0194269438923795,-0.0049859673670334,0.0175152460802021,0.00278795821215252,0.0480492563984061
0.0189753050406522,0.182509091356064,-0.00324504336531372,-0.00972172044465907,-0.000262317826041766,-0.0287800982043299,0.000181714434566892,-0.00332250241011826,0.0243324842885654,0.00144538361079653,0.0203390843234591
0.00512828551310214,0.171674686538507,-0.00593051838853168,-0.00267816176176624,0.00527823401468029,-0.0329655432262011,0.0374463568140463,-0.00552432636334296,0.023193190452537,0.00148740070808687,-0.0127079859335755
-0.00989041854063243,0.158143162778167,-0.00695926416372007,0.00471609382619478,0.00921140721290684,-0.0312989147663904,0.0552000800440396,-0.0047847517683023,0.0238161095628859,-0.00848866564026652,-0.038996640902789
-0.023252916661637,0.144781438315212,-0.00989675067651397,0.012614157165093,0.0147248150236238,-0.0180671715930121,0.0692498808857042,0.00172598483196275,0.0137483934640982,-0.0252541349233601,-0.0668171258818585
-0.0500453632229463,0.0727473393639648,-0.00692973944938603,0.020085559702594,0.00783932338188857,0.00970121661083091,0.0768383458552915,0.0165267084415093,-0.00129369163130853,-0.0410179352709834,-0.0668356461611339
-0.0510497944481962,0.0442315687285209,-0.009717008395346,0.0200563958928621,0.0056236630401282,0.0131241954073698,0.0781558119717606,0.0312025324470486,-0.00785953075136697,-0.0525535328741351,-0.069340051796915
-0.0455802681681811,0.020285874531166,-0.00436752264977263,0.017908884648699,-0.00531387263266861,0.0152855167846579,0.0613937308564876,0.0543921000681031,-0.00204780743204428,-0.0627416470486746,-0.066271898305829
-0.0369161482268766,0.00512791458120594,-0.000849305626364833,0.00866611101707061,-0.0213559628370287,0.00649125718672265,0.0383820023068021,0.0805347804275934,0.000217373248678062,-0.0630014590555733,-0.056886726690937
-0.0232170707516891,-0.00212545570430165,-0.00676820483067643,0.0057203805852948,-0.0293887222579578,-0.00392516263207062,0.0114203132563518,0.107043569473547,0.00601032921260921,-0.065639704533407,-0.0474143847580829
-0.0126766736581277,-0.00209973713141091,-0.00676756514555442,0.00286388008731215,-0.0392746277821026,-0.00693624522244799,-0.0180408676015731,0.133926481938482,0.00495378696514394,-0.0659378838537058,-0.0431185156080383
0.00565995654383145,-0.00269577044722603,-0.00934903036550213,-0.000654607969022998,-0.0490439757062595,-0.0175899151822073,-0.0399167056661409,0.14691130061127,0.0104196334790956,-0.0619902897427249,-0.02783920074281
0.0234434714123921,-0.00113652521166563,-0.0100739281709671,-0.00550958729568701,-0.059291584568312,-0.0185423228035395,-0.0570428353632652,0.157005793346603,0.0108873882510545,-0.0554148029107433,-0.0177225210450427
0.0362926944547863,0.00468976864211201,-0.00958439889016479,-0.00870630307927803,-0.059010400190627,-0.0240718451336286,-0.0621422170669156,0.156763893415888,0.0133429353011039,-0.0514254840890525,-0.0123029059276622
-0.00602609357175114,0.0331906745271956,-0.020135248188855,0.0353662890448838,0.0318894372053726,0.120901101420474,-0.0437864247961945,0.0130309071110822,-0.00593870384122546,-0.0529666429925362,0.0792230338587429
-0.00497060236075278,0.0452798452189907,-0.0213411366544904,0.0283357035675147,0.0284768959675725,0.120052375177625,-0.0530232285206835,0.00872781846379525,-0.0124373014993561,-0.0493442571029888,0.0853196048165953
0.00656259644868607,0.0856809773058722,-0.0236000948624347,0.0180350928535162,0.0229336012188128,0.0940683600853172,-0.0634228914706467,0.00917132060083579,-0.00787006746378515,-0.0414609020055112,0.077753953308597
0.0189668994655637,0.143157462367916,-0.0216259645787523,-0.000163825888292902,0.0175354118310665,0.0565462577796146,-0.0618265269917527,0.00748740946339732,0.00422247429508365,-0.0208416094494592,0.0511612002825762
0.0194528449844331,0.16351101690627,-0.0151643673955687,-0.0167779581145756,0.0112224937662304,0.0300442199338098,-0.0499024390495695,0.00240828658842705,0.00903321138529694,-0.00683981458964011,0.0367322287923464
0.011248905989201,0.178802398384118,-0.00615978216468762,-0.021849159162965,-0.000763382683344768,0.00335603487319129,-0.0316467010919861,-0.00189827108282,0.0171981866302583,0.00574732260774995,0.013087593853436
-0.00441710375813111,0.182524605694204,-0.000657816543633137,-0.0114767860433106,0.000953583781052372,-0.0114132949914342,-0.00927120330276364,-0.00647893555463753,0.0206275343547494,0.00240419176518075,-0.0107830167770922
-0.0185769129359755,0.181252906949419,-0.00043154413074171,-0.00578096732800674,0.00432911566574023,-0.0265290021973993,0.0116444740792516,-0.00674459959010227,0.0237132997881145,0.000745479096439077,-0.0339775455808972
-0.0370532562277292,0.165765766659302,-0.0035758497010281,0.00216651352281704,0.00643723080368457,-0.0236710881509518,0.0275324416331743,-0.0108563356474356,0.022053059415575,-0.0109482827677341,-0.0542191348330741
-0.0596029886020786,0.153862141399022,-0.000166925976551468,0.0127872732144873,0.00547390041003921,-0.0233872668100998,0.0319167554039931,-0.00368161326259102,0.017958039963807,-0.0267093201498501,-0.0776663559520387
-0.0900206164546792,0.0815134235356533,0.00204063970166054,0.0222890566862029,-0.000578392469015499,0.00178414544665206,0.0413514552679023,0.00215797617661104,0.000633468177744133,-0.0447029251242657,-0.0743805298535035
-0.0973782163173327,0.0385889762350591,0.000853647810734957,0.0243482626168202,-0.00870749213409211,0.00897000780218174,0.0367275956975739,0.0187906956865032,-0.0059346473852475,-0.0570749595809911,-0.0643250988274931
-0.0884440874600356,0.0218233148135721,-0.00300400059879943,0.0268956438368205,-0.0185622901277285,0.00821905427522485,0.0229645106957834,0.0414631428597073,-0.006745504963131,-0.068387477351115,-0.0663985166791873
-0.0660370178025282,0.00456409225990293,-0.00871522267995449,0.0140122239760739,-0.0407144346331868,0.001326928637244,0.00595491413665604,0.0588687482504598,-0.00603091860916996,-0.0683193582133085,-0.0562129182631397
-0.0402326055629007,-0.00223639598563641,-0.00965534539046754,0.00186961894295634,-0.0638939481633595,-0.00465590840049243,-0.0107560722104759,0.0778864745800104,-0.00582547617209403,-0.0641026545622239,-0.0520027728930868
-0.0169399368574863,-0.00313939163192207,-0.0127005106746271,-0.00698849433649192,-0.0821657959646119,-0.0122803605338762,-0.0383139043289285,0.0979658650485654,-0.00991258323557202,-0.0616033952807884,-0.036863155513959
-0.000865196442947337,-0.00518075537627387,-0.00932167549458897,-0.0138338823700272,-0.102061742549237,-0.0162283008691804,-0.060588273421524,0.114542975340308,-0.00811859597158673,-0.0534257102749853,-0.0258192427315068
0.0241363131090661,-0.00102329635221629,-0.00692514354585122,-0.0210448253568254,-0.112745113828877,-0.0203981489060427,-0.070999433818818,0.123821994430051,-0.00601020571415924,-0.0463235174078417,-0.0204225116464647
0.0347883115001477,-0.000330618399931887,-0.00832775561328263,-0.0207255943209046,-0.109272661209558,-0.0217919367491708,-0.0734605114599849,0.123049326038538,-0.00402348120428599,-0.0434805372033198,-0.0140157902756873
0.00152471310755143,0.0175277145838517,-0.0269601246100337,0.0275946108001497,0.0285764909368533,0.152348393957719,-0.0390706089604757,0.00775425796311034,-0.0101049904296202,-0.0482127319558372,0.0545151695770707
0.0017457970829629,0.0282228588651267,-0.0285963487547096,0.0232342833446383,0.0288107952522119,0.152659237536986,-0.0415981330927357,0.00882156853965349,-0.0139310609963879,-0.0458857017581341,0.049230024099128
0.015448898048227,0.0774426925417007,-0.0307388146641514,0.00926292397036728,0.0269938820278574,0.129669423954356,-0.0501811952090166,0.0076164152955627,-0.00950930901403008,-0.036533417350719,0.0343838083023468
0.010757527589913,0.0948316204390366,-0.0243734198127261,-0.0148548599708507,0.0182375877758399,0.107958507838713,-0.0460613277816616,0.00448290421948072,-0.0131071053614277,-0.0202803984216516,0.0212635162797808
0.013927776716014,0.145302229985562,-0.0150567452874957,-0.0329448785963607,0.00766457958747745,0.0664172722884946,-0.0423948175199741,0.000286131332343209,-0.0036097112915375,0.000397422903677624,0.00290369115009234
0.000645315498723162,0.152298589826633,-0.00714120011082905,-0.0311779527992912,0.00174976606590398,0.034776227293772,-0.029679042766765,-0.00583422388566888,0.0117600905908251,0.0107073929206269,-0.00716844805564148
-0.0307714633005578,0.158001904881237,0.00482379831214197,-0.0250854696850096,-0.00046492795196813,-0.00149159781433821,-0.0128610361377175,-0.0115639674455959,0.01864977508409,0.0147531287269368,-0.0231713645067619
-0.051883380998027,0.153967661601828,0.0067766613658926,-0.0182707049924326,0.00206480889887787,-0.0228338777136882,-5.0794460344894e-05,-0.0153474860891837,0.0236800665723365,0.00849530596604548,-0.0390541778884008
-0.0839327103020614,0.119332300814362,0.00976412689194571,-0.00341808820561863,0.00418737535019984,-0.021256774464725,0.00872449466608712,-0.0164423850132979,0.0232350410914925,-0.00696866099532364,-0.0475152044641289
-0.102012029890038,0.110242256982206,0.00744082867352342,0.00986324499606284,0.00214488089951451,-0.0243141297184411,0.0117231076723901,-0.0105374879846863,0.0160181861973989,-0.0250237661393523,-0.0654414379104729
-0.134226404395,0.0494276924780784,0.00797547241008079,0.0229994811515254,-0.00571797704405145,-0.00422753776357073,0.0139487072403613,-0.011201740990994,0.00281987357701651,-0.0454712101819858,-0.0609954267053187
-0.130411355985936,0.0266916157553954,-7.68327292970049e-05,0.0232255526409165,-0.0204697314698893,0.0010623246614651,0.00991615762177527,-2.69418290951768e-05,-0.0090883425004663,-0.055163502514766,-0.0580761963917843
-0.110041259342404,0.014363576845144,-0.00748868359421592,0.0235253829193516,-0.0303444271078744,-0.000890600012798194,0.00263005276450018,0.014860661839271,-0.0100515794642058,-0.0662993125174338,-0.0561250926650554
-0.0895766741108636,-0.00073698059349715,-0.00914994609976459,0.0115940433786112,-0.0590886149230723,-0.00996926409546596,-0.0110398486005713,0.0267066346469241,-0.0132072677624076,-0.0618857647713687,-0.0431734920976608
-0.052569659952809,-0.0100123406693988,-0.01274219513884,-0.000892544492982789,-0.0893001865533754,-0.0152734308345319,-0.0289921411019858,0.0383445349750962,-0.00923271253243637,-0.0618285420265637,-0.0360520453182164
-0.0182533492589076,-0.0109351405003356,-0.0148297441631185,-0.0152103061669876,-0.120933127582252,-0.0185467449745269,-0.0493075854084079,0.0525097424213588,-0.0204913027810795,-0.0591556568400995,-0.0283259172357893
0.00700700226800235,-0.00492523688371891,-0.0126939654478464,-0.0209572471962841,-0.138398291934692,-0.0223460548705667,-0.0667076886589291,0.0685082345247102,-0.0190163540976692,-0.0504925632265055,-0.0187451607135864
0.0350089279131399,0.0018507958184897,-0.0139745802528593,-0.0253303878038412,-0.132134657851363,-0.019524356596405,-0.0693254652278153,0.0798952204235573,-0.0136624969290056,-0.0484600803347525,-0.0170701731905532
0.04554834113707,-0.000657583864001946,-0.0119496789290036,-0.0255280452430758,-0.132141558455076,-0.0156135173420067,-0.0689924014938247,0.0816621314444127,-0.0114318175467437,-0.0436698467762087,-0.0127723051485028
0.0113377489124461,0.00400643276349443,-0.029100283006285,0.021263765253434,0.021995009783264,0.177607883727035,-0.023820443351497,0.0033616202684404,-0.00769742944106755,-0.0368623773418507,0.0222310179333149
0.00881260759254356,0.0117533181597511,-0.0299565468504856,0.0110653644427542,0.0201241998741321,0.18166486239989,-0.0287360666150879,0.00331056053894016,-0.0127793493773409,-0.0299914240964834,0.0181064267598072
0.00864626744788729,0.0345903795376981,-0.0305856168958995,-0.00969996946069051,0.0209530923836532,0.16133500807345,-0.0288219529364885,0.00342622358830145,-0.012542002208088,-0.0181233303960615,0.00779914979495825
0.00304171502541973,0.0513747272677912,-0.0209576912389726,-0.0273123789175088,0.00758144581185934,0.140524940950864,-0.0238577935866676,-0.00387540129745448,-0.0174478631792291,-0.000106747845782905,-0.0015397592203599
-0.0103577011472987,0.0783765305547543,-0.00843119467494812,-0.0454913918385218,0.000116853479841635,0.100371901794116,-0.0242138441799829,-0.00619028261929181,-0.0129774736172046,0.014495516292192,-0.00812626846463597
-0.0303218878566222,0.0951311932094445,-0.000460079926855201,-0.0458859283034106,-0.00214068229413806,0.0556292973249762,-0.021342582919991,-0.0119356738893765,0.00281561938387434,0.0260453747261502,-0.0134368965663313
-0.0655469781082932,0.0851420785285694,0.00691133170155459,-0.0431729243842165,-0.00833095674395207,0.0225951614247372,-0.0135949751232884,-0.0169289135226127,0.00824134924337766,0.026976873663804,-0.0205418641084419
-0.0942437604106819,0.0794152708001554,0.0150768250329018,-0.0321835110468308,-0.00252835644054872,-0.00542768915278011,-0.00426024195472936,-0.0193887019625923,0.0189221513261693,0.0228957497953776,-0.0273566873714863
-0.125656548239008,0.053357571175845,0.0198278681989802,-0.0153657466584057,-0.00176955006126739,-0.0150831324057944,-0.00169015588933111,-0.0224443145199699,0.0202615673702702,0.00591649081046541,-0.0282480401557438
-0.144186967000335,0.0358734785998231,0.0151968255032821,-0.00150375463529237,-0.00339714728771056,-0.0218711189287734,-0.00271767472314918,-0.0220171246234059,0.0124509713226075,-0.014986604995755,-0.0304774041103282
-0.161000346086893,0.0215751759881307,0.0114801194098357,0.0130008673519838,-0.00960695033344417,-0.0137543319840059,-0.00971566703198392,-0.0261214237010214,-0.000468942232099668,-0.0381507914864179,-0.0373939236436283
-0.153947299118134,0.00859370108729592,0.00400057534289143,0.0245154546714045,-0.0214038505654071,-0.00854692417325408,-0.00819343072432675,-0.0220582693995246,-0.00467263098406982,-0.0531036153682997,-0.046918119244729
-0.12429200939743,-0.00713361758875867,-0.00779364171394119,0.0208799411065328,-0.033597548470477,-0.00927385628204496,-0.0106774170114403,-0.015341827470798,-0.00671308068443633,-0.0650486195531922,-0.038367716434882
-0.0963916936981505,-0.0175828478205475,-0.011597477256426,0.0144534618395866,-0.0682674759320006,-0.0111020221941296,-0.0186674962042801,-0.0168836098388836,-0.0113510814883921,-0.0658864333260452,-0.026903231751768
-0.0554203205504059,-0.0198583008141822,-0.0154449755578193,0.00552381390769738,-0.0998130446155128,-0.0167860198942378,-0.0330770239987168,-0.00830764334799981,-0.0141451828239078,-0.0630614687050498,-0.0166628039153229
-0.00902837098772131,-0.0188801998117846,-0.0205890710728876,-0.00948230761164181,-0.133455684164339,-0.0153262170409759,-0.0436428940665184,-0.00281382260778063,-0.0204053869978507,-0.0590434574687071,-0.0109964133249199
0.0250222256813188,-0.00918769279822882,-0.022137791013772,-0.0223277301146118,-0.147302067170171,-0.0171731870044573,-0.0586289412712713,0.0161276860733099,-0.0221142901661452,-0.0544616360230423,-0.00852731267050666
0.0454511013868132,-0.00678758752839003,-0.0206883612506993,-0.0269101959486937,-0.150178123160209,-0.0171464689165842,-0.0635580711020343,0.0313441400371116,-0.0167276670886497,-0.0501928414824482,-0.00984509212598834
0.0615366837985544,-0.000933953304367722,-0.0185294929871324,-0.0298005748663958,-0.141959085265946,-0.0104678793771971,-0.0543434482948822,0.0376243594202143,-0.01252881618032,-0.0434537555469497,-0.0142324324288803
0.0167272330666574,-0.0144716168403253,-0.0244703067234046,0.00356715862399361,0.0182763032906125,0.196557522125235,-0.00966447134613583,-0.00163256240240625,-0.00447884395249459,-0.0201658475042417,-0.00535550008299717
0.0138219666451542,-0.00934583011296578,-0.0240935516617447,-0.00554393719924852,0.0131020351128484,0.198203814939556,-0.00788437012809773,-0.00529014854407683,-0.00389629650853188,-0.0108423988737895,-0.0105739181313017
0.00815172332085312,0.00367636071295479,-0.019160148898748,-0.0273139902040606,0.00143004571561095,0.180709882312137,-0.00744443996184415,-0.00983483464029111,-0.00589535306058915,0.00756556474259108,-0.0165888658878663
-0.00217241482647357,0.00972876484603604,-0.0149266189568643,-0.0524396135282677,-0.00479425663807167,0.152407589951181,-0.00792357757617653,-0.00884011210379145,-0.00891599614143908,0.0240663073511145,-0.018084772000674
-0.022411142272896,0.0209385364539724,-0.00344921766762928,-0.0653174178284986,-0.0129434505941786,0.109494801117536,-0.0121215513459579,-0.0113225055137121,-0.00711921965850971,0.0386588775306807,-0.0115180819197937
-0.0448411027880249,0.0284022602897203,0.00438132904028514,-0.0696317081224011,-0.0144401130035547,0.0683864582271032,-0.0090259282348149,-0.0130778524228486,0.00166580864189807,0.0464657992233848,-0.0155961465210776
-0.0809706010921027,0.0225529612115852,0.00826909318108779,-0.0615107581455285,-0.0118307848870461,0.0321594912194779,-0.00763502617516302,-0.0174868771289218,0.012899745833504,0.0445764014468547,-0.0168978728083337
-0.107669466411689,0.0223798911851646,0.0150004885106266,-0.0505491041330812,-0.00511395095177677,-0.0031878695803108,-0.00882151643348612,-0.0183370424225803,0.0227924234062527,0.0338078370847606,-0.0166908229911244
-0.143833285384077,0.0113231316721545,0.0202490182660554,-0.0298570465009801,-0.000263611444590185,-0.0242719247737838,-0.0150779715726625,-0.02045481558593,0.0260047860825147,0.0156346982570454,-0.0132455580741243
-0.152482188615492,0.000558525097729418,0.0161399577300604,-0.0142089964044258,0.00369362905119418,-0.0341896184144325,-0.0182164430689052,-0.0247823618290699,0.0214146563645331,-0.00648998284711397,-0.00938048561964592
-0.159570251703642,-0.0104523968914908,0.0090778647270751,0.00238536691135157,-0.000902052222662568,-0.0282302854483739,-0.0177561528659516,-0.0350805981749219,0.0118163638283373,-0.0313439519032338,-0.01645308728268
-0.143051208872771,-0.0171673817442623,-0.00488321769081303,0.0149536096241492,-0.0087504168422267,-0.0184493178504495,-0.0173015697159584,-0.0440908773698206,0.00339472827796486,-0.0530019180865616,-0.0180141134188621
-0.111350635491845,-0.0308478983000347,-0.0133699340187177,0.0142819674978141,-0.0315117331190427,-0.011352027386428,-0.00497963433156453,-0.0551716724863804,0.00014417068159344,-0.0595063189772433,-0.0154405330143922
-0.084915628070894,-0.0405628096290233,-0.0141884506555076,0.0159411624984196,-0.0627356222073774,-0.00865663907269167,-0.00703434454275422,-0.0616952738141316,-0.00624904062264866,-0.0668611928488419,-0.00854973389406033
-0.0479534693084066,-0.0408414337744546,-0.0179794939417643,0.00986797591043933,-0.0948015640189566,-0.0145684187161035,-0.0187096215961939,-0.056817264574106,-0.00706375504753335,-0.065547576325954,-0.00360818923759796
-0.00812930589331733,-0.0303991727001208,-0.0228940746649444,-0.00174146603112194,-0.126734338532258,-0.0164081412613535,-0.0346398300180661,-0.0503161203701531,-0.0146514194635148,-0.0640050455437531,0.00289493952888012
0.0314559203085822,-0.0259382798154712,-0.0282985756916562,-0.0182485694826972,-0.151294713663772,-0.0124455072209078,-0.0383290198571742,-0.040181079333857,-0.0209861492653565,-0.057313497217589,-0.000600399584863744
0.0619418849316064,-0.0203899732022871,-0.0309234215056509,-0.0313179782954471,-0.155622502816183,-0.0117825498397391,-0.0407873656260936,-0.0264747984262502,-0.0181640684512436,-0.0513009557899443,-0.00825499500600443
0.0772270443707638,-0.0171333064605068,-0.0242694065323092,-0.0386114234191197,-0.150049641909885,-0.00779363967921523,-0.0307031305460395,-0.016416049724182,-0.0128153117485064,-0.0405134302683307,-0.0119809581494577
0.0254123741042375,-0.0298983357634128,-0.0175531007600698,-0.00369542515264119,0.00286892854209757,0.191364807938147,0.00403791595227578,-0.0110051663764853,0.0141415233976341,0.00705685516008768,-0.0216834053100888
0.0187856843807876,-0.0296334711673283,-0.0164813045931148,-0.0181105706478622,0.00305350044270308,0.187346809079764,0.00722267987691358,-0.0185677888177211,0.0110137256503488,0.0165648422834917,-0.0191862875921695
0.00512137185694324,-0.0226545938837068,-0.0154978972372896,-0.0413198834738177,-0.00434831341773602,0.170277375086912,0.00569927309382442,-0.0156860315546904,0.00967301987358001,0.0357300352734532,-0.026887077572026
-0.00379917410675241,-0.0194320337400361,-0.0080965800986878,-0.0669235490799522,-0.022148438452969,0.146792320278717,0.0040395843178235,-0.0169659023767002,0.00392427067657769,0.0558529678984479,-0.0249110207612853
-0.0342893905097522,-0.0169221979183484,0.00192031586789977,-0.0861658263254483,-0.0403615131283945,0.0975121430369535,-0.00252034666080811,-0.0254489542350605,0.00331442371200033,0.0761185099034926,-0.00632611232578194
-0.0544970530458066,-0.0166109121766149,0.00634288654473396,-0.0858985096065828,-0.0292144238295048,0.0585406097252104,-0.00560383362318409,-0.0167276956881858,0.014805334733547,0.0734115730209679,-0.0146542738262116
-0.0842434157953657,-0.0163289439350237,0.013007196767574,-0.0821089952263667,-0.0193618327386793,0.0167181434405536,-0.0199368491603834,-0.00725404746317273,0.0245010102480014,0.0641237316515679,-0.00705053125770073
-0.113693506482249,-0.0214183827510004,0.0177011793414888,-0.0699674216418724,-0.00803340871016967,-0.0132243325514881,-0.0169826219834906,-0.0162460345624167,0.0299824936978265,0.0543417129026348,-0.00221619635079083
-0.129035827655901,-0.0205452656440481,0.0158590750194494,-0.0527254855478342,0.00283987971867881,-0.0393178073688955,-0.0242752846336724,-0.0240509304642552,0.0360193275331436,0.030832343773418,0.00593592819017127
-0.13677280680224,-0.0226045815830331,0.00693239248834242,-0.034915097781185,0.0137838881238648,-0.0464898849543771,-0.0237811106715078,-0.0301113036443193,0.0257777727642295,0.00588357671473213,0.00660146742204335
-0.13765867201475,-0.0369531781268656,0.0008210328741316,-0.0176650355425252,0.0207603692067911,-0.0409486379379249,-0.0171819798755137,-0.0507011095274861,0.0274102021523619,-0.0224631027796635,0.0082123183327207
-0.121557870662288,-0.0464871020344144,-0.0135682640038747,-0.00101944696581216,0.00698097882316989,-0.0313262641058491,-0.0089151589276952,-0.0676072399221074,0.0166749148522654,-0.0424163895156125,0.00493085834154236
-0.0948807462532022,-0.0509980817643174,-0.0213331554649299,0.0132668671393398,-0.00985864543236107,-0.0164937371615438,-0.00178589704958418,-0.0777913442882765,0.00864575325721913,-0.0609098167995137,-0.000387510782714667
-0.0682366485183382,-0.0604063351854685,-0.0215125519017959,0.0146042163749895,-0.0360422039633945,-0.0100796095644332,0.00258954914286534,-0.0914902998804327,0.00302116718984598,-0.0709135009877007,0.00368984688885088
-0.0280543991667884,-0.0538128125931141,-0.0213747194572749,0.00527522807376459,-0.0780942870900785,-0.00789997010191529,-0.00821937562779136,-0.0958794682092172,-0.000845844873418452,-0.0704497040338178,0.00791146068914905
0.0131673698826122,-0.0472671337600227,-0.0261446794524111,-0.00675349659693418,-0.112606025450431,-0.00953570128740722,-0.0119377975214253,-0.0954723074851498,-0.00851165632572504,-0.0676616092279926,0.00826088085574061
0.0521860134526977,-0.036175640830863,-0.0291605455722574,-0.0195624637289561,-0.135230713466599,-0.0173766472784082,-0.0152456733140239,-0.0895788155041896,-0.0061565013423037,-0.0585907858438723,0.00648085568504967
0.0759612319579482,-0.0345261238436034,-0.0259012181646017,-0.0304301076006033,-0.145610263768681,-0.0159041518697415,-0.0138761766825261,-0.0778897044253787,-0.00349887958984181,-0.0490333847929331,0.00284926493062052
0.0867859245546975,-0.02883116946045,-0.018386472078976,-0.0353197703162154,-0.134629410760074,-0.0112224032693334,-0.0166553093199338,-0.0518994903707574,0.00213144662382101,-0.0444730448902766,-0.0048828737471683
0.0192943297104959,-0.0535267673341394,-0.00670882861652001,-0.00449167425760238,-0.00563494916348529,0.181268317346359,0.0106841720988767,-0.0147593520452625,0.0324613022608169,0.0316661229344504,-0.0317541303675761
0.0125627234922142,-0.0580960933699457,-0.00775038216163863,-0.02882336194571,-0.0101541629646963,0.174424671581346,0.0148086196487368,-0.0119830913173729,0.030244590530311,0.0477807718591637,-0.0355610802880943
0.00630761661693271,-0.0504351591484871,-0.0031322178122566,-0.0526360123085507,-0.0129336429841109,0.152434242256838,0.013712179603004,-0.0145782890084945,0.0366792732678364,0.0621459089253573,-0.033509836426068
-0.00437470507830876,-0.0456111618767884,0.00146979406067184,-0.0764754710899318,-0.0229327630936479,0.123345166784285,0.0126427612676255,-0.0146919450939855,0.0366597521157928,0.0792798285368237,-0.0336935558309403
-0.026787569610145,-0.045176429520853,0.00382584469111532,-0.0970608105961417,-0.0341611954971423,0.0754290842514789,0.00235315839162286,-0.0102822268796095,0.0291897262797824,0.0934653111174179,-0.0238526143308069
-0.0387883886890574,-0.0452054170390441,0.00212946103166274,-0.114574658070784,-0.0327109971009785,0.0291083232946267,-0.0112001911666084,-0.00256487736410834,0.0353330827117552,0.0985423919131753,-0.0177492188927717
-0.0653583914672807,-0.0491306498502415,0.00611177430291774,-0.11761770104131,-0.024885750736227,-0.00951932481408165,-0.016715921519177,-0.0141086776336824,0.0425201321575704,0.0914922149866842,-0.00263780232614188
-0.0880130661878383,-0.0516677072070659,0.0038771742513471,-0.103803574598013,-0.00600048181943437,-0.0378263624415441,-0.0227914533916615,-0.0205762131878205,0.041450567466733,0.0738465715093133,0.0113919980906726
-0.106954423421547,-0.0566915610445304,0.00348031594527974,-0.0871447503572818,0.00954170230917961,-0.0543857849944988,-0.026362073859845,-0.0341466655901867,0.041718532142891,0.0480184799374885,0.0234200086992791
-0.118851839267792,-0.0640160638439751,-0.00302159783717263,-0.0568038177072452,0.02413281268434,-0.0594074509550892,-0.0329846375672316,-0.046406190632172,0.0383260001538067,0.0143965955015287,0.0341664056538684
-0.114070247837089,-0.0638213236777541,-0.0124360698830871,-0.0305826708694867,0.0367431288799466,-0.0520677318650058,-0.0266423522195036,-0.0628023153993465,0.0339308366746148,-0.0196660532345058,0.0306522424710733
-0.0972482558808578,-0.0654489592076518,-0.0225851666183455,-0.00891819754176987,0.0335965023712068,-0.044976404468566,-0.0160848732555267,-0.0771602010315705,0.0286598600261175,-0.0426885630821009,0.0260359682034129
-0.070548456604776,-0.0694021058070454,-0.0242151928627884,-0.000448541025705931,0.0187136739707482,-0.0257379137882866,-0.00161115589289412,-0.0942741757365218,0.021119676842831,-0.0620764861643475,0.0183270059616951
-0.0468517088543582,-0.0723975724263811,-0.0248487376053794,0.00141690256327624,-0.00963140763626478,-0.0213220506589764,0.0014229453034408,-0.107096249864242,0.016781413299301,-0.0719771294981188,0.015630987596428
-0.00736631396333408,-0.0654496988440399,-0.0276018807566523,-0.00235730126056124,-0.0434476085256805,-0.0142027203188565,-0.00264849515709063,-0.113003561653202,0.00761541038991816,-0.0759856986057771,0.0178811537094663
0.0369145262694974,-0.0495571615150531,-0.0261484661302681,-0.0090365685297576,-0.0813026951223691,-0.0148907123005704,-1.4447869587395e-05,-0.115068814694119,0.00687339300356918,-0.0701601806979958,0.00808471299393839
0.0725385595473321,-0.0405332801205187,-0.0254277286446079,-0.0185956915460086,-0.108118334045772,-0.0225035682120894,0.00585454427877354,-0.117581344772014,0.0121107510029949,-0.0606891296347404,0.00619164004318859
0.0945087668976872,-0.0263610170042027,-0.0213394164583639,-0.0209596870541779,-0.116347958260142,-0.0207571635494307,0.00172106890370431,-0.100564295529608,0.0138799903542618,-0.0536787815170549,-0.00241758428887397
0.106313890825679,-0.0168923711476937,-0.0112312479060887,-0.027306130110131,-0.113475456566787,-0.0143293285657348,-0.00756882001727598,-0.0749465665893851,0.0185018194708785,-0.0479042732238946,-0.00760537722260007
0.0269402877203381,-0.0584864358736564,-0.00170820987760208,0.0144711857738274,-0.00061993425912752,0.142999693727664,0.0144187588140452,-0.0115983013130644,0.0651263404138374,0.0406915934339154,-0.0353032548679
0.0236103421195879,-0.0715531111915506,-3.70894417981767e-05,-0.0159310046950068,-0.0103163124376455,0.132228396198248,0.0202356268753213,-0.0121596958064131,0.0680098029990475,0.0646887933857541,-0.0317343821689412
0.0141843092640014,-0.0662592220018853,0.00287421973017593,-0.04245799502325,-0.0188952719192163,0.112157703445622,0.0155913334227084,-0.0100547608560534,0.0733753863733088,0.0838353094706513,-0.0368274990162652
0.00829667231258065,-0.0526895525604869,-0.00281011269922492,-0.0712679465862217,-0.0179757977428286,0.0750941992530908,0.0054405302797561,-0.00336064620576479,0.0691537376668546,0.0960690342023833,-0.0359381770216278
-0.00431627840644244,-0.0474394580780361,-0.00242960236343403,-0.0959796486291163,-0.0199241104932477,0.0368218432445566,-0.00361704114425112,0.00798005245106166,0.0671889132895537,0.110861307809091,-0.0313942976703431
-0.0160322501109276,-0.0474758381305777,-0.00636623188197629,-0.121691753994873,-0.0174141185594415,-0.00102653013041481,-0.0129765802822091,0.0114418364774753,0.0609252962860335,0.111470073643345,-0.0250949337676698
-0.0304571378626783,-0.048248912531239,-0.0101599455063851,-0.124443973243083,-0.0149345579093932,-0.0373556855856884,-0.0230599155842973,0.00373304274108791,0.0529555377217631,0.102951671511903,-0.0071168031875102
-0.0511902052983781,-0.0462707221694106,-0.0159586743028262,-0.113737408459043,0.00102046924677025,-0.0591759085952617,-0.0331704155906795,-0.00655467399480101,0.03655384989283,0.0825532405474323,0.010483107494669
-0.0681430834782478,-0.0537965303817323,-0.0207215868348108,-0.0952572494177156,0.0301995068147275,-0.0684069254571899,-0.0414386734707968,-0.0153060274221042,0.0359824495101545,0.0494460904076157,0.0260085798637276
-0.0782917810265625,-0.0570444826974121,-0.0217137903546514,-0.064838776495632,0.0548343400575779,-0.064477767669071,-0.0431840748321212,-0.027587135307937,0.0343549315904823,0.010592926471247,0.0323007700519287
-0.075558064393984,-0.0572641688852192,-0.0283254091807503,-0.0385969982628741,0.0777648350086731,-0.0525538459132189,-0.0368458622753767,-0.0387560371131343,0.0323317326452452,-0.0262450706940898,0.0252666069035277
-0.0654610712150239,-0.066615536095999,-0.0330773451302951,-0.0193276458878465,0.0729296557597986,-0.0431687802226899,-0.0226057120780748,-0.0623258827122599,0.0268664412321933,-0.0514839407339933,0.0241887313216428
-0.0474310614068064,-0.0740065516769933,-0.0314559848244774,-0.000981531209608669,0.0613389145583991,-0.0255174386531589,-0.00449365711076542,-0.0833440491687592,0.0279832992050767,-0.0699402107442233,0.019392544918718
-0.0170140756000147,-0.0684164272382913,-0.0293464384143964,0.00488954997174326,0.0355659301779817,-0.0164871335471202,0.000129056393311161,-0.098507134976596,0.0262673263920908,-0.0818194924255452,0.0127057507043587
0.0208766806213812,-0.0528801491165804,-0.0281205347293814,0.00802598633981663,0.00877466782209861,-0.0140369802577689,0.00359434307100393,-0.107153556932321,0.022247918437335,-0.0911316208331825,0.00500745745823919
0.0610715028070376,-0.0382739173041625,-0.0241861023486212,0.00372480118180456,-0.0310026021021827,-0.0143886317691489,0.0101729159787145,-0.112855400408793,0.022691217873614,-0.0832386219842771,-0.00840086402444402
0.0942910999314129,-0.0249666456211112,-0.0171025743117981,-0.00632154000386512,-0.0618230804480692,-0.0263190674535628,0.0105516334002246,-0.11383506849083,0.0315732436951657,-0.0668430112223522,-0.00951950820627491
0.111660930062986,-0.0203032245538904,-0.00503970405274903,-0.0136145533803201,-0.0786522550240791,-0.0190907303581743,0.0124364387412842,-0.103847783295021,0.0280039741364144,-0.0562317486428523,-0.0112368343771739
0.116016563707878,-0.00804802445072309,0.00366459920849289,-0.0164709577155495,-0.084623550932751,-0.0168122383800041,-0.00222318541997992,-0.0807995892801888,0.0283204123398211,-0.0518915243981528,-0.0137369725258865
0.0281132509897181,-0.0593210342481566,0.00264615261770429,0.0345928263998416,0.00440971550176422,0.0923901984784738,0.0078526511455647,-0.0107927802236279,0.0980038600531158,0.0562200931988675,-0.0215244271098567
0.0265988178847387,-0.0652145193719324,0.00218990073299961,0.016483555492106,0.00113637576036793,0.0787438071565825,0.0101081794456892,-0.00917879160214102,0.10571275155757,0.070680548193168,-0.0258368696150771
0.0277166996123446,-0.0534992811782015,-0.00452073311109877,-0.00912284170286168,-0.00606572980637252,0.0587751228822678,0.00495897702429279,-0.00213372804127321,0.101577209843521,0.0898375602300545,-0.0301691123315749
0.0224557384024377,-0.0335340628578722,-0.00662676109893899,-0.036417681831055,-0.0109128564089184,0.0313172295848458,-0.00472104215999403,0.0107701665440883,0.0909685537531467,0.100964407935457,-0.0427203055829112
0.0205561916259836,-0.0186252610559685,-0.0144390574662672,-0.0699807986103212,-0.00762913805349922,-0.00629772401504557,-0.0205669082817703,0.0245816856175769,0.0796485325172763,0.112489590184007,-0.0388597079145134
0.0175560860046895,-0.00965663588313147,-0.0240605337843421,-0.0947609378936954,0.00109409810421133,-0.0335988553630311,-0.0252755742031841,0.0253968878082373,0.0617795096534903,0.1107059101685,-0.0317890875542916
0.00098101220561227,-0.020561309304971,-0.0317144178484563,-0.106877592710939,0.00698630441863259,-0.057795111208123,-0.0332455690352506,0.0180451920839064,0.0476839480767957,0.100529205267505,-0.0194163095142454
-0.00913827629523047,-0.0206219202078543,-0.0400397432359692,-0.108651406852045,0.0274520199330411,-0.0718970528935856,-0.040865707475027,0.0104346730391644,0.0322582949502488,0.0795674313243588,-0.00651459811608301
-0.0205727084012248,-0.0302470156975913,-0.0475737233226495,-0.0917070917103725,0.0558605099846483,-0.0709571074294024,-0.0442260308022946,0.000561270954246284,0.0174145277004224,0.0435936088992556,0.00825536448152843
-0.0317350575872599,-0.0380980425114383,-0.048388026583506,-0.0656305811200844,0.0911141853235803,-0.0665998749384509,-0.0535866721820989,-0.00640274782971655,0.0228254393518394,0.00220613720066264,0.0186003312612619
-0.0300971692074949,-0.0450202299868473,-0.0449201833986226,-0.0386298687710909,0.108322675905747,-0.0484173619642904,-0.0442122393568242,-0.0214042785459466,0.0240061201661365,-0.0335601611880758,0.0158043022125065
-0.0317982302805759,-0.0571311126208806,-0.0373975507321951,-0.0130109204649595,0.110380253004425,-0.0319036722636792,-0.025378053045356,-0.0471653049939612,0.0200094578766527,-0.0608958712427101,0.0163092153136862
-0.0133901019093834,-0.0497967974239103,-0.0340723048689506,0.00241070098004896,0.105316977029974,-0.0258429209475928,-0.011386530238881,-0.0615184569002802,0.026151716673345,-0.0796511563216136,-0.000804815111382674
0.0157315764128958,-0.0407491447861841,-0.0271497933195967,0.0129593177567576,0.0824592545599122,-0.0176943760097561,-0.00353200160089585,-0.0776441652314035,0.0286705304919104,-0.0917935349695325,-0.00546424487794155
0.0465187396488245,-0.0318717118359572,-0.0211818646839184,0.0132488719364733,0.0502614436648678,-0.0123303219896063,0.00294764458337136,-0.0872437255428065,0.025414383297711,-0.0986510547978665,-0.0141754986019945
0.0729814068484816,-0.0189064436642265,-0.00763608855968445,0.0100370745465206,0.0125143786405224,-0.0101004931037465,0.00641884330298795,-0.0927433899085583,0.028483120129452,-0.0858371078352726,-0.0207505718802436
0.102246590246651,-0.0116641212765282,0.00866579931523635,-0.000536621730343991,-0.0175065585894271,-0.0180899739561824,0.0128752053866732,-0.0927894244017052,0.0409720212697993,-0.0702736184629921,-0.0255087435264271
0.115873594581565,-0.00783537173179113,0.0225580236936246,-0.0119342191703157,-0.0489944547212154,-0.0183388499734298,0.0125497894291491,-0.0914601312442693,0.0399423173452096,-0.055414655400068,-0.0193002216702995
0.116691392479337,-0.00584455170835565,0.0336932092428856,-0.0184780216345264,-0.0636348898087308,-0.0141068739148147,0.00821560132262734,-0.0774497272268262,0.0340470700920139,-0.044755580829376,-0.0202876365336959
0.0285693913028486,-0.0467597814122287,0.000215946997232905,0.0710077708397788,0.0137884869429314,0.059664501801796,-0.00217224580039416,-0.00443481400635866,0.10715149636576,0.0549919755786997,-0.0160820603135817
0.027368853704009,-0.0441945376743276,-0.00254272778821642,0.0549317352736401,0.00972188222839994,0.0447696310537083,-0.00272499877427989,0.00350646314304571,0.111444464388389,0.0707670231891638,-0.0242385315612057
0.0381797303107179,-0.0150066990604522,-0.011954143198549,0.031522839404619,0.00320586769513382,0.015756491164791,-0.00476029290615475,0.00904267719714152,0.108839587405817,0.0870724116220077,-0.0380120377730931
0.039116440672495,-0.005608713021193,-0.0218801902134035,0.00154220236226931,0.000934586951132697,-0.011363994229337,-0.0176134820447923,0.015627275147685,0.0995548717674586,0.0969691176009677,-0.0392657954527699
0.0429011786167333,0.00739000877797764,-0.0327022161683559,-0.0359253761914323,-0.00108886552366133,-0.0396701340067929,-0.0321007626479404,0.0293423051037606,0.0785555703271161,0.107320734133292,-0.0403873193161844
0.048334619274888,0.0440115062073749,-0.0435300481375201,-0.0644332210842536,0.00109206058517855,-0.0755702381210448,-0.0417182307379556,0.0286942403063491,0.0641435904961474,0.110451049911848,-0.0406174852568353
0.0339477096791872,0.00861160272854042,-0.0559869549553251,-0.0835156344229779,0.0173415336530262,-0.0847558959720877,-0.036986932289418,0.0236619171154145,0.0384165782925389,0.0933084046999972,-0.0256724883621675
0.0232687142150715,-0.00553169074542741,-0.0626524490276607,-0.0870920433077443,0.0394512073892665,-0.0796460781916777,-0.0394597315008889,0.0145799412262376,0.0143830173605021,0.0700471656650137,-0.0161596934083811
0.0234430757879341,-0.0103856433133923,-0.0680272960364711,-0.0814920136002236,0.0724139102109077,-0.0718355106407155,-0.0458963170032262,0.0146280276192285,0.0025114113332474,0.0355503681394088,-0.00848116461081734
0.01275342480604,-0.0188025419847605,-0.0654753338450279,-0.0604491274110717,0.111354541134937,-0.0603355968492781,-0.0505772414624425,0.0145655584936699,0.00282291654106614,-0.00076148288473442,-0.00196202373088633
0.00754208747333122,-0.0265956480473844,-0.0563288750153142,-0.0360290322326062,0.133922593909236,-0.0436310977448874,-0.0458844536619143,-0.00178629174043513,0.00576643388747544,-0.036728049900846,0.000955244321451563
0.0143045725589824,-0.0289165215959065,-0.0486452517783918,-0.0156454207172673,0.144867841582884,-0.0283922484721703,-0.0317535500578099,-0.0180145673377965,0.00556196429743062,-0.06739518574123,-0.00547158620604566
0.0215488597269137,-0.0348833805060996,-0.0348401621225214,0.000267814161774345,0.137065658465377,-0.015727497308426,-0.0211892660152985,-0.034110845894699,0.0121915982084769,-0.0855799562706096,-0.0120693128901352
0.0385513965375451,-0.020922533671119,-0.019968163039841,0.00756162326708896,0.115408937273901,-0.0159967675719105,-0.0122660940582281,-0.0458363387956195,0.0181048956787177,-0.0933606250245049,-0.0221935673656714
0.0584197787517085,-0.0151594888277795,-0.00805281093975595,0.0104885692704815,0.0881563441975658,-0.0140956242318995,-0.00929044603762096,-0.0544257323937346,0.0252252891043298,-0.0918506639693673,-0.0266441827050382
0.0824831177392015,-0.00896492203738362,0.0149588521286619,0.00933871435783912,0.0538672897253856,-0.0190680951748569,-0.00113370751126309,-0.0631397637579131,0.0365952581627435,-0.0863385071694383,-0.0341955399625408
0.0979018841870962,-0.0071296501234071,0.0360655318624925,-0.000834803816029753,0.00922562254067099,-0.019242890356302,0.00757893111028777,-0.0690613190445285,0.0450014544188403,-0.0646663498721558,-0.0335439016838744
0.113380776706311,0.000536087905441903,0.0492812964757548,-0.00972219895054132,-0.0179312820752471,-0.0182672453662319,0.00879617452296214,-0.0724649193305145,0.0470158809024259,-0.0501168459284596,-0.0302337672472603
0.119066181467448,0.00208934618257613,0.060346027873755,-0.0149987718722536,-0.0362190790217341,-0.0143849378933536,0.00951086039415852,-0.0690890338718016,0.0447259602396457,-0.0363541208876751,-0.0266674055273735
0.0133151026746795,-0.0386592998102466,0.000594470519686472,0.112403645286451,0.0125773585713158,0.0408358098259615,-0.00731194124967055,-0.00378673980240295,0.0971518653084881,0.0482785653404059,-0.0102891080551474
0.0182296344799725,-0.0346039002528267,-0.00958285856589606,0.100786838961793,0.0110862942545357,0.0224354086855995,-0.013821751870756,0.0055311759774709,0.103025053607551,0.0602441944567119,-0.0169334255749506
0.0373034772077424,-0.00805535615170717,-0.0263723714874686,0.075181618280194,0.00509039749383247,-0.00436069435602199,-0.0154175510065327,0.0097741962217471,0.0981895146819993,0.0747551205636778,-0.0317749084679322
0.0440289439662705,-0.00141667979205245,-0.0402243759913177,0.0437762459302494,0.00332420456232747,-0.0308780171994316,-0.0196094059680482,0.0164168659608601,0.0837090772851546,0.0852011228759316,-0.0365465911342676
0.0520031911569096,0.0144004287523396,-0.0544797364476504,0.0090691678894792,0.00505914362553149,-0.0513519267568101,-0.0209589866473891,0.0186037511173837,0.0607113270687671,0.0928225029439408,-0.0403962475502699
0.052947028163104,0.0195733021357778,-0.0676874496396209,-0.0244362016424783,0.00841695677103976,-0.0738425868608118,-0.0349549807697488,0.0278165496931452,0.0322399664155269,0.0909493193248316,-0.0343268770457767
0.0475672609304719,0.00982331218678036,-0.0748452796271586,-0.0443095996044001,0.0193434958560147,-0.0783415349207527,-0.0348476841639787,0.0265224311489511,0.00852580679571306,0.0793072182201941,-0.0286135842727041
0.0520679684491386,0.00889810970072603,-0.0891301094149551,-0.0619267525040472,0.0479348081366352,-0.0782351458508897,-0.0412960913676434,0.0290264205794108,-0.0184595906115621,0.0596621133433329,-0.0216061620128211
0.0438513959053808,0.00431911995609167,-0.0824506762956305,-0.0570898119419706,0.0803950591589267,-0.0640842406590301,-0.0461775394840164,0.0288538625159992,-0.0295796291424511,0.0288468619314572,-0.0189551058960932
0.0384960059809474,-0.00439209285624535,-0.0745371347784687,-0.0479257711377492,0.10690103273574,-0.045642338135649,-0.0448254963713519,0.0209857637529708,-0.0346172610215033,-0.0030713478660279,-0.0150620143228373
0.0323079639795332,-0.0117284976832834,-0.0592320598133087,-0.032967662147232,0.133976351414402,-0.0266004511798128,-0.041280805384273,0.0126851588883185,-0.030701036657091,-0.0365233738162061,-0.0151585207088609
0.0334275002007106,-0.0153154659345383,-0.0433352053866757,-0.0160733714113435,0.145393736785411,-0.0117272776059148,-0.0367333359640949,0.003487627823204,-0.0263437727489085,-0.0627036069475954,-0.0166558969340828
0.03630590451361,-0.0160770552600662,-0.0253826048314584,-0.00198641108353533,0.148705460601523,-0.00734550616544154,-0.0292812444127204,-0.00886948481619293,-0.0134770608228552,-0.0816662940467441,-0.0230258020031055
0.0457809305367033,-0.0108344680971623,-0.0012882603277331,-0.0002233600787475,0.133687035958546,-0.012423093592258,-0.0186304915940682,-0.0174863720859434,0.0050289931366261,-0.0832015031392633,-0.0332808446365036
0.0598067566654365,-0.00824651756924882,0.02372344551845,0.00344395493133994,0.105597071243836,-0.0159186721696846,-0.0118735576493593,-0.0274396429934765,0.0200073509305192,-0.0789473161059983,-0.0356362409466363
0.0830135364541424,0.000258435610692293,0.0461649856969612,-0.00255189948407172,0.072187900151441,-0.0217173939387111,-0.0107447203292327,-0.0345742081389459,0.0342532965831554,-0.0683878238062591,-0.0390127442162648
0.0958943867986571,0.00431916116273018,0.0666409269608848,-0.00915749442850964,0.0356463810150755,-0.0265046373595247,-0.00853267851704945,-0.0432717111577762,0.0451663939276344,-0.0510838190089822,-0.0338550658536872
0.105586166502553,0.0114402821322773,0.0822476015813347,-0.011402813652161,0.0042386811458888,-0.0267236644494509,0.00192426646786254,-0.0503255584586372,0.047439262512536,-0.0329995785903908,-0.0307151434690432
0.107045717798631,0.010690722346247,0.0878468129809533,-0.0157667798338489,-0.0200059104937243,-0.0213392578108925,0.00184592766922615,-0.0473873903393697,0.04711367014716,-0.0215108052961709,-0.0283441088959645
-0.00238312556255076,-0.0315109810990207,0.00457005025545852,0.145009558477941,0.0202775165016464,0.0262259792685228,-0.0182872673205804,-0.00168922958344373,0.08774510724122,0.0382823077583962,-0.00528484634660834
0.00901941061086945,-0.0277865178476248,-0.0112433326465497,0.136542023597965,0.0146973611445814,0.00969051465710699,-0.0210844274876259,0.00203804218598645,0.0906077273744734,0.0502629824159087,-0.01098557857485
0.0258805960954484,-0.00614218521982612,-0.0312558096459614,0.118318642786092,0.0153065542499707,-0.015030750571302,-0.0233959947984517,0.0125812619144527,0.0818146823898236,0.0609222213987693,-0.0228318128671347
0.0365402731636502,0.00465322122803719,-0.0509576307745605,0.0897158071381669,0.00732645421273126,-0.0427657355195967,-0.0212611369338924,0.0111068626664738,0.0637729202024132,0.0725697594341713,-0.0302505249445592
0.0483232923268327,0.012329825482703,-0.0694526554133837,0.0509161844351096,0.00863350090880384,-0.0529988847883699,-0.0195175220040498,0.0182257064949365,0.0296979191843088,0.0771973868278678,-0.0361785464967654
0.0554002709840179,0.0219926484969216,-0.0811594334946725,0.0224172003383481,0.00511824504751804,-0.0658465321448424,-0.0260335867252759,0.0175262804696098,0.000786691090571035,0.0741477417903786,-0.0360576906124041
0.0541871310531149,0.0170715980748437,-0.0935508610840486,-0.00582539236118489,0.0145657067603542,-0.0593315048252558,-0.0295412040956587,0.0162659086989939,-0.0338113381066405,0.0629810001666164,-0.0340121391195825
0.0551664477444043,0.0142068127270958,-0.0946171575108512,-0.0280065770521118,0.0343872286950404,-0.0544502831994616,-0.0306068809282655,0.0167257379787161,-0.0586640485447999,0.0516665347346473,-0.0263725529810551
0.0456399431422545,0.00423821123769598,-0.0868916849508764,-0.0317567137172167,0.0576808239053059,-0.0381222283103269,-0.0303870695459399,0.0163256891901392,-0.0760363313457143,0.028743823525653,-0.024937733185895
0.0377037201658935,-0.00500585207312768,-0.0686672992748222,-0.036463955154906,0.0834967989176387,-0.0208824701629336,-0.0299900873523712,0.0211787770287548,-0.0819831474969992,0.00522930480261012,-0.0220990667476555
0.0380775430037734,-0.00732097716558365,-0.0480100421291862,-0.0332477442817706,0.110243889652395,-0.00334493449393524,-0.03588782641078,0.0172911328167886,-0.0790757350827967,-0.0244739584486105,-0.0226115225902404
0.0300764859246349,-0.0169057155612203,-0.024153793161121,-0.014774391854792,0.130870199579592,0.00654638992162266,-0.0292803349729541,0.00977434943950145,-0.0637194180216526,-0.0510553259688865,-0.023213163864108
0.0348059892278976,-0.0136767758576282,-0.00223950116292959,-0.0041965458477692,0.135056250550773,0.00891667582738983,-0.0266731401108034,0.00175681320951141,-0.0470130817986459,-0.0683865291545166,-0.0286259667510289
0.0476347419557789,-0.0087689275799023,0.0278786228245007,0.000835352423578216,0.120921389176897,0.00241252511026786,-0.0190255260771531,-0.00551092600199406,-0.0249148273729858,-0.0690835205958605,-0.0358249889415498
0.0585709129482033,-0.00286520621873446,0.0557582357290069,0.00133890318315574,0.0998817615481407,-0.00869710957519312,-0.013903718855679,-0.0138191795071534,-0.00259762073923363,-0.061025421668828,-0.0353948082358149
0.0682403209697545,0.00301552909134835,0.0845732734659571,-0.00291390885695596,0.0708372541177399,-0.018368538047804,-0.0116751564311711,-0.0196291757876789,0.0214333444219381,-0.0466607958926658,-0.0374855775512555
0.0787169459634075,0.00583012253236391,0.103130115455819,-0.0101179045962795,0.0447717380033309,-0.0251365281100717,-0.0117094625300905,-0.0192681978176475,0.0350142366939031,-0.0344933041097266,-0.0339779373309895
0.0805810283390598,0.016628199663641,0.117994866600695,-0.0103618953087225,0.0155702222440108,-0.0326904775396903,-0.0116196952369334,-0.0262426634859312,0.0407295134485438,-0.0208434286179843,-0.0272880170435851
0.0851618067416106,0.0161277882057102,0.122481888342471,-0.00844156161478667,-0.0102835425503707,-0.0300938004875646,-0.0103677385492933,-0.0302569764976535,0.0454184009543663,-0.00999048862143589,-0.0219036527830387
-0.00891178636505228,-0.0286586665360151,0.00210460868828752,0.167737012209736,0.0218746866845732,0.00791571718904222,-0.0231858112939303,0.00216933099044693,0.0770476267515607,0.035850539712474,-0.00140683933322441
0.0027669553693323,-0.0140301256203628,-0.01472579170838,0.16587917787613,0.0248938379969175,-0.00146541195830298,-0.0213898255076635,0.0017611115313707,0.0764065633196196,0.0434965647134953,-0.00910366452758474
0.0169460728795379,-0.00369466767903171,-0.0285224884134478,0.147781943844849,0.0190370939741082,-0.0191368603440892,-0.018140993443249,0.00488074845679177,0.0663641604263615,0.0525469184254716,-0.0207284996140515
0.0212636346142793,0.000907581068446562,-0.0469464474829012,0.124054382884984,0.0135527246760222,-0.0390052087618161,-0.0203365501845043,0.00400858443611936,0.0392842621284563,0.060486024949265,-0.0191509267819285
0.0369134529454815,0.0151628442968728,-0.0661540304948208,0.088068053033844,0.00122722733357497,-0.0468829043225147,-0.0144711483170189,0.00503904869778272,0.000191722277592866,0.0693200247084784,-0.0279872086015395
0.0427708272201025,0.0135280436462798,-0.0823963748798801,0.0486336185874499,-0.0070375413986682,-0.0507787319077832,-0.0205349645402634,-0.000499221507910859,-0.0361745392847853,0.0701994298865724,-0.0244541968252313
0.0452566204463571,0.0118538682134162,-0.0919914795803435,0.0246182002441618,0.000248663171355575,-0.0428528510289979,-0.0170903454738236,-0.00471300643843733,-0.0722189211712986,0.0576579116979004,-0.0305093488968012
0.0399988234667506,0.00193199421207372,-0.0918376884006516,0.000918273763885363,0.00720743411138356,-0.0361104868845145,-0.0128098215024809,-0.00990161375598844,-0.101492810090553,0.0501067331379101,-0.0240591763065494
0.0381983192093757,-0.00498077720642731,-0.0847441620880322,-0.0107167442215348,0.0271547799150184,-0.0178882876605541,-0.00900054227804999,-0.00998537202478247,-0.126745065980146,0.0309452318903268,-0.0200677103464635
0.0306813153142647,-0.00609062473860103,-0.0639979913256247,-0.0168900648633472,0.0532285558910521,-0.00694623954862357,-0.0132454419920323,0.00222473725909496,-0.127675936753079,0.0100176267731065,-0.0251976095224627
0.0218404166496732,-0.0225125823577829,-0.0301292415779899,-0.01814024900142,0.076000037215141,0.0163764821877981,-0.0212003103425875,0.00586153472496931,-0.117512185614622,-0.0108571280174015,-0.0183498575551689
0.0241438224401268,-0.022269385837204,-0.0050828062727553,-0.0193537166211229,0.0882565913126798,0.0204750096622351,-0.0201139517448803,0.00870103446257694,-0.106566783601402,-0.0248375509632405,-0.0228550743544506
0.0315968207012684,-0.0189998155158027,0.0220399321825559,-0.0116421050643129,0.0982828062273517,0.0167026765547225,-0.017333852566333,0.00391919650050787,-0.078348417653002,-0.0376927850766351,-0.0231468665475542
0.0364131887794217,-0.0153333662527098,0.0580234710204438,-0.0111637507158132,0.0941646031162527,0.00909890531679256,-0.0136801651892663,0.00423804535216267,-0.0550598875420406,-0.0351986160979982,-0.0247856632262566
0.04480241316488,-0.00645058571803184,0.0913172224652071,-0.010615524467538,0.0797143148903696,0.000187102662481325,-0.0161499985558256,-0.000874434482283054,-0.0275240120406929,-0.0315349017370357,-0.0271243531357963
0.0451240013404678,-0.00573774114434518,0.118380374006918,-0.00833388955325013,0.0598031245921139,-0.0123576197888492,-0.0208668361756463,-0.00159048910338447,-0.000941490682170544,-0.0237816949233145,-0.0224658874150532
0.0503345937805527,0.00433386712352844,0.140394268261706,-0.00580363969777796,0.0400525068719008,-0.0274609296570047,-0.0183393145028686,-0.00680605506341111,0.0209966111357719,-0.0121910793119911,-0.0191627903014416
0.0602278759695111,0.0168291144825671,0.148474292249162,-0.00812253671750541,0.0228992159236215,-0.036766394554325,-0.0212116870858535,-0.00774458143812862,0.0359446617292091,-0.00648067153953833,-0.0211661129550063
0.0571751339911509,0.0145511621238221,0.150241856632153,-0.00249796184661502,-0.0003248331856713,-0.0342463980110096,-0.0177011548502793,-0.0113031488649421,0.0354964720751885,0.00104237239001038,-0.0153560681471572
-0.0245470866812705,-0.0266759237495865,0.00914507128297506,0.185527459597478,0.0198904645851217,0.000595871597660136,-0.0236876281872624,0.00409416332501001,0.0582059114720504,0.0340505665767538,0.00446500334012767
-0.0230381120019407,-0.020736543829507,-0.00280761922851633,0.180545602221506,0.0181792802507346,-0.00955223354456699,-0.0243852164497076,0.00263925783159511,0.0518181318930013,0.0419719884520557,-0.00268064887068756
-0.00806307120095858,-0.00928676735975243,-0.0199861388464588,0.170255300172873,0.013748620530896,-0.0184504220908515,-0.0151724259718586,-0.0029135768343172,0.0391933877336061,0.0490962827799721,-0.0157385020889647
-0.00144244837831598,-0.00776927664503771,-0.0336218873601652,0.146291969844047,0.00257710693827828,-0.035762711632693,-0.016297391090867,-0.00471058677061861,0.015558626551551,0.057435091847675,-0.010085918460123
0.0123811590749418,0.00525402062974753,-0.0510965232403785,0.110467577409945,-0.0135147860932128,-0.0437557761408408,-0.023175883807552,-0.00299927700501497,-0.0203796967339568,0.0674417436356434,-0.0144061132246185
0.0239774753694981,0.0111398470123205,-0.0699766063972472,0.0742836215590015,-0.0188267043935917,-0.0421099815429827,-0.0154433204005682,-0.0138061454241933,-0.0674002350678438,0.0669725994407156,-0.0167720284215509
0.0328311735988334,0.00556615907466488,-0.0804443928085611,0.0419793759431796,-0.0206409747235808,-0.0324580798112247,-0.00452641399563893,-0.0201472387335089,-0.107510763674895,0.0622773084620625,-0.0248788782391805
0.0319134970374691,-0.00362274852408136,-0.0780815513959897,0.0172615937877202,-0.0143249472985965,-0.0210131857300076,0.00385365256979557,-0.0223176920769122,-0.137523663551388,0.0539662093162362,-0.0242943486254769
0.025686583010107,-0.00840742398762817,-0.0613483032897649,0.00343909088617052,0.00491170716476542,-0.00537087798714957,0.00329629816806016,-0.0157106499676885,-0.157085122284918,0.0405086105896917,-0.0212562364485364
0.0177682970897824,-0.0146380547198143,-0.0392877144969484,-0.00494990950264703,0.0223469050802476,0.00674414537816898,0.00270709566816329,-0.00725329004600342,-0.160052539041284,0.0283416694876813,-0.0216455271557401
0.0111189583503057,-0.021463570989243,-0.00972670534604133,-0.0117224316772652,0.0427865261878847,0.0214032255952627,-0.00969191091325724,0.00495653396678288,-0.14934788264128,0.00931887947337684,-0.0196390906517963
0.0116522538524081,-0.0286536356084204,0.0188819656098616,-0.0135283342505918,0.0498898688655133,0.0254360205783013,-0.0104943878882657,0.00626546321533334,-0.134042110404568,0.00168384838642788,-0.0150669151977359
0.012476729844528,-0.0280697860127481,0.0540153622858432,-0.0152059255963071,0.0484602317243642,0.0220820123845115,-0.00678356255287489,0.0045301620003325,-0.112993480822061,-2.5917803725203e-05,-0.0161831775282333
0.0134191271346384,-0.0233812610316953,0.0916939735324918,-0.0147913030286819,0.0540526073301562,0.013040332163784,-0.00997994845675885,0.00797416483838169,-0.0819969195724563,-0.000363786534372527,-0.014910221365495
0.0225407532651939,-0.0146897640834191,0.123967892106084,-0.0189374008026578,0.0446966302129152,0.00104661723905942,-0.0193507029837783,0.0117950878366293,-0.0536696291204312,0.00197173285959861,-0.014861750913598
0.0281366183933606,-0.00851341395214513,0.153336438772458,-0.0170631180088865,0.036353393176054,-0.0108709962200128,-0.0186744319668304,0.00826723258436156,-0.017652527859164,0.00779230225955959,-0.0158304019406967
0.0277035539621837,0.00231853250256376,0.178186922737835,-0.0064251273224608,0.0219934061948689,-0.0225132764602601,-0.0180013911594028,0.00128330940385761,0.00516348320756337,0.014732227966187,-0.0121569275001502
0.0292370250790794,0.0111839344839368,0.184005645707345,-0.00292538097262451,0.00811960110649632,-0.0362784918405392,-0.0237714866341547,-0.000179897279203568,0.0221128589892178,0.0165029820009092,-0.00721497378818588
0.0248620958358799,0.0104828478219643,0.177667949930184,0.0119270572658695,-0.000268434267819084,-0.0392281781742834,-0.0256849065896307,0.00158682131453635,0.0269605127005353,0.0125118681839109,-0.00522607875758811
-0.0351579039636538,-0.0239109583794165,0.0162821908702954,0.187850771281496,0.0100793915440036,-0.000442487380659204,-0.0196224427005153,0.00226238829910335,0.0280255394415027,0.0358571547356704,0.00238900837705038
-0.0347741961646666,-0.0222083132942902,0.00864539266579344,0.183938387594575,0.00845712641150854,-0.0126295123796017,-0.0238615128386017,0.00310066554416594,0.0258090576330148,0.0428173627586948,0.00365149577198969
-0.0296301102120329,-0.0227909311150211,-0.0041838746679677,0.175428811769814,-0.00538264473792555,-0.0168069976270537,-0.016945458693475,-0.00693788691929059,0.00924608949576256,0.0515505478780473,0.00105640615839993
-0.021075313415859,-0.0135289737585992,-0.0164515508689447,0.155707360922017,-0.0156597623147734,-0.0258459672845729,-0.0160390976191675,-0.0115673817015192,-0.0132197030843342,0.0573346004551348,-0.00466334361473979
-0.00688249872180726,-0.00453510472723034,-0.0269891110145558,0.120744400474759,-0.0262974351606274,-0.0315435005650027,-0.0130458438601859,-0.0188953726735475,-0.0482796612847906,0.0655564227615932,-0.00491158770335955
0.0109429322272024,0.00765932485464148,-0.0473281906238722,0.0866488877691889,-0.030321195188912,-0.0385946603671716,-0.00642684414820078,-0.0249959075504398,-0.0832058569176722,0.0703529053011306,-0.00900163645893651
0.0234510102657513,-0.000490450570537841,-0.0533382543226351,0.0560642979786103,-0.0377670041587871,-0.0282761349657302,0.0066826592909106,-0.0319758754936571,-0.118278676459713,0.0658461677674179,-0.0157007546445711
0.0214857720232857,-0.00887056016986204,-0.0496683468835508,0.0277159669750225,-0.0333995089119653,-0.0136561537850595,0.00620946240180594,-0.0267173921762971,-0.156486170241712,0.0623500808861596,-0.0129173536883144
0.00926594262752561,-0.0183113607816933,-0.0337337783520981,0.0129744657917588,-0.0193501129521476,-0.000792143820703806,0.00609175752440808,-0.0154951040183897,-0.170448385003035,0.0517984119683303,-0.0148274923027648
0.00638242633016551,-0.0178331563682566,-0.0137889830464107,0.000456454750649536,-0.00718070553959116,0.00842440089133777,0.00693382259134365,-0.00868351740717271,-0.174965073848116,0.0485273991078127,-0.0125247002462956
-0.00519500487642201,-0.0261063530979018,0.0185857598515069,-0.00767891133086346,0.00153206906261957,0.0183674063818288,-0.00603751266550524,0.0026330798496031,-0.170244659089407,0.0389006876223611,-0.00597587720101176
-0.00506782718337832,-0.0334670054023168,0.048115403775997,-0.00989551411472004,0.0150971055195298,0.0257307535673796,-0.00730438908426276,0.0108727845745781,-0.153972487714257,0.0295220395788457,-0.00633657673248536
-0.00416678803200477,-0.035537038989798,0.0788634737898477,-0.0143757308588248,0.0156989622489293,0.0251189092910526,-0.00302643011286775,0.0116289423964571,-0.137024930619495,0.027976731504113,-0.0083898724932985
-0.00834942379271516,-0.0310396689374267,0.120328656129643,-0.0134788338242866,0.0171663335462108,0.0124589792007706,-0.00905480595074937,0.0141900887368281,-0.107843257869044,0.0288801804270189,-0.000519190763778708
-0.00434438646324023,-0.0228511506274558,0.155529197512048,-0.0201914831571595,0.0174686394319777,0.00368900316130059,-0.00687651917232469,0.014548976613128,-0.0755780981310413,0.0324928263280092,-0.00106850480735294
-0.000122963517991308,-0.0143226548824395,0.18361781954776,-0.0161130553893661,0.009970860177507,-0.00698197075656721,-0.00758585239764274,0.00755019774511843,-0.0412604213282881,0.0390272361297086,-0.00453528124974917
0.00416389123147529,-0.00036989454894346,0.198314435735759,0.000350014488628643,0.00646754848825786,-0.0233942937176901,-0.0210661055580606,0.0105638312399184,-0.00730607480452883,0.0339044780749802,-0.00162884366781338
0.0062044700079176,0.00364743848587593,0.20317560867484,0.00916414489490543,-0.000424474017399621,-0.0355745892728559,-0.0255402999038637,0.00854722607503589,0.0108507216408135,0.0288758129474535,0.000771655183951834
0.00387274161612778,0.0115405060780561,0.19843676323463,0.0157968711336342,-0.0115542088310287,-0.0449261909778635,-0.0216262151710132,0.00238413514246528,0.0124437991128854,0.0336154549882942,7.38398855221756e-05
-0.0416598162521402,-0.0373254942468234,0.0273612655846072,0.177178228749664,-0.00806665323042009,0.00495683162477777,-0.0158008670309534,-0.00215784311406613,0.00309948856064878,0.0389869633094408,0.011292659851962
-0.0435818452736234,-0.0364570342938049,0.0209629486312483,0.174258469374763,-0.00769302378534114,-0.00210923587487952,-0.015732891712318,-0.00478414200670663,-0.0053590716359339,0.0468824392212408,0.00994441153845548
-0.0355397224417952,-0.0278179348729571,0.00874165518916273,0.162723935316449,-0.0230758800771214,-0.013525978926344,-0.0124125342279984,-0.010834316953763,-0.0231858219062202,0.0553432941806095,0.00430766432393868
-0.0237872580493233,-0.0223315611688332,0.000637589462573514,0.147400333812553,-0.028934180369058,-0.0174777603153963,-0.00575200705683508,-0.021235223824295,-0.0370779769368458,0.06103421459371,0.00240753190918758
-0.00514648588969479,-0.0104280839866591,-0.0107362072063567,0.121683313486237,-0.0399690296530942,-0.018204507102539,-0.00432797899702569,-0.0239676592716536,-0.0711335379089593,0.0642079810391854,-0.00531040269780219
0.00104412133786993,-0.0110513369370858,-0.0207229680773276,0.0950795151955906,-0.0485948119049859,-0.027610886679486,0.00133108596070897,-0.0311253603262514,-0.0961214515836939,0.0701074151953684,-0.00258999160897371
0.0115217929819343,-0.0119434565307087,-0.018243309657395,0.0640928821424133,-0.0496399929206282,-0.0222942748740469,0.00808468848838093,-0.0342522414682188,-0.119887760453952,0.0710607565456545,-0.00414105186921164
0.00663419006077917,-0.0225214739393866,-0.0130541162672419,0.0413629070049881,-0.0438535881535886,-0.0107480402021963,0.012635411931128,-0.0282750410534125,-0.147812807950861,0.0681853297424957,-0.00351771413003469
0.000831086539680299,-0.0206799251980366,0.00188119004390919,0.0235718664616031,-0.0356456675656301,-0.00728009793299829,0.0106795727198447,-0.0207829171464457,-0.155405016156993,0.0677712872355913,-0.00500548261448681
-0.00653820052457553,-0.0193442136460038,0.0195693927816867,0.0074797640146912,-0.0309396327683478,-0.00459666897940901,0.00792346703475455,-0.015078760571127,-0.164031040125663,0.0663137496633251,-0.00157945659181785
-0.011561096665296,-0.0283904540614693,0.038454254455156,0.00242994548149933,-0.0260142344034628,0.00454412864238777,-0.000375246384621567,-0.00601785353686754,-0.164008757955087,0.0584052042406421,0.0030423914178757
-0.0148284268954379,-0.0340279403689732,0.0693882948930351,-0.00601154466993517,-0.0151894662185923,0.0170843380988565,-0.00418799113040399,0.00145079314769421,-0.160312172802145,0.0499545174258659,0.00423095941593048
-0.0218965636487789,-0.0401061751425192,0.10099233169808,-0.00881155439388188,-0.0075809393194998,0.0167005192579026,-0.00827417315661986,0.0147848776003828,-0.139704613080366,0.0457463682472038,0.00213352664936539
-0.0192330244593162,-0.028931448095075,0.131155348704878,-0.00824225413204956,-0.00462482441112326,0.00817649216247585,-0.00703302078013305,0.0152838046119212,-0.114177372762762,0.0459892020779015,0.00346665451693095
-0.0203668268162392,-0.0250502439018618,0.163017011283039,-0.00264443918375324,0.000994495974171158,-0.000222912091188401,-0.00314787514150253,0.0134923226732769,-0.0792218644769352,0.0479740468289874,0.00685283689987726
-0.0203006648338131,-0.0161043993002452,0.188557075846513,0.00385992578555627,-0.000929867533302152,-0.0129298239147724,-0.00798305142732319,0.012163923561086,-0.0453877654927691,0.048534509880669,0.00668125480424102
-0.0105904570457662,-0.00202112331450069,0.205724464167481,0.00568868394866092,-0.00432632002062502,-0.0238051903622909,-0.0148422984406954,0.0130986973195873,-0.0209791690009877,0.0494193520570211,0.00583305531113258
-0.0114580666255999,0.0046766114563324,0.208680094484908,0.0101245286388782,-0.0166930087981997,-0.0385974852661147,-0.0172742771935333,0.00962307499856141,-0.00641672467433935,0.0491080472468359,0.00415354574735528
-0.0126960962134395,0.00801213908318056,0.200889566793181,0.0168290100489144,-0.0263176361159098,-0.0460366202810868,-0.0155015320560577,0.0015937282535098,-0.00198016054158982,0.0470264068276959,0.00429544333889893
